tab	pmag_specimens
er_specimen_name	measurement_step_min	measurement_step_max	specimen_lab_field_dc_uT	specimen_int_corr_anisotropy	specimen_int_corr_nlt	specimen_int_corr_cooling_rate	specimen_int_uT	specimen_int_n	specimen_frac	specimen_int_ptrm_n	specimen_b_beta	specimen_int_mad	specimen_int_dang	specimen_scat
AX10-2a	0	550	30	1.00	-1.00	-	82.4	1.300e+01	6.446e-01	5.000e+00	9.349e-02	9.538e+00	4.681e+00	t
AX10-2a	0	555	30	1.00	-1.00	-	78.7	1.400e+01	6.694e-01	6.000e+00	8.458e-02	9.177e+00	3.956e+00	t
AX10-2a	0	560	30	1.00	-1.00	-	77.9	1.500e+01	7.320e-01	6.000e+00	7.324e-02	8.386e+00	3.751e+00	t
AX10-2a	100	550	30	1.00	-1.00	-	85.7	1.200e+01	6.220e-01	5.000e+00	1.075e-01	9.644e+00	4.431e+00	t
AX10-2a	100	555	30	1.00	-1.00	-	80.7	1.300e+01	6.468e-01	6.000e+00	9.721e-02	9.192e+00	4.126e+00	t
AX10-2a	100	560	30	1.00	-1.00	-	79.5	1.400e+01	7.094e-01	6.000e+00	8.338e-02	8.313e+00	4.072e+00	t
AX10-2a	100	562	30	1.00	-1.00	-	70.2	1.500e+01	7.165e-01	7.000e+00	9.279e-02	7.720e+00	3.934e+00	t
AX10-2a	100	564	30	1.00	-1.00	-	68.0	1.600e+01	7.831e-01	7.000e+00	8.165e-02	7.076e+00	3.609e+00	t
AX10-2a	200	560	30	1.00	-1.00	-	80.1	1.300e+01	6.503e-01	6.000e+00	9.988e-02	8.920e+00	4.631e+00	t
AX10-2a	200	562	30	1.00	-1.00	-	69.0	1.400e+01	6.574e-01	7.000e+00	1.083e-01	8.214e+00	4.494e+00	t
AX10-2a	200	564	30	1.00	-1.00	-	66.7	1.500e+01	7.240e-01	7.000e+00	9.361e-02	7.501e+00	3.986e+00	t
AX10-2a	300	564	30	1.00	-1.00	-	60.9	1.400e+01	6.508e-01	7.000e+00	8.681e-02	8.280e+00	3.436e+00	t
AX10-2a	300	566	30	1.00	-1.00	-	56.6	1.500e+01	6.562e-01	8.000e+00	8.280e-02	7.620e+00	3.173e+00	t
AX10-2a	300	570	30	1.00	-1.00	-	55.5	1.600e+01	7.824e-01	8.000e+00	6.875e-02	6.627e+00	2.843e+00	t
AX10-2a	300	575	30	1.00	-1.00	-	54.1	1.700e+01	8.075e-01	9.000e+00	5.968e-02	5.994e+00	2.364e+00	t
AX10-2a	300	580	30	1.00	-1.00	-	52.9	1.800e+01	8.218e-01	9.000e+00	5.362e-02	5.522e+00	2.088e+00	t
AX10-2a	400	570	30	1.00	-1.00	-	51.4	1.500e+01	6.556e-01	8.000e+00	5.890e-02	6.581e+00	3.245e+00	t
AX10-2a	400	575	30	1.00	-1.00	-	50.7	1.600e+01	6.806e-01	9.000e+00	4.991e-02	5.905e+00	2.614e+00	t
AX10-2a	400	580	30	1.00	-1.00	-	49.8	1.700e+01	6.950e-01	9.000e+00	4.417e-02	5.414e+00	2.244e+00	t
AX10-2a	400	585	30	1.00	-1.00	-	48.5	1.800e+01	7.036e-01	1.000e+01	4.168e-02	5.041e+00	2.044e+00	t
AX10-2a	425	570	30	1.00	-1.00	-	51.3	1.400e+01	6.215e-01	8.000e+00	6.641e-02	7.072e+00	3.103e+00	t
AX10-2a	425	575	30	1.00	-1.00	-	50.5	1.500e+01	6.465e-01	9.000e+00	5.563e-02	6.278e+00	2.472e+00	t
AX10-2a	425	580	30	1.00	-1.00	-	49.6	1.600e+01	6.609e-01	9.000e+00	4.881e-02	5.720e+00	2.116e+00	t
AX10-2a	425	585	30	1.00	-1.00	-	48.2	1.700e+01	6.695e-01	1.000e+01	4.570e-02	5.305e+00	1.934e+00	t
AX10-2a	450	580	30	1.00	-1.00	-	47.8	1.500e+01	6.109e-01	9.000e+00	4.550e-02	5.736e+00	2.475e+00	t
AX10-2a	450	585	30	1.00	-1.00	-	46.6	1.600e+01	6.195e-01	1.000e+01	4.252e-02	5.318e+00	2.235e+00	t
AX10-3a	400	570	30	1.00	-1.00	-	51.9	1.500e+01	6.526e-01	8.000e+00	5.821e-02	5.182e+00	2.841e+00	t
AX10-3a	400	575	30	1.00	-1.00	-	50.7	1.600e+01	6.823e-01	9.000e+00	4.874e-02	4.609e+00	2.194e+00	t
AX10-3a	400	580	30	1.00	-1.00	-	50.1	1.700e+01	7.029e-01	9.000e+00	4.216e-02	4.169e+00	1.898e+00	t
AX10-3a	400	585	30	1.00	-1.00	-	48.9	1.800e+01	7.156e-01	1.000e+01	3.892e-02	3.870e+00	1.636e+00	t
AX10-3a	425	570	30	1.00	-1.00	-	50.5	1.400e+01	6.319e-01	8.000e+00	6.006e-02	5.509e+00	2.725e+00	t
AX10-3a	425	575	30	1.00	-1.00	-	49.5	1.500e+01	6.616e-01	9.000e+00	4.955e-02	4.842e+00	2.081e+00	t
AX10-3a	425	580	30	1.00	-1.00	-	49.1	1.600e+01	6.822e-01	9.000e+00	4.250e-02	4.352e+00	1.806e+00	t
AX10-3a	425	585	30	1.00	-1.00	-	48.0	1.700e+01	6.949e-01	1.000e+01	3.898e-02	4.021e+00	1.557e+00	t
AX10-3a	450	575	30	1.00	-1.00	-	48.0	1.400e+01	6.167e-01	9.000e+00	4.826e-02	4.599e+00	1.808e+00	t
AX10-3a	450	580	30	1.00	-1.00	-	47.8	1.500e+01	6.373e-01	9.000e+00	4.097e-02	4.095e+00	1.613e+00	t
AX10-3a	450	585	30	1.00	-1.00	-	46.8	1.600e+01	6.500e-01	1.000e+01	3.734e-02	3.763e+00	1.413e+00	t
AX10-3a	475	580	30	1.00	-1.00	-	47.6	1.400e+01	6.150e-01	9.000e+00	4.565e-02	3.751e+00	1.746e+00	t
AX10-3a	475	585	30	1.00	-1.00	-	46.6	1.500e+01	6.278e-01	1.000e+01	4.128e-02	3.447e+00	1.543e+00	t
AX11-4a	450	585	30	1.00	-1.00	-	79.2	1.600e+01	7.630e-01	1.000e+01	6.701e-02	1.550e+00	2.634e+00	t
AX11-4a	475	560	30	1.00	-1.00	-	80.6	8.000e+00	6.230e-01	6.000e+00	1.189e-01	2.039e+00	2.642e+00	t
AX11-4a	475	562	30	1.00	-1.00	-	74.0	9.000e+00	6.277e-01	7.000e+00	1.068e-01	1.841e+00	2.968e+00	t
AX11-4a	475	564	30	1.00	-1.00	-	75.1	1.000e+01	6.741e-01	7.000e+00	9.138e-02	1.683e+00	3.023e+00	t
AX11-4a	475	566	30	1.00	-1.00	-	73.9	1.100e+01	6.766e-01	8.000e+00	8.060e-02	1.567e+00	3.216e+00	t
AX11-4a	475	570	30	1.00	-1.00	-	74.5	1.200e+01	7.229e-01	8.000e+00	7.181e-02	1.595e+00	3.081e+00	t
AX11-4a	475	575	30	1.00	-1.00	-	74.1	1.300e+01	7.284e-01	9.000e+00	6.486e-02	1.555e+00	3.089e+00	t
AX11-4a	475	580	30	1.00	-1.00	-	74.3	1.400e+01	7.404e-01	9.000e+00	5.946e-02	1.567e+00	3.025e+00	t
AX11-4a	475	585	30	1.00	-1.00	-	74.3	1.500e+01	7.436e-01	1.000e+01	5.505e-02	1.572e+00	2.985e+00	t
AX11-4a	500	564	30	1.00	-1.00	-	73.8	9.000e+00	6.151e-01	7.000e+00	1.112e-01	1.559e+00	3.184e+00	t
AX11-4a	500	566	30	1.00	-1.00	-	72.6	1.000e+01	6.176e-01	8.000e+00	9.706e-02	1.454e+00	3.425e+00	t
AX11-4a	500	570	30	1.00	-1.00	-	73.3	1.100e+01	6.639e-01	8.000e+00	8.598e-02	1.529e+00	3.274e+00	t
AX11-4a	500	575	30	1.00	-1.00	-	73.0	1.200e+01	6.694e-01	9.000e+00	7.716e-02	1.499e+00	3.297e+00	t
AX11-4a	500	580	30	1.00	-1.00	-	73.2	1.300e+01	6.814e-01	9.000e+00	7.048e-02	1.528e+00	3.233e+00	t
AX11-4a	500	585	30	1.00	-1.00	-	73.3	1.400e+01	6.846e-01	1.000e+01	6.503e-02	1.545e+00	3.196e+00	t
AX11-4a	520	570	30	1.00	-1.00	-	76.7	1.000e+01	6.062e-01	8.000e+00	1.085e-01	1.403e+00	4.176e+00	t
AX11-4a	520	575	30	1.00	-1.00	-	76.0	1.100e+01	6.116e-01	9.000e+00	9.662e-02	1.448e+00	4.163e+00	t
AX11-4a	520	580	30	1.00	-1.00	-	76.2	1.200e+01	6.236e-01	9.000e+00	8.754e-02	1.565e+00	4.054e+00	t
AX11-4a	520	585	30	1.00	-1.00	-	76.1	1.300e+01	6.269e-01	1.000e+01	8.031e-02	1.636e+00	3.987e+00	t
AX11-5a	0	564	30	1.00	-1.00	-	76.4	1.700e+01	8.791e-01	7.000e+00	4.364e-02	4.349e+00	1.089e+00	t
AX11-5a	0	566	30	1.00	-1.00	-	75.8	1.800e+01	8.816e-01	8.000e+00	3.912e-02	4.042e+00	8.811e-01	t
AX11-5a	0	570	30	1.00	-1.00	-	76.0	1.900e+01	9.280e-01	8.000e+00	3.532e-02	3.773e+00	7.142e-01	t
AX11-5a	0	575	30	1.00	-1.00	-	75.7	2.000e+01	9.316e-01	9.000e+00	3.236e-02	3.566e+00	6.133e-01	t
AX11-5a	0	580	30	1.00	-1.00	-	75.8	2.100e+01	9.472e-01	9.000e+00	2.992e-02	3.390e+00	5.796e-01	t
AX11-5a	0	585	30	1.00	-1.00	-	75.7	2.200e+01	9.507e-01	1.000e+01	2.792e-02	3.251e+00	5.299e-01	t
AX11-5a	100	560	30	1.00	-1.00	-	79.5	1.400e+01	8.024e-01	6.000e+00	5.760e-02	4.528e+00	1.766e+00	t
AX11-5a	100	562	30	1.00	-1.00	-	75.5	1.500e+01	8.067e-01	7.000e+00	5.342e-02	4.072e+00	1.331e+00	t
AX11-5a	100	564	30	1.00	-1.00	-	76.4	1.600e+01	8.573e-01	7.000e+00	4.698e-02	3.721e+00	9.778e-01	t
AX11-5a	100	566	30	1.00	-1.00	-	75.8	1.700e+01	8.598e-01	8.000e+00	4.202e-02	3.462e+00	7.967e-01	t
AX11-5a	100	570	30	1.00	-1.00	-	76.0	1.800e+01	9.062e-01	8.000e+00	3.787e-02	3.232e+00	6.776e-01	t
AX11-5a	100	575	30	1.00	-1.00	-	75.8	1.900e+01	9.098e-01	9.000e+00	3.465e-02	3.055e+00	5.981e-01	t
AX11-5a	100	580	30	1.00	-1.00	-	75.8	2.000e+01	9.254e-01	9.000e+00	3.200e-02	2.905e+00	5.859e-01	t
AX11-5a	100	585	30	1.00	-1.00	-	75.7	2.100e+01	9.289e-01	1.000e+01	2.984e-02	2.787e+00	5.516e-01	t
AX11-5a	200	555	30	1.00	-1.00	-	76.4	1.200e+01	6.526e-01	6.000e+00	7.680e-02	4.881e+00	2.724e+00	t
AX11-5a	200	560	30	1.00	-1.00	-	79.2	1.300e+01	7.625e-01	6.000e+00	6.297e-02	4.199e+00	1.797e+00	t
AX11-5a	200	562	30	1.00	-1.00	-	75.0	1.400e+01	7.668e-01	7.000e+00	5.788e-02	3.786e+00	1.361e+00	t
AX11-5a	200	564	30	1.00	-1.00	-	76.1	1.500e+01	8.174e-01	7.000e+00	5.080e-02	3.463e+00	1.034e+00	t
AX11-5a	200	566	30	1.00	-1.00	-	75.4	1.600e+01	8.199e-01	8.000e+00	4.530e-02	3.225e+00	8.682e-01	t
AX11-5a	200	570	30	1.00	-1.00	-	75.7	1.700e+01	8.663e-01	8.000e+00	4.075e-02	3.010e+00	7.771e-01	t
AX11-5a	200	575	30	1.00	-1.00	-	75.4	1.800e+01	8.699e-01	9.000e+00	3.721e-02	2.848e+00	7.055e-01	t
AX11-5a	200	580	30	1.00	-1.00	-	75.5	1.900e+01	8.856e-01	9.000e+00	3.432e-02	2.708e+00	6.956e-01	t
AX11-5a	200	585	30	1.00	-1.00	-	75.4	2.000e+01	8.891e-01	1.000e+01	3.196e-02	2.600e+00	6.653e-01	t
AX11-5a	300	555	30	1.00	-1.00	-	74.7	1.100e+01	6.209e-01	6.000e+00	8.184e-02	5.178e+00	2.667e+00	t
AX11-5a	300	560	30	1.00	-1.00	-	77.9	1.200e+01	7.309e-01	6.000e+00	6.731e-02	4.406e+00	1.714e+00	t
AX11-5a	300	562	30	1.00	-1.00	-	73.8	1.300e+01	7.352e-01	7.000e+00	6.124e-02	3.957e+00	1.275e+00	t
AX11-5a	300	564	30	1.00	-1.00	-	75.0	1.400e+01	7.858e-01	7.000e+00	5.378e-02	3.608e+00	9.485e-01	t
AX11-5a	300	566	30	1.00	-1.00	-	74.4	1.500e+01	7.883e-01	8.000e+00	4.777e-02	3.357e+00	7.885e-01	t
AX11-5a	300	570	30	1.00	-1.00	-	74.8	1.600e+01	8.347e-01	8.000e+00	4.292e-02	3.129e+00	7.107e-01	t
AX11-5a	300	575	30	1.00	-1.00	-	74.5	1.700e+01	8.383e-01	9.000e+00	3.910e-02	2.959e+00	6.476e-01	t
AX11-5a	300	580	30	1.00	-1.00	-	74.6	1.800e+01	8.539e-01	9.000e+00	3.602e-02	2.814e+00	6.470e-01	t
AX11-5a	300	585	30	1.00	-1.00	-	74.5	1.900e+01	8.574e-01	1.000e+01	3.350e-02	2.701e+00	6.232e-01	t
AX11-5a	400	560	30	1.00	-1.00	-	76.7	1.100e+01	6.735e-01	6.000e+00	7.434e-02	3.863e+00	1.553e+00	t
AX11-5a	400	562	30	1.00	-1.00	-	72.6	1.200e+01	6.777e-01	7.000e+00	6.667e-02	3.464e+00	1.175e+00	t
AX11-5a	400	564	30	1.00	-1.00	-	74.0	1.300e+01	7.284e-01	7.000e+00	5.852e-02	3.150e+00	9.549e-01	t
AX11-5a	400	566	30	1.00	-1.00	-	73.4	1.400e+01	7.309e-01	8.000e+00	5.173e-02	2.928e+00	8.493e-01	t
AX11-5a	400	570	30	1.00	-1.00	-	73.9	1.500e+01	7.773e-01	8.000e+00	4.640e-02	2.724e+00	8.271e-01	t
AX11-5a	400	575	30	1.00	-1.00	-	73.7	1.600e+01	7.808e-01	9.000e+00	4.215e-02	2.576e+00	7.826e-01	t
AX11-5a	400	580	30	1.00	-1.00	-	73.8	1.700e+01	7.965e-01	9.000e+00	3.877e-02	2.451e+00	7.769e-01	t
AX11-5a	400	585	30	1.00	-1.00	-	73.8	1.800e+01	8.000e-01	1.000e+01	3.599e-02	2.354e+00	7.598e-01	t
AX11-5a	425	560	30	1.00	-1.00	-	77.7	1.000e+01	6.429e-01	6.000e+00	8.382e-02	3.367e+00	1.552e+00	t
AX11-5a	425	562	30	1.00	-1.00	-	73.0	1.100e+01	6.471e-01	7.000e+00	7.498e-02	3.030e+00	1.228e+00	t
AX11-5a	425	564	30	1.00	-1.00	-	74.4	1.200e+01	6.978e-01	7.000e+00	6.540e-02	2.755e+00	1.089e+00	t
AX11-5a	425	566	30	1.00	-1.00	-	73.9	1.300e+01	7.003e-01	8.000e+00	5.763e-02	2.565e+00	1.015e+00	t
AX11-5a	425	570	30	1.00	-1.00	-	74.3	1.400e+01	7.467e-01	8.000e+00	5.150e-02	2.385e+00	1.012e+00	t
AX11-5a	425	575	30	1.00	-1.00	-	74.1	1.500e+01	7.503e-01	9.000e+00	4.666e-02	2.259e+00	9.695e-01	t
AX11-5a	425	580	30	1.00	-1.00	-	74.2	1.600e+01	7.659e-01	9.000e+00	4.283e-02	2.155e+00	9.484e-01	t
AX11-5a	425	585	30	1.00	-1.00	-	74.1	1.700e+01	7.694e-01	1.000e+01	3.970e-02	2.073e+00	9.294e-01	t
AX11-5a	450	560	30	1.00	-1.00	-	77.0	9.000e+00	6.118e-01	6.000e+00	9.673e-02	3.296e+00	1.222e+00	t
AX11-5a	450	562	30	1.00	-1.00	-	72.1	1.000e+01	6.160e-01	7.000e+00	8.515e-02	2.944e+00	9.793e-01	t
AX11-5a	450	564	30	1.00	-1.00	-	73.7	1.100e+01	6.666e-01	7.000e+00	7.401e-02	2.661e+00	9.419e-01	t
AX11-5a	450	566	30	1.00	-1.00	-	73.1	1.200e+01	6.692e-01	8.000e+00	6.487e-02	2.471e+00	9.192e-01	t
AX11-5a	450	570	30	1.00	-1.00	-	73.7	1.300e+01	7.155e-01	8.000e+00	5.779e-02	2.292e+00	9.532e-01	t
AX11-5a	450	575	30	1.00	-1.00	-	73.4	1.400e+01	7.191e-01	9.000e+00	5.218e-02	2.169e+00	9.304e-01	t
AX11-5a	450	580	30	1.00	-1.00	-	73.6	1.500e+01	7.348e-01	9.000e+00	4.779e-02	2.071e+00	9.086e-01	t
AX11-5a	450	585	30	1.00	-1.00	-	73.6	1.600e+01	7.383e-01	1.000e+01	4.420e-02	1.992e+00	8.986e-01	t
AX11-5a	475	562	30	1.00	-1.00	-	73.9	9.000e+00	6.003e-01	7.000e+00	9.971e-02	2.939e+00	7.900e-01	t
AX11-5a	475	564	30	1.00	-1.00	-	75.6	1.000e+01	6.509e-01	7.000e+00	8.550e-02	2.639e+00	8.801e-01	t
AX11-5a	475	566	30	1.00	-1.00	-	74.8	1.100e+01	6.535e-01	8.000e+00	7.458e-02	2.446e+00	9.091e-01	t
AX11-5a	475	570	30	1.00	-1.00	-	75.2	1.200e+01	6.998e-01	8.000e+00	6.593e-02	2.265e+00	9.674e-01	t
AX11-5a	475	575	30	1.00	-1.00	-	74.9	1.300e+01	7.034e-01	9.000e+00	5.932e-02	2.142e+00	9.578e-01	t
AX11-5a	475	580	30	1.00	-1.00	-	75.0	1.400e+01	7.191e-01	9.000e+00	5.409e-02	2.050e+00	9.240e-01	t
AX11-5a	475	585	30	1.00	-1.00	-	74.9	1.500e+01	7.226e-01	1.000e+01	4.990e-02	1.972e+00	9.184e-01	t
AX11-5a	500	570	30	1.00	-1.00	-	73.8	1.100e+01	6.342e-01	8.000e+00	7.774e-02	2.161e+00	9.562e-01	t
AX11-5a	500	575	30	1.00	-1.00	-	73.5	1.200e+01	6.378e-01	9.000e+00	6.947e-02	2.041e+00	9.580e-01	t
AX11-5a	500	580	30	1.00	-1.00	-	73.7	1.300e+01	6.535e-01	9.000e+00	6.311e-02	1.960e+00	8.946e-01	t
AX11-5a	500	585	30	1.00	-1.00	-	73.6	1.400e+01	6.570e-01	1.000e+01	5.799e-02	1.887e+00	8.903e-01	t
AX11-6a	0	555	30	1.00	-1.00	-	74.3	1.400e+01	6.510e-01	6.000e+00	7.842e-02	5.353e+00	8.853e-01	t
AX11-6a	0	560	30	1.00	-1.00	-	76.9	1.500e+01	7.390e-01	6.000e+00	6.679e-02	4.672e+00	3.204e-01	t
AX11-6a	0	562	30	1.00	-1.00	-	74.1	1.600e+01	7.415e-01	7.000e+00	5.939e-02	4.267e+00	5.704e-01	t
AX11-6a	0	564	30	1.00	-1.00	-	74.7	1.700e+01	7.814e-01	7.000e+00	5.253e-02	3.896e+00	7.874e-01	t
AX11-6a	0	566	30	1.00	-1.00	-	74.2	1.800e+01	7.844e-01	8.000e+00	4.734e-02	3.641e+00	9.973e-01	t
AX11-6a	0	570	30	1.00	-1.00	-	74.2	1.900e+01	8.419e-01	8.000e+00	4.267e-02	3.387e+00	1.111e+00	t
AX11-6a	0	575	30	1.00	-1.00	-	73.2	2.000e+01	8.489e-01	9.000e+00	3.963e-02	3.196e+00	1.102e+00	t
AX11-6a	0	580	30	1.00	-1.00	-	73.1	2.100e+01	8.795e-01	9.000e+00	3.650e-02	3.028e+00	1.087e+00	t
AX11-6a	0	585	30	1.00	-1.00	-	72.7	2.200e+01	8.834e-01	1.000e+01	3.411e-02	2.893e+00	1.136e+00	t
AX11-6a	100	555	30	1.00	-1.00	-	74.5	1.300e+01	6.397e-01	6.000e+00	8.588e-02	5.407e+00	1.002e+00	t
AX11-6a	100	560	30	1.00	-1.00	-	77.2	1.400e+01	7.277e-01	6.000e+00	7.268e-02	4.710e+00	5.835e-01	t
AX11-6a	100	562	30	1.00	-1.00	-	74.2	1.500e+01	7.302e-01	7.000e+00	6.441e-02	4.301e+00	7.973e-01	t
AX11-6a	100	564	30	1.00	-1.00	-	74.8	1.600e+01	7.701e-01	7.000e+00	5.681e-02	3.923e+00	9.852e-01	t
AX11-6a	100	566	30	1.00	-1.00	-	74.3	1.700e+01	7.731e-01	8.000e+00	5.109e-02	3.666e+00	1.185e+00	t
AX11-6a	100	570	30	1.00	-1.00	-	74.3	1.800e+01	8.306e-01	8.000e+00	4.596e-02	3.408e+00	1.292e+00	t
AX11-6a	100	575	30	1.00	-1.00	-	73.3	1.900e+01	8.376e-01	9.000e+00	4.261e-02	3.218e+00	1.275e+00	t
AX11-6a	100	580	30	1.00	-1.00	-	73.1	2.000e+01	8.682e-01	9.000e+00	3.918e-02	3.050e+00	1.250e+00	t
AX11-6a	100	585	30	1.00	-1.00	-	72.7	2.100e+01	8.721e-01	1.000e+01	3.657e-02	2.915e+00	1.295e+00	t
AX11-6a	200	555	30	1.00	-1.00	-	73.3	1.200e+01	6.043e-01	6.000e+00	9.354e-02	5.039e+00	1.375e+00	t
AX11-6a	200	560	30	1.00	-1.00	-	76.3	1.300e+01	6.923e-01	6.000e+00	7.902e-02	4.381e+00	1.151e+00	t
AX11-6a	200	562	30	1.00	-1.00	-	73.3	1.400e+01	6.948e-01	7.000e+00	6.946e-02	4.002e+00	1.329e+00	t
AX11-6a	200	564	30	1.00	-1.00	-	74.0	1.500e+01	7.347e-01	7.000e+00	6.114e-02	3.645e+00	1.452e+00	t
AX11-6a	200	566	30	1.00	-1.00	-	73.5	1.600e+01	7.377e-01	8.000e+00	5.481e-02	3.403e+00	1.616e+00	t
AX11-6a	200	570	30	1.00	-1.00	-	73.5	1.700e+01	7.953e-01	8.000e+00	4.919e-02	3.160e+00	1.691e+00	t
AX11-6a	200	575	30	1.00	-1.00	-	72.6	1.800e+01	8.022e-01	9.000e+00	4.545e-02	2.990e+00	1.648e+00	t
AX11-6a	200	580	30	1.00	-1.00	-	72.5	1.900e+01	8.328e-01	9.000e+00	4.171e-02	2.841e+00	1.597e+00	t
AX11-6a	200	585	30	1.00	-1.00	-	72.1	2.000e+01	8.367e-01	1.000e+01	3.885e-02	2.716e+00	1.626e+00	t
AX11-6a	300	560	30	1.00	-1.00	-	75.0	1.200e+01	6.704e-01	6.000e+00	8.625e-02	3.649e+00	1.645e+00	t
AX11-6a	300	562	30	1.00	-1.00	-	72.1	1.300e+01	6.728e-01	7.000e+00	7.510e-02	3.319e+00	1.912e+00	t
AX11-6a	300	564	30	1.00	-1.00	-	72.9	1.400e+01	7.128e-01	7.000e+00	6.598e-02	3.014e+00	2.003e+00	t
AX11-6a	300	566	30	1.00	-1.00	-	72.5	1.500e+01	7.158e-01	8.000e+00	5.893e-02	2.808e+00	2.149e+00	t
AX11-6a	300	570	30	1.00	-1.00	-	72.6	1.600e+01	7.733e-01	8.000e+00	5.275e-02	2.610e+00	2.177e+00	t
AX11-6a	300	575	30	1.00	-1.00	-	71.6	1.700e+01	7.802e-01	9.000e+00	4.854e-02	2.489e+00	2.092e+00	t
AX11-6a	300	580	30	1.00	-1.00	-	71.6	1.800e+01	8.108e-01	9.000e+00	4.445e-02	2.383e+00	2.007e+00	t
AX11-6a	300	585	30	1.00	-1.00	-	71.2	1.900e+01	8.148e-01	1.000e+01	4.129e-02	2.283e+00	2.018e+00	t
AX11-6a	400	562	30	1.00	-1.00	-	70.6	1.200e+01	6.020e-01	7.000e+00	8.212e-02	2.850e+00	2.519e+00	t
AX11-6a	400	564	30	1.00	-1.00	-	71.6	1.300e+01	6.419e-01	7.000e+00	7.200e-02	2.585e+00	2.557e+00	t
AX11-6a	400	566	30	1.00	-1.00	-	71.2	1.400e+01	6.449e-01	8.000e+00	6.403e-02	2.404e+00	2.677e+00	t
AX11-6a	400	570	30	1.00	-1.00	-	71.4	1.500e+01	7.024e-01	8.000e+00	5.714e-02	2.250e+00	2.656e+00	t
AX11-6a	400	575	30	1.00	-1.00	-	70.5	1.600e+01	7.094e-01	9.000e+00	5.232e-02	2.180e+00	2.529e+00	t
AX11-6a	400	580	30	1.00	-1.00	-	70.5	1.700e+01	7.400e-01	9.000e+00	4.778e-02	2.118e+00	2.407e+00	t
AX11-6a	400	585	30	1.00	-1.00	-	70.2	1.800e+01	7.439e-01	1.000e+01	4.426e-02	2.038e+00	2.400e+00	t
AX11-6a	425	564	30	1.00	-1.00	-	71.8	1.200e+01	6.295e-01	7.000e+00	8.093e-02	2.470e+00	2.637e+00	t
AX11-6a	425	566	30	1.00	-1.00	-	71.3	1.300e+01	6.325e-01	8.000e+00	7.172e-02	2.298e+00	2.771e+00	t
AX11-6a	425	570	30	1.00	-1.00	-	71.6	1.400e+01	6.900e-01	8.000e+00	6.377e-02	2.161e+00	2.745e+00	t
AX11-6a	425	575	30	1.00	-1.00	-	70.6	1.500e+01	6.969e-01	9.000e+00	5.822e-02	2.110e+00	2.606e+00	t
AX11-6a	425	580	30	1.00	-1.00	-	70.6	1.600e+01	7.276e-01	9.000e+00	5.303e-02	2.060e+00	2.478e+00	t
AX11-6a	425	585	30	1.00	-1.00	-	70.2	1.700e+01	7.315e-01	1.000e+01	4.902e-02	1.985e+00	2.473e+00	t
AX11-6a	450	570	30	1.00	-1.00	-	70.9	1.300e+01	6.560e-01	8.000e+00	7.208e-02	1.944e+00	3.084e+00	t
AX11-6a	450	575	30	1.00	-1.00	-	69.9	1.400e+01	6.629e-01	9.000e+00	6.547e-02	1.949e+00	2.909e+00	t
AX11-6a	450	580	30	1.00	-1.00	-	69.9	1.500e+01	6.935e-01	9.000e+00	5.944e-02	1.938e+00	2.751e+00	t
AX11-6a	450	585	30	1.00	-1.00	-	69.5	1.600e+01	6.975e-01	1.000e+01	5.477e-02	1.881e+00	2.734e+00	t
AX11-6a	475	570	30	1.00	-1.00	-	73.4	1.200e+01	6.405e-01	8.000e+00	8.214e-02	1.893e+00	3.522e+00	t
AX11-6a	475	575	30	1.00	-1.00	-	72.0	1.300e+01	6.474e-01	9.000e+00	7.457e-02	1.956e+00	3.300e+00	t
AX11-6a	475	580	30	1.00	-1.00	-	71.9	1.400e+01	6.780e-01	9.000e+00	6.735e-02	1.984e+00	3.103e+00	t
AX11-6a	475	585	30	1.00	-1.00	-	71.3	1.500e+01	6.820e-01	1.000e+01	6.192e-02	1.939e+00	3.069e+00	t
AX11-6a	500	580	30	1.00	-1.00	-	71.0	1.300e+01	6.204e-01	9.000e+00	8.064e-02	2.087e+00	3.277e+00	t
AX11-6a	500	585	30	1.00	-1.00	-	70.4	1.400e+01	6.244e-01	1.000e+01	7.366e-02	2.047e+00	3.228e+00	t
AX11-9a	0	560	30	1.00	-1.00	-	76.5	1.500e+01	6.704e-01	6.000e+00	6.550e-02	6.011e+00	8.062e-01	t
AX11-9a	0	562	30	1.00	-1.00	-	73.4	1.600e+01	6.741e-01	7.000e+00	5.865e-02	5.445e+00	6.514e-01	t
AX11-9a	0	564	30	1.00	-1.00	-	74.0	1.700e+01	7.172e-01	7.000e+00	5.161e-02	4.934e+00	8.205e-01	t
AX11-9a	0	566	30	1.00	-1.00	-	72.9	1.800e+01	7.297e-01	8.000e+00	4.677e-02	4.614e+00	9.423e-01	t
AX11-9a	0	570	30	1.00	-1.00	-	73.0	1.900e+01	7.982e-01	8.000e+00	4.181e-02	4.256e+00	1.079e+00	t
AX11-9a	0	575	30	1.00	-1.00	-	71.6	2.000e+01	8.045e-01	9.000e+00	3.929e-02	3.990e+00	1.110e+00	t
AX11-9a	0	580	30	1.00	-1.00	-	71.9	2.100e+01	8.472e-01	9.000e+00	3.599e-02	3.743e+00	1.120e+00	t
AX11-9a	0	585	30	1.00	-1.00	-	71.7	2.200e+01	8.514e-01	1.000e+01	3.326e-02	3.553e+00	1.114e+00	t
AX11-9a	100	560	30	1.00	-1.00	-	76.6	1.400e+01	6.624e-01	6.000e+00	7.167e-02	5.897e+00	1.261e+00	t
AX11-9a	100	562	30	1.00	-1.00	-	73.3	1.500e+01	6.661e-01	7.000e+00	6.385e-02	5.344e+00	1.132e+00	t
AX11-9a	100	564	30	1.00	-1.00	-	73.9	1.600e+01	7.092e-01	7.000e+00	5.601e-02	4.834e+00	1.242e+00	t
AX11-9a	100	566	30	1.00	-1.00	-	72.9	1.700e+01	7.217e-01	8.000e+00	5.062e-02	4.521e+00	1.342e+00	t
AX11-9a	100	570	30	1.00	-1.00	-	72.9	1.800e+01	7.903e-01	8.000e+00	4.513e-02	4.163e+00	1.443e+00	t
AX11-9a	100	575	30	1.00	-1.00	-	71.5	1.900e+01	7.965e-01	9.000e+00	4.229e-02	3.903e+00	1.448e+00	t
AX11-9a	100	580	30	1.00	-1.00	-	71.8	2.000e+01	8.392e-01	9.000e+00	3.866e-02	3.663e+00	1.430e+00	t
AX11-9a	100	585	30	1.00	-1.00	-	71.7	2.100e+01	8.434e-01	1.000e+01	3.568e-02	3.479e+00	1.404e+00	t
AX11-9a	200	560	30	1.00	-1.00	-	76.0	1.300e+01	6.155e-01	6.000e+00	7.907e-02	5.280e+00	2.216e+00	t
AX11-9a	200	562	30	1.00	-1.00	-	72.6	1.400e+01	6.192e-01	7.000e+00	6.974e-02	4.826e+00	1.959e+00	t
AX11-9a	200	564	30	1.00	-1.00	-	73.3	1.500e+01	6.623e-01	7.000e+00	6.098e-02	4.358e+00	1.968e+00	t
AX11-9a	200	566	30	1.00	-1.00	-	72.2	1.600e+01	6.748e-01	8.000e+00	5.486e-02	4.087e+00	1.998e+00	t
AX11-9a	200	570	30	1.00	-1.00	-	72.4	1.700e+01	7.433e-01	8.000e+00	4.876e-02	3.761e+00	2.026e+00	t
AX11-9a	200	575	30	1.00	-1.00	-	70.9	1.800e+01	7.496e-01	9.000e+00	4.547e-02	3.530e+00	1.987e+00	t
AX11-9a	200	580	30	1.00	-1.00	-	71.3	1.900e+01	7.923e-01	9.000e+00	4.150e-02	3.320e+00	1.922e+00	t
AX11-9a	200	585	30	1.00	-1.00	-	71.1	2.000e+01	7.965e-01	1.000e+01	3.822e-02	3.161e+00	1.859e+00	t
AX11-9a	300	564	30	1.00	-1.00	-	71.2	1.400e+01	6.406e-01	7.000e+00	6.141e-02	4.221e+00	2.182e+00	t
AX11-9a	300	566	30	1.00	-1.00	-	70.2	1.500e+01	6.531e-01	8.000e+00	5.496e-02	3.945e+00	2.268e+00	t
AX11-9a	300	570	30	1.00	-1.00	-	70.6	1.600e+01	7.216e-01	8.000e+00	4.875e-02	3.621e+00	2.286e+00	t
AX11-9a	300	575	30	1.00	-1.00	-	69.2	1.700e+01	7.279e-01	9.000e+00	4.528e-02	3.406e+00	2.214e+00	t
AX11-9a	300	580	30	1.00	-1.00	-	69.7	1.800e+01	7.706e-01	9.000e+00	4.135e-02	3.207e+00	2.125e+00	t
AX11-9a	300	585	30	1.00	-1.00	-	69.6	1.900e+01	7.748e-01	1.000e+01	3.799e-02	3.057e+00	2.052e+00	t
AX11-9a	400	570	30	1.00	-1.00	-	68.7	1.500e+01	6.496e-01	8.000e+00	5.005e-02	3.772e+00	2.522e+00	t
AX11-9a	400	575	30	1.00	-1.00	-	67.5	1.600e+01	6.559e-01	9.000e+00	4.619e-02	3.552e+00	2.419e+00	t
AX11-9a	400	580	30	1.00	-1.00	-	68.1	1.700e+01	6.986e-01	9.000e+00	4.224e-02	3.346e+00	2.304e+00	t
AX11-9a	400	585	30	1.00	-1.00	-	68.1	1.800e+01	7.028e-01	1.000e+01	3.872e-02	3.189e+00	2.219e+00	t
AX11-9a	425	570	30	1.00	-1.00	-	69.5	1.400e+01	6.434e-01	8.000e+00	5.535e-02	3.625e+00	2.621e+00	t
AX11-9a	425	575	30	1.00	-1.00	-	68.1	1.500e+01	6.496e-01	9.000e+00	5.105e-02	3.427e+00	2.492e+00	t
AX11-9a	425	580	30	1.00	-1.00	-	68.6	1.600e+01	6.923e-01	9.000e+00	4.649e-02	3.236e+00	2.360e+00	t
AX11-9a	425	585	30	1.00	-1.00	-	68.7	1.700e+01	6.965e-01	1.000e+01	4.250e-02	3.086e+00	2.272e+00	t
AX11-9a	450	570	30	1.00	-1.00	-	68.1	1.300e+01	6.035e-01	8.000e+00	6.011e-02	3.040e+00	2.992e+00	t
AX11-9a	450	575	30	1.00	-1.00	-	66.7	1.400e+01	6.098e-01	9.000e+00	5.502e-02	2.927e+00	2.790e+00	t
AX11-9a	450	580	30	1.00	-1.00	-	67.4	1.500e+01	6.525e-01	9.000e+00	5.011e-02	2.802e+00	2.601e+00	t
AX11-9a	450	585	30	1.00	-1.00	-	67.5	1.600e+01	6.567e-01	1.000e+01	4.570e-02	2.688e+00	2.493e+00	t
AX11-9a	475	580	30	1.00	-1.00	-	69.0	1.400e+01	6.272e-01	9.000e+00	5.589e-02	2.772e+00	2.630e+00	t
AX11-9a	475	585	30	1.00	-1.00	-	69.0	1.500e+01	6.315e-01	1.000e+01	5.072e-02	2.663e+00	2.512e+00	t
AX12-14a	475	585	30	1.00	-1.00	-	30.3	1.600e+01	7.544e-01	1.000e+01	6.428e-02	1.738e+00	5.505e-01	t
AX12-14a	500	585	30	1.00	-1.00	-	29.8	1.500e+01	7.339e-01	1.000e+01	6.750e-02	1.788e+00	5.787e-01	t
AX12-6a	425	564	30	1.00	-1.00	-	37.2	1.200e+01	6.873e-01	7.000e+00	7.987e-02	3.645e+00	2.047e+00	t
AX12-6a	450	564	30	1.00	-1.00	-	36.1	1.100e+01	6.519e-01	7.000e+00	8.276e-02	3.695e+00	1.877e+00	t
AX12-6a	475	564	30	1.00	-1.00	-	35.9	1.000e+01	6.446e-01	7.000e+00	9.337e-02	3.860e+00	1.866e+00	t
AX12-8a	400	562	30	1.00	-1.00	-	42.4	1.300e+01	7.956e-01	7.000e+00	6.357e-02	1.549e+00	2.313e+00	t
AX12-8a	450	562	30	1.00	-1.00	-	41.7	1.200e+01	7.759e-01	7.000e+00	6.747e-02	1.516e+00	2.425e+00	t
AX12-8a	475	559	30	1.00	-1.00	-	39.6	1.000e+01	6.452e-01	7.000e+00	8.193e-02	1.425e+00	2.917e+00	t
AX12-8a	475	562	30	1.00	-1.00	-	40.4	1.100e+01	7.331e-01	7.000e+00	6.794e-02	1.438e+00	2.557e+00	t
AX12-8a	475	565	30	1.00	-1.00	-	38.3	1.200e+01	7.529e-01	8.000e+00	6.382e-02	1.457e+00	2.288e+00	t
AX12-8a	475	570	30	1.00	-1.00	-	37.2	1.300e+01	7.868e-01	8.000e+00	5.816e-02	1.439e+00	2.122e+00	t
AX12-8a	500	559	30	1.00	-1.00	-	38.8	9.000e+00	6.351e-01	7.000e+00	9.053e-02	1.456e+00	2.971e+00	t
AX12-8a	500	562	30	1.00	-1.00	-	39.8	1.000e+01	7.230e-01	7.000e+00	7.493e-02	1.465e+00	2.616e+00	t
AX12-8a	500	565	30	1.00	-1.00	-	37.7	1.100e+01	7.428e-01	8.000e+00	6.966e-02	1.485e+00	2.349e+00	t
AX12-8a	500	570	30	1.00	-1.00	-	36.5	1.200e+01	7.767e-01	8.000e+00	6.300e-02	1.466e+00	2.193e+00	t
AX12-8a	510	562	30	1.00	-1.00	-	38.6	9.000e+00	6.862e-01	7.000e+00	8.143e-02	1.445e+00	2.637e+00	t
AX12-8a	510	565	30	1.00	-1.00	-	36.5	1.000e+01	7.060e-01	8.000e+00	7.481e-02	1.468e+00	2.381e+00	t
AX12-8a	510	570	30	1.00	-1.00	-	35.4	1.100e+01	7.400e-01	8.000e+00	6.701e-02	1.448e+00	2.242e+00	t
AX12-8a	520	562	30	1.00	-1.00	-	38.3	8.000e+00	6.643e-01	7.000e+00	9.886e-02	1.443e+00	2.792e+00	t
AX12-8a	520	565	30	1.00	-1.00	-	36.1	9.000e+00	6.842e-01	8.000e+00	8.907e-02	1.491e+00	2.521e+00	t
AX12-8a	520	570	30	1.00	-1.00	-	34.9	1.000e+01	7.181e-01	8.000e+00	7.869e-02	1.483e+00	2.383e+00	t
AX13-6a	0	560	30	1.00	-1.00	-	74.9	1.500e+01	8.362e-01	6.000e+00	3.918e-02	6.208e+00	7.052e-01	t
AX13-6a	0	562	30	1.00	-1.00	-	74.6	1.600e+01	8.376e-01	7.000e+00	3.350e-02	5.514e+00	7.155e-01	t
AX13-6a	0	564	30	1.00	-1.00	-	73.9	1.700e+01	8.793e-01	7.000e+00	2.955e-02	4.993e+00	7.150e-01	t
AX13-6a	0	566	30	1.00	-1.00	-	73.7	1.800e+01	8.829e-01	8.000e+00	2.659e-02	4.638e+00	6.886e-01	t
AX13-6a	0	570	30	1.00	-1.00	-	73.6	1.900e+01	9.256e-01	8.000e+00	2.407e-02	4.335e+00	6.133e-01	t
AX13-6a	0	575	30	1.00	-1.00	-	73.6	2.000e+01	9.295e-01	9.000e+00	2.212e-02	4.102e+00	5.901e-01	t
AX13-6a	0	580	30	1.00	-1.00	-	73.5	2.100e+01	9.533e-01	9.000e+00	2.047e-02	3.904e+00	5.483e-01	t
AX13-6a	0	585	30	1.00	-1.00	-	73.4	2.200e+01	9.576e-01	1.000e+01	1.914e-02	3.743e+00	5.420e-01	t
AX13-6a	100	560	30	1.00	-1.00	-	75.1	1.400e+01	8.257e-01	6.000e+00	4.197e-02	5.123e+00	7.509e-01	t
AX13-6a	100	562	30	1.00	-1.00	-	74.8	1.500e+01	8.271e-01	7.000e+00	3.581e-02	4.555e+00	7.365e-01	t
AX13-6a	100	564	30	1.00	-1.00	-	74.1	1.600e+01	8.688e-01	7.000e+00	3.155e-02	4.135e+00	6.691e-01	t
AX13-6a	100	566	30	1.00	-1.00	-	73.8	1.700e+01	8.724e-01	8.000e+00	2.835e-02	3.844e+00	6.473e-01	t
AX13-6a	100	570	30	1.00	-1.00	-	73.7	1.800e+01	9.151e-01	8.000e+00	2.564e-02	3.600e+00	5.496e-01	t
AX13-6a	100	575	30	1.00	-1.00	-	73.7	1.900e+01	9.190e-01	9.000e+00	2.354e-02	3.411e+00	5.152e-01	t
AX13-6a	100	580	30	1.00	-1.00	-	73.6	2.000e+01	9.428e-01	9.000e+00	2.177e-02	3.249e+00	4.783e-01	t
AX13-6a	100	585	30	1.00	-1.00	-	73.5	2.100e+01	9.471e-01	1.000e+01	2.034e-02	3.117e+00	4.737e-01	t
AX13-6a	200	555	30	1.00	-1.00	-	76.8	1.200e+01	6.977e-01	6.000e+00	5.560e-02	3.816e+00	1.526e+00	t
AX13-6a	200	560	30	1.00	-1.00	-	74.7	1.300e+01	7.760e-01	6.000e+00	4.505e-02	3.231e+00	1.196e+00	t
AX13-6a	200	562	30	1.00	-1.00	-	74.4	1.400e+01	7.774e-01	7.000e+00	3.832e-02	2.898e+00	1.054e+00	t
AX13-6a	200	564	30	1.00	-1.00	-	73.7	1.500e+01	8.191e-01	7.000e+00	3.364e-02	2.668e+00	8.598e-01	t
AX13-6a	200	566	30	1.00	-1.00	-	73.5	1.600e+01	8.227e-01	8.000e+00	3.018e-02	2.490e+00	8.029e-01	t
AX13-6a	200	570	30	1.00	-1.00	-	73.4	1.700e+01	8.654e-01	8.000e+00	2.724e-02	2.350e+00	6.681e-01	t
AX13-6a	200	575	30	1.00	-1.00	-	73.4	1.800e+01	8.693e-01	9.000e+00	2.498e-02	2.237e+00	5.983e-01	t
AX13-6a	200	580	30	1.00	-1.00	-	73.3	1.900e+01	8.931e-01	9.000e+00	2.308e-02	2.136e+00	5.517e-01	t
AX13-6a	200	585	30	1.00	-1.00	-	73.2	2.000e+01	8.974e-01	1.000e+01	2.154e-02	2.055e+00	5.271e-01	t
AX13-6a	300	550	30	1.00	-1.00	-	76.6	1.000e+01	6.111e-01	5.000e+00	6.855e-02	3.973e+00	2.945e+00	t
AX13-6a	300	555	30	1.00	-1.00	-	75.0	1.100e+01	6.809e-01	6.000e+00	5.113e-02	3.452e+00	1.889e+00	t
AX13-6a	300	560	30	1.00	-1.00	-	73.2	1.200e+01	7.593e-01	6.000e+00	4.126e-02	2.972e+00	1.433e+00	t
AX13-6a	300	562	30	1.00	-1.00	-	73.1	1.300e+01	7.607e-01	7.000e+00	3.498e-02	2.689e+00	1.234e+00	t
AX13-6a	300	564	30	1.00	-1.00	-	72.4	1.400e+01	8.024e-01	7.000e+00	3.064e-02	2.501e+00	9.880e-01	t
AX13-6a	300	566	30	1.00	-1.00	-	72.3	1.500e+01	8.060e-01	8.000e+00	2.743e-02	2.343e+00	9.122e-01	t
AX13-6a	300	570	30	1.00	-1.00	-	72.3	1.600e+01	8.487e-01	8.000e+00	2.472e-02	2.222e+00	7.614e-01	t
AX13-6a	300	575	30	1.00	-1.00	-	72.3	1.700e+01	8.526e-01	9.000e+00	2.264e-02	2.122e+00	6.758e-01	t
AX13-6a	300	580	30	1.00	-1.00	-	72.2	1.800e+01	8.764e-01	9.000e+00	2.089e-02	2.030e+00	6.224e-01	t
AX13-6a	300	585	30	1.00	-1.00	-	72.2	1.900e+01	8.807e-01	1.000e+01	1.947e-02	1.957e+00	5.868e-01	t
AX13-6a	400	555	30	1.00	-1.00	-	74.2	1.000e+01	6.364e-01	6.000e+00	5.578e-02	3.470e+00	2.155e+00	t
AX13-6a	400	560	30	1.00	-1.00	-	72.5	1.100e+01	7.147e-01	6.000e+00	4.448e-02	3.018e+00	1.606e+00	t
AX13-6a	400	562	30	1.00	-1.00	-	72.4	1.200e+01	7.161e-01	7.000e+00	3.754e-02	2.746e+00	1.368e+00	t
AX13-6a	400	564	30	1.00	-1.00	-	71.9	1.300e+01	7.578e-01	7.000e+00	3.273e-02	2.569e+00	1.086e+00	t
AX13-6a	400	566	30	1.00	-1.00	-	71.7	1.400e+01	7.614e-01	8.000e+00	2.922e-02	2.412e+00	9.977e-01	t
AX13-6a	400	570	30	1.00	-1.00	-	71.7	1.500e+01	8.041e-01	8.000e+00	2.627e-02	2.293e+00	8.340e-01	t
AX13-6a	400	575	30	1.00	-1.00	-	71.8	1.600e+01	8.080e-01	9.000e+00	2.403e-02	2.194e+00	7.375e-01	t
AX13-6a	400	580	30	1.00	-1.00	-	71.8	1.700e+01	8.318e-01	9.000e+00	2.214e-02	2.102e+00	6.790e-01	t
AX13-6a	400	585	30	1.00	-1.00	-	71.7	1.800e+01	8.361e-01	1.000e+01	2.061e-02	2.029e+00	6.364e-01	t
AX13-6a	425	555	30	1.00	-1.00	-	73.2	9.000e+00	6.046e-01	6.000e+00	6.014e-02	3.124e+00	1.811e+00	t
AX13-6a	425	560	30	1.00	-1.00	-	71.7	1.000e+01	6.829e-01	6.000e+00	4.741e-02	2.711e+00	1.342e+00	t
AX13-6a	425	562	30	1.00	-1.00	-	71.6	1.100e+01	6.844e-01	7.000e+00	3.985e-02	2.469e+00	1.149e+00	t
AX13-6a	425	564	30	1.00	-1.00	-	71.1	1.200e+01	7.260e-01	7.000e+00	3.456e-02	2.314e+00	8.991e-01	t
AX13-6a	425	566	30	1.00	-1.00	-	71.0	1.300e+01	7.297e-01	8.000e+00	3.077e-02	2.174e+00	8.338e-01	t
AX13-6a	425	570	30	1.00	-1.00	-	71.0	1.400e+01	7.723e-01	8.000e+00	2.761e-02	2.069e+00	6.809e-01	t
AX13-6a	425	575	30	1.00	-1.00	-	71.1	1.500e+01	7.763e-01	9.000e+00	2.523e-02	1.981e+00	5.987e-01	t
AX13-6a	425	580	30	1.00	-1.00	-	71.1	1.600e+01	8.001e-01	9.000e+00	2.321e-02	1.898e+00	5.514e-01	t
AX13-6a	425	585	30	1.00	-1.00	-	71.1	1.700e+01	8.043e-01	1.000e+01	2.157e-02	1.832e+00	5.239e-01	t
AX13-6a	450	560	30	1.00	-1.00	-	72.8	9.000e+00	6.630e-01	6.000e+00	5.281e-02	2.847e+00	1.564e+00	t
AX13-6a	450	562	30	1.00	-1.00	-	72.6	1.000e+01	6.644e-01	7.000e+00	4.410e-02	2.608e+00	1.336e+00	t
AX13-6a	450	564	30	1.00	-1.00	-	71.9	1.100e+01	7.061e-01	7.000e+00	3.819e-02	2.459e+00	1.049e+00	t
AX13-6a	450	566	30	1.00	-1.00	-	71.8	1.200e+01	7.097e-01	8.000e+00	3.390e-02	2.317e+00	9.710e-01	t
AX13-6a	450	570	30	1.00	-1.00	-	71.8	1.300e+01	7.524e-01	8.000e+00	3.032e-02	2.212e+00	7.975e-01	t
AX13-6a	450	575	30	1.00	-1.00	-	71.8	1.400e+01	7.563e-01	9.000e+00	2.761e-02	2.123e+00	7.024e-01	t
AX13-6a	450	580	30	1.00	-1.00	-	71.8	1.500e+01	7.801e-01	9.000e+00	2.534e-02	2.036e+00	6.472e-01	t
AX13-6a	450	585	30	1.00	-1.00	-	71.7	1.600e+01	7.844e-01	1.000e+01	2.352e-02	1.968e+00	6.132e-01	t
AX13-6a	475	560	30	1.00	-1.00	-	71.9	8.000e+00	6.383e-01	6.000e+00	6.096e-02	2.973e+00	1.881e+00	t
AX13-6a	475	562	30	1.00	-1.00	-	71.8	9.000e+00	6.398e-01	7.000e+00	5.048e-02	2.742e+00	1.621e+00	t
AX13-6a	475	564	30	1.00	-1.00	-	71.2	1.000e+01	6.814e-01	7.000e+00	4.332e-02	2.607e+00	1.296e+00	t
AX13-6a	475	566	30	1.00	-1.00	-	71.0	1.100e+01	6.851e-01	8.000e+00	3.827e-02	2.466e+00	1.204e+00	t
AX13-6a	475	570	30	1.00	-1.00	-	71.1	1.200e+01	7.278e-01	8.000e+00	3.409e-02	2.367e+00	9.979e-01	t
AX13-6a	475	575	30	1.00	-1.00	-	71.1	1.300e+01	7.317e-01	9.000e+00	3.097e-02	2.278e+00	8.879e-01	t
AX13-6a	475	580	30	1.00	-1.00	-	71.2	1.400e+01	7.555e-01	9.000e+00	2.834e-02	2.190e+00	8.194e-01	t
AX13-6a	475	585	30	1.00	-1.00	-	71.1	1.500e+01	7.598e-01	1.000e+01	2.624e-02	2.120e+00	7.797e-01	t
AX13-6a	500	564	30	1.00	-1.00	-	67.7	9.000e+00	6.268e-01	7.000e+00	2.958e-02	2.428e+00	1.317e+00	t
AX13-6a	500	566	30	1.00	-1.00	-	67.7	1.000e+01	6.304e-01	8.000e+00	2.596e-02	2.297e+00	1.250e+00	t
AX13-6a	500	570	30	1.00	-1.00	-	68.0	1.100e+01	6.731e-01	8.000e+00	2.323e-02	2.218e+00	1.036e+00	t
AX13-6a	500	575	30	1.00	-1.00	-	68.2	1.200e+01	6.770e-01	9.000e+00	2.122e-02	2.137e+00	9.471e-01	t
AX13-6a	500	580	30	1.00	-1.00	-	68.3	1.300e+01	7.008e-01	9.000e+00	1.947e-02	2.057e+00	8.771e-01	t
AX13-6a	500	585	30	1.00	-1.00	-	68.4	1.400e+01	7.051e-01	1.000e+01	1.797e-02	1.989e+00	8.609e-01	t
AX13-6a	520	570	30	1.00	-1.00	-	65.6	1.000e+01	6.272e-01	8.000e+00	1.696e-02	2.622e+00	1.027e+00	t
AX13-6a	520	575	30	1.00	-1.00	-	66.0	1.100e+01	6.311e-01	9.000e+00	1.619e-02	2.520e+00	9.289e-01	t
AX13-6a	520	580	30	1.00	-1.00	-	66.3	1.200e+01	6.549e-01	9.000e+00	1.528e-02	2.418e+00	8.541e-01	t
AX13-6a	520	585	30	1.00	-1.00	-	66.4	1.300e+01	6.592e-01	1.000e+01	1.418e-02	2.335e+00	8.445e-01	t
AX13-7a	475	580	30	1.00	-1.00	-	72.5	1.400e+01	6.038e-01	9.000e+00	2.947e-02	3.729e+00	2.130e+00	t
AX13-7a	475	585	30	1.00	-1.00	-	72.6	1.500e+01	6.079e-01	1.000e+01	2.734e-02	3.622e+00	2.088e+00	t
AX13-8a	425	555	30	1.00	-1.00	-	85.6	9.000e+00	7.091e-01	6.000e+00	3.596e-02	5.913e+00	2.700e+00	t
AX13-8a	425	560	30	1.00	-1.00	-	85.2	1.000e+01	7.691e-01	6.000e+00	2.821e-02	4.987e+00	2.472e+00	t
AX13-8a	425	562	30	1.00	-1.00	-	85.6	1.100e+01	7.704e-01	7.000e+00	2.419e-02	4.480e+00	2.488e+00	t
AX13-8a	425	564	30	1.00	-1.00	-	85.4	1.200e+01	8.061e-01	7.000e+00	2.106e-02	4.163e+00	2.196e+00	t
AX13-8a	425	566	30	1.00	-1.00	-	85.5	1.300e+01	8.093e-01	8.000e+00	1.890e-02	3.920e+00	2.120e+00	t
AX13-8a	425	570	30	1.00	-1.00	-	85.6	1.400e+01	8.410e-01	8.000e+00	1.709e-02	3.740e+00	1.940e+00	t
AX13-8a	425	575	30	1.00	-1.00	-	85.8	1.500e+01	8.434e-01	9.000e+00	1.578e-02	3.602e+00	1.810e+00	t
AX13-8a	425	580	30	1.00	-1.00	-	85.8	1.600e+01	8.537e-01	9.000e+00	1.462e-02	3.491e+00	1.692e+00	t
AX13-8a	425	585	30	1.00	-1.00	-	85.8	1.700e+01	8.556e-01	1.000e+01	1.366e-02	3.406e+00	1.576e+00	t
AX13-8a	450	550	30	1.00	-1.00	-	84.4	7.000e+00	6.075e-01	5.000e+00	5.332e-02	7.413e+00	3.109e+00	t
AX13-8a	450	555	30	1.00	-1.00	-	84.4	8.000e+00	6.767e-01	6.000e+00	3.753e-02	5.850e+00	2.278e+00	t
AX13-8a	450	560	30	1.00	-1.00	-	84.1	9.000e+00	7.368e-01	6.000e+00	2.909e-02	4.916e+00	2.195e+00	t
AX13-8a	450	562	30	1.00	-1.00	-	84.7	1.000e+01	7.380e-01	7.000e+00	2.502e-02	4.421e+00	2.290e+00	t
AX13-8a	450	564	30	1.00	-1.00	-	84.5	1.100e+01	7.738e-01	7.000e+00	2.165e-02	4.105e+00	2.029e+00	t
AX13-8a	450	566	30	1.00	-1.00	-	84.7	1.200e+01	7.769e-01	8.000e+00	1.944e-02	3.868e+00	1.984e+00	t
AX13-8a	450	570	30	1.00	-1.00	-	84.8	1.300e+01	8.087e-01	8.000e+00	1.757e-02	3.691e+00	1.819e+00	t
AX13-8a	450	575	30	1.00	-1.00	-	85.0	1.400e+01	8.110e-01	9.000e+00	1.625e-02	3.556e+00	1.703e+00	t
AX13-8a	450	580	30	1.00	-1.00	-	85.1	1.500e+01	8.213e-01	9.000e+00	1.503e-02	3.448e+00	1.597e+00	t
AX13-8a	450	585	30	1.00	-1.00	-	85.1	1.600e+01	8.233e-01	1.000e+01	1.403e-02	3.365e+00	1.487e+00	t
AX13-8a	475	555	30	1.00	-1.00	-	86.3	7.000e+00	6.591e-01	6.000e+00	3.886e-02	6.324e+00	2.424e+00	t
AX13-8a	475	560	30	1.00	-1.00	-	85.7	8.000e+00	7.191e-01	6.000e+00	2.993e-02	5.310e+00	2.361e+00	t
AX13-8a	475	562	30	1.00	-1.00	-	86.2	9.000e+00	7.204e-01	7.000e+00	2.543e-02	4.785e+00	2.487e+00	t
AX13-8a	475	564	30	1.00	-1.00	-	85.8	1.000e+01	7.562e-01	7.000e+00	2.204e-02	4.453e+00	2.204e+00	t
AX13-8a	475	566	30	1.00	-1.00	-	86.0	1.100e+01	7.593e-01	8.000e+00	1.966e-02	4.205e+00	2.163e+00	t
AX13-8a	475	570	30	1.00	-1.00	-	86.1	1.200e+01	7.910e-01	8.000e+00	1.766e-02	4.019e+00	1.983e+00	t
AX13-8a	475	575	30	1.00	-1.00	-	86.2	1.300e+01	7.934e-01	9.000e+00	1.626e-02	3.877e+00	1.859e+00	t
AX13-8a	475	580	30	1.00	-1.00	-	86.2	1.400e+01	8.037e-01	9.000e+00	1.500e-02	3.762e+00	1.751e+00	t
AX13-8a	475	585	30	1.00	-1.00	-	86.2	1.500e+01	8.057e-01	1.000e+01	1.398e-02	3.676e+00	1.634e+00	t
AX13-8a	500	560	30	1.00	-1.00	-	84.5	7.000e+00	6.452e-01	6.000e+00	3.468e-02	5.837e+00	2.204e+00	t
AX13-8a	500	562	30	1.00	-1.00	-	85.1	8.000e+00	6.464e-01	7.000e+00	2.943e-02	5.267e+00	2.421e+00	t
AX13-8a	500	564	30	1.00	-1.00	-	84.8	9.000e+00	6.822e-01	7.000e+00	2.517e-02	4.892e+00	2.142e+00	t
AX13-8a	500	566	30	1.00	-1.00	-	85.0	1.000e+01	6.854e-01	8.000e+00	2.241e-02	4.622e+00	2.127e+00	t
AX13-8a	500	570	30	1.00	-1.00	-	85.2	1.100e+01	7.171e-01	8.000e+00	2.007e-02	4.413e+00	1.943e+00	t
AX13-8a	500	575	30	1.00	-1.00	-	85.4	1.200e+01	7.194e-01	9.000e+00	1.849e-02	4.254e+00	1.824e+00	t
AX13-8a	500	580	30	1.00	-1.00	-	85.4	1.300e+01	7.297e-01	9.000e+00	1.700e-02	4.125e+00	1.725e+00	t
AX13-8a	500	585	30	1.00	-1.00	-	85.4	1.400e+01	7.317e-01	1.000e+01	1.580e-02	4.029e+00	1.609e+00	t
AX13-8a	520	566	30	1.00	-1.00	-	87.5	9.000e+00	6.012e-01	8.000e+00	2.170e-02	4.284e+00	3.620e+00	t
AX13-8a	520	570	30	1.00	-1.00	-	87.5	1.000e+01	6.329e-01	8.000e+00	1.921e-02	4.181e+00	3.303e+00	t
AX13-8a	520	575	30	1.00	-1.00	-	87.7	1.100e+01	6.353e-01	9.000e+00	1.754e-02	4.089e+00	3.097e+00	t
AX13-8a	520	580	30	1.00	-1.00	-	87.6	1.200e+01	6.456e-01	9.000e+00	1.608e-02	4.012e+00	2.924e+00	t
AX13-8a	520	585	30	1.00	-1.00	-	87.6	1.300e+01	6.475e-01	1.000e+01	1.491e-02	3.962e+00	2.743e+00	t
AX13-9a	0	562	30	1.00	-1.00	-	78.3	1.600e+01	8.956e-01	7.000e+00	3.612e-02	6.563e+00	1.232e+00	t
AX13-9a	0	564	30	1.00	-1.00	-	77.5	1.700e+01	9.379e-01	7.000e+00	3.192e-02	5.958e+00	1.070e+00	t
AX13-9a	0	566	30	1.00	-1.00	-	77.6	1.800e+01	9.408e-01	8.000e+00	2.871e-02	5.536e+00	1.029e+00	t
AX13-9a	0	570	30	1.00	-1.00	-	77.6	1.900e+01	9.698e-01	8.000e+00	2.607e-02	5.194e+00	8.860e-01	t
AX13-9a	0	575	30	1.00	-1.00	-	77.7	2.000e+01	9.722e-01	9.000e+00	2.404e-02	4.930e+00	8.072e-01	t
AX13-9a	0	580	30	1.00	-1.00	-	77.7	2.100e+01	9.819e-01	9.000e+00	2.235e-02	4.715e+00	7.365e-01	t
AX13-9a	0	585	30	1.00	-1.00	-	77.7	2.200e+01	9.836e-01	1.000e+01	2.095e-02	4.540e+00	6.794e-01	t
AX13-9a	100	560	30	1.00	-1.00	-	79.1	1.400e+01	8.852e-01	6.000e+00	4.454e-02	7.418e+00	1.365e+00	t
AX13-9a	100	562	30	1.00	-1.00	-	78.8	1.500e+01	8.878e-01	7.000e+00	3.817e-02	6.629e+00	1.345e+00	t
AX13-9a	100	564	30	1.00	-1.00	-	77.9	1.600e+01	9.301e-01	7.000e+00	3.373e-02	6.027e+00	1.157e+00	t
AX13-9a	100	566	30	1.00	-1.00	-	77.9	1.700e+01	9.331e-01	8.000e+00	3.030e-02	5.607e+00	1.108e+00	t
AX13-9a	100	570	30	1.00	-1.00	-	78.0	1.800e+01	9.620e-01	8.000e+00	2.748e-02	5.268e+00	9.551e-01	t
AX13-9a	100	575	30	1.00	-1.00	-	78.0	1.900e+01	9.645e-01	9.000e+00	2.531e-02	5.006e+00	8.696e-01	t
AX13-9a	100	580	30	1.00	-1.00	-	78.0	2.000e+01	9.741e-01	9.000e+00	2.351e-02	4.792e+00	7.916e-01	t
AX13-9a	100	585	30	1.00	-1.00	-	78.0	2.100e+01	9.759e-01	1.000e+01	2.203e-02	4.619e+00	7.277e-01	t
AX13-9a	200	560	30	1.00	-1.00	-	78.9	1.300e+01	8.726e-01	6.000e+00	4.802e-02	7.590e+00	1.502e+00	t
AX13-9a	200	562	30	1.00	-1.00	-	78.6	1.400e+01	8.753e-01	7.000e+00	4.104e-02	6.793e+00	1.459e+00	t
AX13-9a	200	564	30	1.00	-1.00	-	77.7	1.500e+01	9.176e-01	7.000e+00	3.617e-02	6.185e+00	1.244e+00	t
AX13-9a	200	566	30	1.00	-1.00	-	77.8	1.600e+01	9.206e-01	8.000e+00	3.245e-02	5.761e+00	1.188e+00	t
AX13-9a	200	570	30	1.00	-1.00	-	77.8	1.700e+01	9.495e-01	8.000e+00	2.939e-02	5.419e+00	1.026e+00	t
AX13-9a	200	575	30	1.00	-1.00	-	77.9	1.800e+01	9.519e-01	9.000e+00	2.705e-02	5.155e+00	9.337e-01	t
AX13-9a	200	580	30	1.00	-1.00	-	77.9	1.900e+01	9.616e-01	9.000e+00	2.510e-02	4.940e+00	8.487e-01	t
AX13-9a	200	585	30	1.00	-1.00	-	77.8	2.000e+01	9.634e-01	1.000e+01	2.350e-02	4.766e+00	7.784e-01	t
AX13-9a	300	555	30	1.00	-1.00	-	81.5	1.100e+01	7.526e-01	6.000e+00	6.442e-02	9.327e+00	1.778e+00	t
AX13-9a	300	560	30	1.00	-1.00	-	79.0	1.200e+01	8.089e-01	6.000e+00	5.251e-02	7.855e+00	1.716e+00	t
AX13-9a	300	562	30	1.00	-1.00	-	78.6	1.300e+01	8.116e-01	7.000e+00	4.474e-02	7.041e+00	1.648e+00	t
AX13-9a	300	564	30	1.00	-1.00	-	77.7	1.400e+01	8.539e-01	7.000e+00	3.932e-02	6.420e+00	1.403e+00	t
AX13-9a	300	566	30	1.00	-1.00	-	77.8	1.500e+01	8.568e-01	8.000e+00	3.521e-02	5.989e+00	1.334e+00	t
AX13-9a	300	570	30	1.00	-1.00	-	77.8	1.600e+01	8.857e-01	8.000e+00	3.184e-02	5.641e+00	1.156e+00	t
AX13-9a	300	575	30	1.00	-1.00	-	77.9	1.700e+01	8.882e-01	9.000e+00	2.927e-02	5.373e+00	1.053e+00	t
AX13-9a	300	580	30	1.00	-1.00	-	77.9	1.800e+01	8.978e-01	9.000e+00	2.714e-02	5.154e+00	9.590e-01	t
AX13-9a	300	585	30	1.00	-1.00	-	77.8	1.900e+01	8.996e-01	1.000e+01	2.539e-02	4.979e+00	8.808e-01	t
AX13-9a	400	550	30	1.00	-1.00	-	86.6	9.000e+00	6.380e-01	5.000e+00	9.515e-02	1.017e+01	2.343e+00	t
AX13-9a	400	555	30	1.00	-1.00	-	82.6	1.000e+01	6.992e-01	6.000e+00	7.088e-02	8.245e+00	8.374e-01	t
AX13-9a	400	560	30	1.00	-1.00	-	79.8	1.100e+01	7.555e-01	6.000e+00	5.770e-02	6.932e+00	1.076e+00	t
AX13-9a	400	562	30	1.00	-1.00	-	79.3	1.200e+01	7.582e-01	7.000e+00	4.900e-02	6.211e+00	1.157e+00	t
AX13-9a	400	564	30	1.00	-1.00	-	78.2	1.300e+01	8.005e-01	7.000e+00	4.300e-02	5.657e+00	1.030e+00	t
AX13-9a	400	566	30	1.00	-1.00	-	78.3	1.400e+01	8.034e-01	8.000e+00	3.841e-02	5.279e+00	1.019e+00	t
AX13-9a	400	570	30	1.00	-1.00	-	78.3	1.500e+01	8.323e-01	8.000e+00	3.466e-02	4.972e+00	8.755e-01	t
AX13-9a	400	575	30	1.00	-1.00	-	78.4	1.600e+01	8.348e-01	9.000e+00	3.180e-02	4.738e+00	8.047e-01	t
AX13-9a	400	580	30	1.00	-1.00	-	78.4	1.700e+01	8.444e-01	9.000e+00	2.944e-02	4.547e+00	7.420e-01	t
AX13-9a	400	585	30	1.00	-1.00	-	78.3	1.800e+01	8.462e-01	1.000e+01	2.751e-02	4.394e+00	6.931e-01	t
AX13-9a	425	555	30	1.00	-1.00	-	81.8	9.000e+00	6.551e-01	6.000e+00	7.865e-02	8.567e+00	7.796e-01	t
AX13-9a	425	560	30	1.00	-1.00	-	79.0	1.000e+01	7.114e-01	6.000e+00	6.334e-02	7.209e+00	1.045e+00	t
AX13-9a	425	562	30	1.00	-1.00	-	78.6	1.100e+01	7.141e-01	7.000e+00	5.353e-02	6.472e+00	1.159e+00	t
AX13-9a	425	564	30	1.00	-1.00	-	77.5	1.200e+01	7.564e-01	7.000e+00	4.674e-02	5.899e+00	1.057e+00	t
AX13-9a	425	566	30	1.00	-1.00	-	77.6	1.300e+01	7.593e-01	8.000e+00	4.166e-02	5.514e+00	1.054e+00	t
AX13-9a	425	570	30	1.00	-1.00	-	77.7	1.400e+01	7.883e-01	8.000e+00	3.752e-02	5.200e+00	9.090e-01	t
AX13-9a	425	575	30	1.00	-1.00	-	77.8	1.500e+01	7.907e-01	9.000e+00	3.438e-02	4.960e+00	8.406e-01	t
AX13-9a	425	580	30	1.00	-1.00	-	77.8	1.600e+01	8.004e-01	9.000e+00	3.178e-02	4.765e+00	7.831e-01	t
AX13-9a	425	585	30	1.00	-1.00	-	77.7	1.700e+01	8.022e-01	1.000e+01	2.967e-02	4.609e+00	7.405e-01	t
AX13-9a	450	560	30	1.00	-1.00	-	75.4	9.000e+00	6.072e-01	6.000e+00	4.067e-02	4.678e+00	1.304e+00	t
AX13-9a	450	562	30	1.00	-1.00	-	75.2	1.000e+01	6.099e-01	7.000e+00	3.419e-02	4.227e+00	1.279e+00	t
AX13-9a	450	564	30	1.00	-1.00	-	74.4	1.100e+01	6.522e-01	7.000e+00	3.019e-02	3.855e+00	1.246e+00	t
AX13-9a	450	566	30	1.00	-1.00	-	74.6	1.200e+01	6.551e-01	8.000e+00	2.696e-02	3.618e+00	1.201e+00	t
AX13-9a	450	570	30	1.00	-1.00	-	74.8	1.300e+01	6.841e-01	8.000e+00	2.430e-02	3.427e+00	1.075e+00	t
AX13-9a	450	575	30	1.00	-1.00	-	75.0	1.400e+01	6.865e-01	9.000e+00	2.234e-02	3.278e+00	1.014e+00	t
AX13-9a	450	580	30	1.00	-1.00	-	75.1	1.500e+01	6.961e-01	9.000e+00	2.065e-02	3.155e+00	9.791e-01	t
AX13-9a	450	585	30	1.00	-1.00	-	75.1	1.600e+01	6.979e-01	1.000e+01	1.925e-02	3.056e+00	9.633e-01	t
AX13-9a	475	564	30	1.00	-1.00	-	73.4	1.000e+01	6.180e-01	7.000e+00	3.271e-02	3.187e+00	1.374e+00	t
AX13-9a	475	566	30	1.00	-1.00	-	73.6	1.100e+01	6.209e-01	8.000e+00	2.918e-02	2.995e+00	1.359e+00	t
AX13-9a	475	570	30	1.00	-1.00	-	73.9	1.200e+01	6.498e-01	8.000e+00	2.628e-02	2.860e+00	1.191e+00	t
AX13-9a	475	575	30	1.00	-1.00	-	74.1	1.300e+01	6.523e-01	9.000e+00	2.417e-02	2.747e+00	1.114e+00	t
AX13-9a	475	580	30	1.00	-1.00	-	74.2	1.400e+01	6.619e-01	9.000e+00	2.232e-02	2.653e+00	1.059e+00	t
AX13-9a	475	585	30	1.00	-1.00	-	74.2	1.500e+01	6.637e-01	1.000e+01	2.077e-02	2.579e+00	1.024e+00	t
AX13-9a	500	580	30	1.00	-1.00	-	74.5	1.300e+01	6.079e-01	9.000e+00	2.684e-02	2.924e+00	1.424e+00	t
AX13-9a	500	585	30	1.00	-1.00	-	74.5	1.400e+01	6.097e-01	1.000e+01	2.489e-02	2.850e+00	1.367e+00	t
AX16-10a	200	585	30	1.00	-1.00	-	61.5	2.000e+01	9.234e-01	1.000e+01	4.924e-02	3.151e+00	1.756e+00	t
AX16-10a	400	570	30	1.00	-1.00	-	59.4	1.500e+01	7.179e-01	8.000e+00	6.217e-02	3.903e+00	3.140e+00	t
AX16-10a	400	575	30	1.00	-1.00	-	57.7	1.600e+01	7.646e-01	9.000e+00	5.223e-02	3.577e+00	2.426e+00	t
AX16-10a	400	580	30	1.00	-1.00	-	57.8	1.700e+01	8.101e-01	9.000e+00	4.461e-02	3.363e+00	1.794e+00	t
AX16-10a	400	585	30	1.00	-1.00	-	57.0	1.800e+01	8.158e-01	1.000e+01	3.982e-02	3.158e+00	1.447e+00	t
AX16-10a	450	570	30	1.00	-1.00	-	57.7	1.400e+01	6.577e-01	8.000e+00	6.662e-02	3.341e+00	3.131e+00	t
AX16-10a	450	575	30	1.00	-1.00	-	56.2	1.500e+01	7.044e-01	9.000e+00	5.475e-02	3.100e+00	2.380e+00	t
AX16-10a	450	580	30	1.00	-1.00	-	56.6	1.600e+01	7.498e-01	9.000e+00	4.651e-02	2.942e+00	1.753e+00	t
AX16-10a	450	585	30	1.00	-1.00	-	56.0	1.700e+01	7.556e-01	1.000e+01	4.112e-02	2.771e+00	1.413e+00	t
AX16-10a	475	575	30	1.00	-1.00	-	54.1	1.400e+01	6.417e-01	9.000e+00	5.098e-02	3.167e+00	2.183e+00	t
AX16-10a	475	580	30	1.00	-1.00	-	54.9	1.500e+01	6.871e-01	9.000e+00	4.343e-02	2.961e+00	1.560e+00	t
AX16-10a	475	585	30	1.00	-1.00	-	54.4	1.600e+01	6.928e-01	1.000e+01	3.807e-02	2.765e+00	1.236e+00	t
AX16-10a	500	575	30	1.00	-1.00	-	53.6	1.300e+01	6.080e-01	9.000e+00	5.634e-02	3.243e+00	2.069e+00	t
AX16-10a	500	580	30	1.00	-1.00	-	54.5	1.400e+01	6.534e-01	9.000e+00	4.777e-02	2.996e+00	1.458e+00	t
AX16-10a	500	585	30	1.00	-1.00	-	54.0	1.500e+01	6.591e-01	1.000e+01	4.160e-02	2.782e+00	1.149e+00	t
AX16-10a	510	580	30	1.00	-1.00	-	53.7	1.300e+01	6.108e-01	9.000e+00	5.110e-02	2.971e+00	1.392e+00	t
AX16-10a	510	585	30	1.00	-1.00	-	53.3	1.400e+01	6.165e-01	1.000e+01	4.420e-02	2.749e+00	1.100e+00	t
AX16-11a	450	570	30	1.00	-1.00	-	44.2	1.400e+01	6.997e-01	8.000e+00	6.063e-02	2.860e+00	2.066e+00	t
AX16-11a	450	575	30	1.00	-1.00	-	42.4	1.500e+01	7.343e-01	9.000e+00	5.218e-02	2.632e+00	1.522e+00	t
AX16-11a	450	580	30	1.00	-1.00	-	41.9	1.600e+01	7.633e-01	9.000e+00	4.499e-02	2.466e+00	1.120e+00	t
AX16-11a	450	585	30	1.00	-1.00	-	40.1	1.700e+01	7.707e-01	1.000e+01	4.541e-02	2.330e+00	8.904e-01	t
AX16-11a	475	570	30	1.00	-1.00	-	42.7	1.300e+01	6.495e-01	8.000e+00	5.791e-02	2.892e+00	1.971e+00	t
AX16-11a	475	575	30	1.00	-1.00	-	41.2	1.400e+01	6.841e-01	9.000e+00	4.935e-02	2.641e+00	1.419e+00	t
AX16-11a	475	580	30	1.00	-1.00	-	40.8	1.500e+01	7.131e-01	9.000e+00	4.224e-02	2.462e+00	1.014e+00	t
AX16-11a	475	585	30	1.00	-1.00	-	39.1	1.600e+01	7.204e-01	1.000e+01	4.341e-02	2.317e+00	8.058e-01	t
AX16-11a	500	570	30	1.00	-1.00	-	42.5	1.200e+01	6.247e-01	8.000e+00	6.389e-02	2.737e+00	1.936e+00	t
AX16-11a	500	575	30	1.00	-1.00	-	40.9	1.300e+01	6.593e-01	9.000e+00	5.381e-02	2.516e+00	1.360e+00	t
AX16-11a	500	580	30	1.00	-1.00	-	40.5	1.400e+01	6.883e-01	9.000e+00	4.578e-02	2.354e+00	9.435e-01	t
AX16-11a	500	585	30	1.00	-1.00	-	38.8	1.500e+01	6.956e-01	1.000e+01	4.673e-02	2.212e+00	7.670e-01	t
AX16-11a	510	575	30	1.00	-1.00	-	40.1	1.200e+01	6.242e-01	9.000e+00	5.597e-02	2.599e+00	1.319e+00	t
AX16-11a	510	580	30	1.00	-1.00	-	39.8	1.300e+01	6.532e-01	9.000e+00	4.729e-02	2.422e+00	8.913e-01	t
AX16-11a	510	585	30	1.00	-1.00	-	38.1	1.400e+01	6.606e-01	1.000e+01	4.834e-02	2.271e+00	7.314e-01	t
AX16-11a	520	575	30	1.00	-1.00	-	40.3	1.100e+01	6.049e-01	9.000e+00	6.285e-02	2.548e+00	1.300e+00	t
AX16-11a	520	580	30	1.00	-1.00	-	40.0	1.200e+01	6.339e-01	9.000e+00	5.281e-02	2.378e+00	8.707e-01	t
AX16-11a	520	585	30	1.00	-1.00	-	38.1	1.300e+01	6.413e-01	1.000e+01	5.383e-02	2.241e+00	6.767e-01	t
AX16-11a	530	585	30	1.00	-1.00	-	37.5	1.200e+01	6.062e-01	1.000e+01	5.889e-02	2.343e+00	6.262e-01	t
AX16-13a	400	570	30	1.00	-1.00	-	41.7	1.500e+01	7.245e-01	8.000e+00	6.561e-02	3.474e+00	1.847e+00	t
AX16-13a	400	575	30	1.00	-1.00	-	38.3	1.600e+01	7.789e-01	9.000e+00	5.836e-02	3.016e+00	1.260e+00	t
AX16-13a	400	580	30	1.00	-1.00	-	36.4	1.700e+01	8.103e-01	9.000e+00	5.265e-02	2.726e+00	8.668e-01	t
AX16-13a	450	570	30	1.00	-1.00	-	40.6	1.400e+01	6.921e-01	8.000e+00	6.522e-02	3.412e+00	1.800e+00	t
AX16-13a	450	575	30	1.00	-1.00	-	37.4	1.500e+01	7.464e-01	9.000e+00	5.751e-02	2.948e+00	1.201e+00	t
AX16-13a	450	580	30	1.00	-1.00	-	35.6	1.600e+01	7.779e-01	9.000e+00	5.169e-02	2.653e+00	8.332e-01	t
AX16-13a	475	570	30	1.00	-1.00	-	39.3	1.300e+01	6.479e-01	8.000e+00	6.224e-02	3.453e+00	1.649e+00	t
AX16-13a	475	575	30	1.00	-1.00	-	36.5	1.400e+01	7.023e-01	9.000e+00	5.487e-02	2.949e+00	1.075e+00	t
AX16-13a	475	580	30	1.00	-1.00	-	34.8	1.500e+01	7.337e-01	9.000e+00	4.938e-02	2.636e+00	7.406e-01	t
AX16-13a	500	570	30	1.00	-1.00	-	39.0	1.200e+01	6.213e-01	8.000e+00	6.726e-02	3.346e+00	1.643e+00	t
AX16-13a	500	575	30	1.00	-1.00	-	36.1	1.300e+01	6.756e-01	9.000e+00	5.842e-02	2.859e+00	1.053e+00	t
AX16-13a	500	580	30	1.00	-1.00	-	34.4	1.400e+01	7.071e-01	9.000e+00	5.215e-02	2.550e+00	7.498e-01	t
AX16-13a	510	575	30	1.00	-1.00	-	35.6	1.200e+01	6.492e-01	9.000e+00	6.148e-02	2.836e+00	9.227e-01	t
AX16-13a	510	580	30	1.00	-1.00	-	34.0	1.300e+01	6.806e-01	9.000e+00	5.447e-02	2.520e+00	6.510e-01	t
AX16-13a	520	575	30	1.00	-1.00	-	35.6	1.100e+01	6.424e-01	9.000e+00	6.818e-02	2.912e+00	9.273e-01	t
AX16-13a	520	580	30	1.00	-1.00	-	33.9	1.200e+01	6.738e-01	9.000e+00	6.001e-02	2.582e+00	6.762e-01	t
AX16-13a	530	575	30	1.00	-1.00	-	35.1	1.000e+01	6.177e-01	9.000e+00	7.468e-02	2.963e+00	9.754e-01	t
AX16-13a	530	580	30	1.00	-1.00	-	33.4	1.100e+01	6.491e-01	9.000e+00	6.494e-02	2.621e+00	7.541e-01	t
AX16-13a	540	575	30	1.00	-1.00	-	34.9	9.000e+00	6.038e-01	9.000e+00	8.569e-02	3.120e+00	9.458e-01	t
AX16-13a	540	580	30	1.00	-1.00	-	33.2	1.000e+01	6.353e-01	9.000e+00	7.356e-02	2.749e+00	7.641e-01	t
AX16-14a	400	565	30	1.00	-1.00	-	43.6	1.400e+01	6.285e-01	8.000e+00	8.022e-02	3.838e+00	2.117e+00	t
AX16-14a	400	570	30	1.00	-1.00	-	43.6	1.500e+01	7.143e-01	8.000e+00	6.410e-02	3.251e+00	1.789e+00	t
AX16-14a	400	575	30	1.00	-1.00	-	42.9	1.600e+01	7.418e-01	9.000e+00	5.406e-02	2.908e+00	1.474e+00	t
AX16-14a	400	580	30	1.00	-1.00	-	43.0	1.700e+01	7.669e-01	9.000e+00	4.708e-02	2.649e+00	1.292e+00	t
AX16-14a	400	585	30	1.00	-1.00	-	42.2	1.800e+01	7.803e-01	1.000e+01	4.289e-02	2.511e+00	1.020e+00	t
AX16-14a	450	570	30	1.00	-1.00	-	42.2	1.400e+01	6.681e-01	8.000e+00	6.600e-02	3.483e+00	1.787e+00	t
AX16-14a	450	575	30	1.00	-1.00	-	41.7	1.500e+01	6.956e-01	9.000e+00	5.493e-02	3.088e+00	1.450e+00	t
AX16-14a	450	580	30	1.00	-1.00	-	42.0	1.600e+01	7.207e-01	9.000e+00	4.771e-02	2.796e+00	1.267e+00	t
AX16-14a	450	585	30	1.00	-1.00	-	41.3	1.700e+01	7.341e-01	1.000e+01	4.312e-02	2.636e+00	9.903e-01	t
AX16-14a	475	570	30	1.00	-1.00	-	40.3	1.300e+01	6.069e-01	8.000e+00	5.926e-02	3.705e+00	1.664e+00	t
AX16-14a	475	575	30	1.00	-1.00	-	40.1	1.400e+01	6.344e-01	9.000e+00	4.879e-02	3.247e+00	1.345e+00	t
AX16-14a	475	580	30	1.00	-1.00	-	40.6	1.500e+01	6.595e-01	9.000e+00	4.259e-02	2.920e+00	1.181e+00	t
AX16-14a	475	585	30	1.00	-1.00	-	40.0	1.600e+01	6.729e-01	1.000e+01	3.836e-02	2.739e+00	9.032e-01	t
AX16-14a	500	580	30	1.00	-1.00	-	40.0	1.400e+01	6.175e-01	9.000e+00	4.401e-02	2.855e+00	1.046e+00	t
AX16-14a	500	585	30	1.00	-1.00	-	39.4	1.500e+01	6.309e-01	1.000e+01	3.943e-02	2.674e+00	7.709e-01	t
AX16-15a	475	570	30	1.00	-1.00	-	31.9	1.300e+01	6.058e-01	8.000e+00	6.590e-02	3.072e+00	1.415e+00	t
AX16-16a	400	562	30	1.00	-1.00	-	43.3	1.300e+01	6.458e-01	7.000e+00	8.534e-02	5.136e+00	2.942e+00	t
AX16-16a	400	565	30	1.00	-1.00	-	41.7	1.400e+01	7.040e-01	8.000e+00	6.885e-02	4.430e+00	2.281e+00	t
AX16-16a	400	570	30	1.00	-1.00	-	42.2	1.500e+01	7.696e-01	8.000e+00	5.741e-02	3.902e+00	1.812e+00	t
AX16-16a	400	575	30	1.00	-1.00	-	41.4	1.600e+01	7.832e-01	9.000e+00	5.005e-02	3.565e+00	1.483e+00	t
AX16-16a	400	580	30	1.00	-1.00	-	40.9	1.700e+01	7.928e-01	9.000e+00	4.479e-02	3.336e+00	1.261e+00	t
AX16-16a	400	585	30	1.00	-1.00	-	39.5	1.800e+01	7.963e-01	1.000e+01	4.561e-02	3.149e+00	1.151e+00	t
AX16-16a	450	562	30	1.00	-1.00	-	42.0	1.200e+01	6.022e-01	7.000e+00	9.118e-02	5.355e+00	2.731e+00	t
AX16-16a	450	565	30	1.00	-1.00	-	40.6	1.300e+01	6.605e-01	8.000e+00	7.217e-02	4.549e+00	2.101e+00	t
AX16-16a	450	570	30	1.00	-1.00	-	41.3	1.400e+01	7.260e-01	8.000e+00	6.004e-02	3.958e+00	1.681e+00	t
AX16-16a	450	575	30	1.00	-1.00	-	40.6	1.500e+01	7.396e-01	9.000e+00	5.189e-02	3.598e+00	1.364e+00	t
AX16-16a	450	580	30	1.00	-1.00	-	40.2	1.600e+01	7.492e-01	9.000e+00	4.618e-02	3.353e+00	1.174e+00	t
AX16-16a	450	585	30	1.00	-1.00	-	38.7	1.700e+01	7.527e-01	1.000e+01	4.702e-02	3.160e+00	1.080e+00	t
AX16-16a	475	565	30	1.00	-1.00	-	39.1	1.200e+01	6.032e-01	8.000e+00	7.065e-02	4.516e+00	1.877e+00	t
AX16-16a	475	570	30	1.00	-1.00	-	40.1	1.300e+01	6.688e-01	8.000e+00	5.908e-02	3.901e+00	1.473e+00	t
AX16-16a	475	575	30	1.00	-1.00	-	39.5	1.400e+01	6.824e-01	9.000e+00	5.064e-02	3.525e+00	1.192e+00	t
AX16-16a	475	580	30	1.00	-1.00	-	39.2	1.500e+01	6.920e-01	9.000e+00	4.483e-02	3.282e+00	9.981e-01	t
AX16-16a	475	585	30	1.00	-1.00	-	37.7	1.600e+01	6.955e-01	1.000e+01	4.620e-02	3.089e+00	9.195e-01	t
AX16-16a	500	570	30	1.00	-1.00	-	39.8	1.200e+01	6.474e-01	8.000e+00	6.561e-02	3.892e+00	1.430e+00	t
AX16-16a	500	575	30	1.00	-1.00	-	39.3	1.300e+01	6.610e-01	9.000e+00	5.586e-02	3.512e+00	1.144e+00	t
AX16-16a	500	580	30	1.00	-1.00	-	38.9	1.400e+01	6.706e-01	9.000e+00	4.923e-02	3.263e+00	9.919e-01	t
AX16-16a	500	585	30	1.00	-1.00	-	37.5	1.500e+01	6.741e-01	1.000e+01	5.044e-02	3.071e+00	9.255e-01	t
AX16-16a	510	575	30	1.00	-1.00	-	38.4	1.200e+01	6.126e-01	9.000e+00	5.904e-02	3.377e+00	1.190e+00	t
AX16-16a	510	580	30	1.00	-1.00	-	38.2	1.300e+01	6.222e-01	9.000e+00	5.174e-02	3.132e+00	1.089e+00	t
AX16-16a	510	585	30	1.00	-1.00	-	36.7	1.400e+01	6.257e-01	1.000e+01	5.302e-02	2.950e+00	1.027e+00	t
AX16-16a	520	580	30	1.00	-1.00	-	38.5	1.200e+01	6.032e-01	9.000e+00	5.838e-02	3.192e+00	9.516e-01	t
AX16-16a	520	585	30	1.00	-1.00	-	36.8	1.300e+01	6.067e-01	1.000e+01	5.982e-02	3.006e+00	9.079e-01	t
AX16-5a	400	560	30	1.00	-1.00	-	45.8	1.100e+01	6.910e-01	6.000e+00	8.776e-02	7.978e+00	4.320e+00	t
AX16-5a	425	560	30	1.00	-1.00	-	44.9	1.000e+01	6.537e-01	6.000e+00	9.664e-02	7.421e+00	3.896e+00	t
AX16-5a	450	560	30	1.00	-1.00	-	43.5	9.000e+00	6.256e-01	6.000e+00	1.041e-01	7.585e+00	3.427e+00	t
AX16-9a	0	559	30	1.00	-1.00	-	77.7	1.600e+01	7.599e-01	7.000e+00	7.069e-02	4.760e+00	4.870e+00	t
AX16-9a	0	562	30	1.00	-1.00	-	74.9	1.700e+01	7.679e-01	7.000e+00	6.493e-02	4.509e+00	4.505e+00	t
AX16-9a	0	580	30	1.00	-1.00	-	62.3	2.100e+01	9.870e-01	9.000e+00	5.290e-02	3.856e+00	2.585e+00	t
AX16-9a	0	585	30	1.00	-1.00	-	60.4	2.200e+01	9.908e-01	1.000e+01	5.069e-02	3.720e+00	2.287e+00	t
AX16-9a	100	559	30	1.00	-1.00	-	80.2	1.500e+01	7.548e-01	7.000e+00	7.739e-02	4.878e+00	4.974e+00	t
AX16-9a	100	562	30	1.00	-1.00	-	76.6	1.600e+01	7.628e-01	7.000e+00	7.141e-02	4.609e+00	4.593e+00	t
AX16-9a	100	570	30	1.00	-1.00	-	67.4	1.800e+01	9.063e-01	8.000e+00	6.649e-02	4.254e+00	3.521e+00	t
AX16-9a	100	575	30	1.00	-1.00	-	63.6	1.900e+01	9.439e-01	9.000e+00	6.357e-02	4.073e+00	3.015e+00	t
AX16-9a	100	580	30	1.00	-1.00	-	62.2	2.000e+01	9.819e-01	9.000e+00	5.767e-02	3.902e+00	2.595e+00	t
AX16-9a	100	585	30	1.00	-1.00	-	60.2	2.100e+01	9.856e-01	1.000e+01	5.499e-02	3.760e+00	2.287e+00	t
AX16-9a	200	562	30	1.00	-1.00	-	74.6	1.500e+01	7.351e-01	7.000e+00	7.819e-02	4.756e+00	4.816e+00	t
AX16-9a	200	565	30	1.00	-1.00	-	68.7	1.600e+01	7.728e-01	8.000e+00	7.829e-02	4.574e+00	4.316e+00	t
AX16-9a	200	570	30	1.00	-1.00	-	65.4	1.700e+01	8.786e-01	8.000e+00	7.031e-02	4.363e+00	3.649e+00	t
AX16-9a	300	559	30	1.00	-1.00	-	72.2	1.300e+01	6.974e-01	7.000e+00	7.954e-02	4.220e+00	4.791e+00	t
AX16-9a	300	562	30	1.00	-1.00	-	69.3	1.400e+01	7.053e-01	7.000e+00	7.123e-02	3.956e+00	4.395e+00	t
AX16-9a	300	565	30	1.00	-1.00	-	64.0	1.500e+01	7.430e-01	8.000e+00	7.215e-02	3.797e+00	3.943e+00	t
AX16-9a	300	570	30	1.00	-1.00	-	61.4	1.600e+01	8.488e-01	8.000e+00	6.365e-02	3.613e+00	3.333e+00	t
AX16-9a	300	575	30	1.00	-1.00	-	58.2	1.700e+01	8.865e-01	9.000e+00	5.974e-02	3.474e+00	2.783e+00	t
AX16-9a	300	580	30	1.00	-1.00	-	57.3	1.800e+01	9.244e-01	9.000e+00	5.310e-02	3.319e+00	2.366e+00	t
AX16-9a	300	585	30	1.00	-1.00	-	55.6	1.900e+01	9.282e-01	1.000e+01	5.026e-02	3.200e+00	2.051e+00	t
AX16-9a	400	565	30	1.00	-1.00	-	58.9	1.400e+01	6.247e-01	8.000e+00	6.956e-02	3.503e+00	3.784e+00	t
AX16-9a	400	570	30	1.00	-1.00	-	57.1	1.500e+01	7.306e-01	8.000e+00	5.890e-02	3.274e+00	3.156e+00	t
AX16-9a	400	575	30	1.00	-1.00	-	54.4	1.600e+01	7.682e-01	9.000e+00	5.401e-02	3.146e+00	2.556e+00	t
AX16-9a	400	580	30	1.00	-1.00	-	54.0	1.700e+01	8.061e-01	9.000e+00	4.714e-02	2.983e+00	2.142e+00	t
AX16-9a	400	585	30	1.00	-1.00	-	52.6	1.800e+01	8.099e-01	1.000e+01	4.429e-02	2.867e+00	1.825e+00	t
AX16-9a	450	570	30	1.00	-1.00	-	54.9	1.400e+01	6.598e-01	8.000e+00	6.354e-02	3.596e+00	3.118e+00	t
AX16-9a	450	575	30	1.00	-1.00	-	52.5	1.500e+01	6.974e-01	9.000e+00	5.646e-02	3.386e+00	2.458e+00	t
AX16-9a	450	580	30	1.00	-1.00	-	52.3	1.600e+01	7.354e-01	9.000e+00	4.863e-02	3.157e+00	2.032e+00	t
AX16-9a	450	585	30	1.00	-1.00	-	51.0	1.700e+01	7.391e-01	1.000e+01	4.506e-02	3.004e+00	1.708e+00	t
AX16-9a	475	575	30	1.00	-1.00	-	49.8	1.400e+01	6.210e-01	9.000e+00	5.090e-02	3.406e+00	2.065e+00	t
AX16-9a	475	580	30	1.00	-1.00	-	50.0	1.500e+01	6.590e-01	9.000e+00	4.347e-02	3.111e+00	1.692e+00	t
AX16-9a	475	585	30	1.00	-1.00	-	48.9	1.600e+01	6.627e-01	1.000e+01	4.007e-02	2.924e+00	1.401e+00	t
AX16-9a	500	580	30	1.00	-1.00	-	49.1	1.400e+01	6.103e-01	9.000e+00	4.682e-02	3.200e+00	1.507e+00	t
AX16-9a	500	585	30	1.00	-1.00	-	48.0	1.500e+01	6.140e-01	1.000e+01	4.266e-02	2.983e+00	1.233e+00	t
AX6-1a	0	570	30	1.00	-1.00	-	54.0	1.900e+01	9.512e-01	8.000e+00	2.933e-02	5.299e+00	1.298e+00	t
AX6-1a	0	575	30	1.00	-1.00	-	53.3	2.000e+01	9.674e-01	9.000e+00	2.711e-02	4.908e+00	1.067e+00	t
AX6-1a	0	580	30	1.00	-1.00	-	52.7	2.100e+01	9.779e-01	9.000e+00	2.531e-02	4.601e+00	9.309e-01	t
AX6-1a	0	585	30	1.00	-1.00	-	51.9	2.200e+01	9.812e-01	1.000e+01	2.503e-02	4.359e+00	8.967e-01	t
AX6-1a	100	570	30	1.00	-1.00	-	53.7	1.800e+01	9.129e-01	8.000e+00	3.117e-02	5.400e+00	1.401e+00	t
AX6-1a	100	575	30	1.00	-1.00	-	53.0	1.900e+01	9.291e-01	9.000e+00	2.866e-02	5.000e+00	1.141e+00	t
AX6-1a	100	580	30	1.00	-1.00	-	52.4	2.000e+01	9.396e-01	9.000e+00	2.665e-02	4.687e+00	9.896e-01	t
AX6-1a	100	585	30	1.00	-1.00	-	51.6	2.100e+01	9.430e-01	1.000e+01	2.628e-02	4.441e+00	9.447e-01	t
AX6-1a	200	564	30	1.00	-1.00	-	55.1	1.500e+01	8.129e-01	7.000e+00	3.852e-02	7.041e+00	1.523e+00	t
AX6-1a	200	566	30	1.00	-1.00	-	53.3	1.600e+01	8.192e-01	8.000e+00	3.640e-02	6.294e+00	1.454e+00	t
AX6-1a	200	570	30	1.00	-1.00	-	52.9	1.700e+01	8.839e-01	8.000e+00	3.156e-02	5.634e+00	1.503e+00	t
AX6-1a	200	575	30	1.00	-1.00	-	52.2	1.800e+01	9.002e-01	9.000e+00	2.883e-02	5.207e+00	1.225e+00	t
AX6-1a	200	580	30	1.00	-1.00	-	51.7	1.900e+01	9.106e-01	9.000e+00	2.669e-02	4.876e+00	1.064e+00	t
AX6-1a	200	585	30	1.00	-1.00	-	50.9	2.000e+01	9.140e-01	1.000e+01	2.632e-02	4.618e+00	1.022e+00	t
AX6-1a	300	570	30	1.00	-1.00	-	52.0	1.600e+01	8.651e-01	8.000e+00	3.108e-02	5.874e+00	1.535e+00	t
AX6-1a	300	575	30	1.00	-1.00	-	51.4	1.700e+01	8.813e-01	9.000e+00	2.821e-02	5.416e+00	1.252e+00	t
AX6-1a	300	580	30	1.00	-1.00	-	50.9	1.800e+01	8.918e-01	9.000e+00	2.600e-02	5.065e+00	1.089e+00	t
AX6-1a	300	585	30	1.00	-1.00	-	50.1	1.900e+01	8.951e-01	1.000e+01	2.573e-02	4.793e+00	1.055e+00	t
AX6-1a	400	562	30	1.00	-1.00	-	52.6	1.200e+01	6.052e-01	7.000e+00	5.268e-02	8.863e+00	2.065e+00	t
AX6-1a	400	564	30	1.00	-1.00	-	53.2	1.300e+01	7.008e-01	7.000e+00	4.209e-02	7.361e+00	1.772e+00	t
AX6-1a	400	566	30	1.00	-1.00	-	51.5	1.400e+01	7.071e-01	8.000e+00	3.880e-02	6.517e+00	1.690e+00	t
AX6-1a	400	570	30	1.00	-1.00	-	51.3	1.500e+01	7.719e-01	8.000e+00	3.303e-02	5.788e+00	1.692e+00	t
AX6-1a	400	575	30	1.00	-1.00	-	50.7	1.600e+01	7.881e-01	9.000e+00	2.969e-02	5.326e+00	1.402e+00	t
AX6-1a	400	580	30	1.00	-1.00	-	50.3	1.700e+01	7.986e-01	9.000e+00	2.717e-02	4.975e+00	1.226e+00	t
AX6-1a	400	585	30	1.00	-1.00	-	49.5	1.800e+01	8.019e-01	1.000e+01	2.680e-02	4.704e+00	1.189e+00	t
AX6-1a	425	564	30	1.00	-1.00	-	52.9	1.200e+01	6.040e-01	7.000e+00	4.705e-02	7.058e+00	1.182e+00	t
AX6-1a	425	566	30	1.00	-1.00	-	51.1	1.300e+01	6.103e-01	8.000e+00	4.280e-02	6.222e+00	1.234e+00	t
AX6-1a	425	570	30	1.00	-1.00	-	51.0	1.400e+01	6.751e-01	8.000e+00	3.618e-02	5.498e+00	1.397e+00	t
AX6-1a	425	575	30	1.00	-1.00	-	50.4	1.500e+01	6.913e-01	9.000e+00	3.228e-02	5.048e+00	1.119e+00	t
AX6-1a	425	580	30	1.00	-1.00	-	49.9	1.600e+01	7.018e-01	9.000e+00	2.939e-02	4.708e+00	9.672e-01	t
AX6-1a	425	585	30	1.00	-1.00	-	49.1	1.700e+01	7.052e-01	1.000e+01	2.885e-02	4.449e+00	9.592e-01	t
AX6-1a	450	570	30	1.00	-1.00	-	49.3	1.300e+01	6.027e-01	8.000e+00	2.610e-02	3.176e+00	2.167e+00	t
AX6-1a	450	575	30	1.00	-1.00	-	48.8	1.400e+01	6.190e-01	9.000e+00	2.331e-02	3.000e+00	1.810e+00	t
AX6-1a	450	580	30	1.00	-1.00	-	48.5	1.500e+01	6.294e-01	9.000e+00	2.128e-02	2.845e+00	1.585e+00	t
AX6-1a	450	585	30	1.00	-1.00	-	47.7	1.600e+01	6.328e-01	1.000e+01	2.209e-02	2.702e+00	1.524e+00	t
AX6-1a	475	585	30	1.00	-1.00	-	47.4	1.500e+01	6.004e-01	1.000e+01	2.402e-02	2.916e+00	1.669e+00	t
AX6-2a	400	570	30	1.00	-1.00	-	17.6	1.500e+01	6.501e-01	8.000e+00	5.375e-02	3.984e+00	4.038e+00	t
AX6-2a	400	575	30	1.00	-1.00	-	17.8	1.600e+01	6.813e-01	9.000e+00	4.852e-02	3.770e+00	3.710e+00	t
AX6-2a	400	580	30	1.00	-1.00	-	18.1	1.700e+01	6.937e-01	9.000e+00	4.513e-02	3.571e+00	3.573e+00	t
AX6-2a	400	585	30	1.00	-1.00	-	18.2	1.800e+01	6.979e-01	1.000e+01	4.231e-02	3.436e+00	3.426e+00	t
AX6-2a	425	570	30	1.00	-1.00	-	16.9	1.400e+01	6.265e-01	8.000e+00	5.253e-02	4.233e+00	4.046e+00	t
AX6-2a	425	575	30	1.00	-1.00	-	17.2	1.500e+01	6.577e-01	9.000e+00	4.789e-02	3.980e+00	3.709e+00	t
AX6-2a	425	580	30	1.00	-1.00	-	17.5	1.600e+01	6.700e-01	9.000e+00	4.512e-02	3.757e+00	3.578e+00	t
AX6-2a	425	585	30	1.00	-1.00	-	17.8	1.700e+01	6.743e-01	1.000e+01	4.265e-02	3.604e+00	3.434e+00	t
AX6-2a	450	575	30	1.00	-1.00	-	16.5	1.400e+01	6.033e-01	9.000e+00	4.416e-02	3.815e+00	3.760e+00	t
AX6-2a	450	580	30	1.00	-1.00	-	16.9	1.500e+01	6.157e-01	9.000e+00	4.305e-02	3.614e+00	3.604e+00	t
AX6-2a	450	585	30	1.00	-1.00	-	17.2	1.600e+01	6.200e-01	1.000e+01	4.151e-02	3.471e+00	3.452e+00	t
AX6-3a	400	585	30	1.00	-1.00	-	25.4	1.800e+01	7.599e-01	1.000e+01	4.470e-02	4.276e+00	2.875e+00	t
AX6-3a	425	570	30	1.00	-1.00	-	23.5	1.400e+01	6.554e-01	8.000e+00	4.517e-02	5.055e+00	3.469e+00	t
AX6-3a	425	575	30	1.00	-1.00	-	23.8	1.500e+01	6.828e-01	9.000e+00	4.073e-02	4.730e+00	3.138e+00	t
AX6-3a	425	580	30	1.00	-1.00	-	24.0	1.600e+01	6.929e-01	9.000e+00	3.745e-02	4.476e+00	2.905e+00	t
AX6-3a	425	585	30	1.00	-1.00	-	24.3	1.700e+01	7.038e-01	1.000e+01	3.552e-02	4.274e+00	2.729e+00	t
AX6-3a	450	575	30	1.00	-1.00	-	22.8	1.400e+01	6.243e-01	9.000e+00	3.682e-02	4.706e+00	3.404e+00	t
AX6-3a	450	580	30	1.00	-1.00	-	23.1	1.500e+01	6.344e-01	9.000e+00	3.461e-02	4.456e+00	3.125e+00	t
AX6-3a	450	585	30	1.00	-1.00	-	23.5	1.600e+01	6.453e-01	1.000e+01	3.381e-02	4.251e+00	2.932e+00	t
AX6-3a	475	580	30	1.00	-1.00	-	22.5	1.400e+01	6.038e-01	9.000e+00	3.580e-02	4.781e+00	3.394e+00	t
AX6-3a	475	585	30	1.00	-1.00	-	23.0	1.500e+01	6.148e-01	1.000e+01	3.582e-02	4.553e+00	3.172e+00	t
AX8-1a	400	564	30	1.00	-1.00	-	70.9	1.300e+01	6.105e-01	7.000e+00	8.200e-02	6.181e+00	4.239e+00	t
AX8-1a	400	566	30	1.00	-1.00	-	66.5	1.400e+01	6.351e-01	8.000e+00	6.887e-02	5.402e+00	3.380e+00	t
AX8-1a	400	570	30	1.00	-1.00	-	68.4	1.500e+01	7.585e-01	8.000e+00	5.623e-02	4.595e+00	2.606e+00	t
AX8-1a	400	575	30	1.00	-1.00	-	69.1	1.600e+01	7.768e-01	9.000e+00	4.777e-02	4.171e+00	1.983e+00	t
AX8-1a	400	580	30	1.00	-1.00	-	68.9	1.700e+01	7.811e-01	9.000e+00	4.187e-02	3.864e+00	1.634e+00	t
AX8-1a	400	585	30	1.00	-1.00	-	68.7	1.800e+01	7.842e-01	1.000e+01	3.765e-02	3.637e+00	1.404e+00	t
AX8-1a	425	566	30	1.00	-1.00	-	65.4	1.300e+01	6.046e-01	8.000e+00	7.315e-02	5.275e+00	2.955e+00	t
AX8-1a	425	570	30	1.00	-1.00	-	67.6	1.400e+01	7.280e-01	8.000e+00	5.970e-02	4.422e+00	2.304e+00	t
AX8-1a	425	575	30	1.00	-1.00	-	68.3	1.500e+01	7.463e-01	9.000e+00	5.061e-02	3.987e+00	1.737e+00	t
AX8-1a	425	580	30	1.00	-1.00	-	68.3	1.600e+01	7.505e-01	9.000e+00	4.423e-02	3.682e+00	1.425e+00	t
AX8-1a	425	585	30	1.00	-1.00	-	68.1	1.700e+01	7.536e-01	1.000e+01	3.968e-02	3.460e+00	1.219e+00	t
AX8-1a	450	570	30	1.00	-1.00	-	66.2	1.300e+01	6.826e-01	8.000e+00	6.170e-02	4.538e+00	2.365e+00	t
AX8-1a	450	575	30	1.00	-1.00	-	67.2	1.400e+01	7.009e-01	9.000e+00	5.230e-02	4.088e+00	1.761e+00	t
AX8-1a	450	580	30	1.00	-1.00	-	67.2	1.500e+01	7.051e-01	9.000e+00	4.558e-02	3.774e+00	1.432e+00	t
AX8-1a	450	585	30	1.00	-1.00	-	67.1	1.600e+01	7.082e-01	1.000e+01	4.079e-02	3.547e+00	1.219e+00	t
AX8-1a	475	570	30	1.00	-1.00	-	67.2	1.200e+01	6.736e-01	8.000e+00	6.686e-02	4.742e+00	2.371e+00	t
AX8-1a	475	575	30	1.00	-1.00	-	68.1	1.300e+01	6.919e-01	9.000e+00	5.622e-02	4.259e+00	1.755e+00	t
AX8-1a	475	580	30	1.00	-1.00	-	68.1	1.400e+01	6.962e-01	9.000e+00	4.881e-02	3.929e+00	1.425e+00	t
AX8-1a	475	585	30	1.00	-1.00	-	67.9	1.500e+01	6.992e-01	1.000e+01	4.359e-02	3.693e+00	1.211e+00	t
AX8-1a	500	570	30	1.00	-1.00	-	66.8	1.100e+01	6.454e-01	8.000e+00	7.434e-02	4.993e+00	2.374e+00	t
AX8-1a	500	575	30	1.00	-1.00	-	67.8	1.200e+01	6.637e-01	9.000e+00	6.222e-02	4.469e+00	1.741e+00	t
AX8-1a	500	580	30	1.00	-1.00	-	67.8	1.300e+01	6.679e-01	9.000e+00	5.382e-02	4.119e+00	1.406e+00	t
AX8-1a	500	585	30	1.00	-1.00	-	67.6	1.400e+01	6.710e-01	1.000e+01	4.793e-02	3.871e+00	1.191e+00	t
AX8-1a	520	570	30	1.00	-1.00	-	66.8	1.000e+01	6.167e-01	8.000e+00	8.406e-02	4.907e+00	2.081e+00	t
AX8-1a	520	575	30	1.00	-1.00	-	67.9	1.100e+01	6.350e-01	9.000e+00	6.989e-02	4.367e+00	1.509e+00	t
AX8-1a	520	580	30	1.00	-1.00	-	67.9	1.200e+01	6.392e-01	9.000e+00	6.020e-02	4.018e+00	1.214e+00	t
AX8-1a	520	585	30	1.00	-1.00	-	67.7	1.300e+01	6.423e-01	1.000e+01	5.345e-02	3.774e+00	1.024e+00	t
AX8-1a	530	575	30	1.00	-1.00	-	67.3	1.000e+01	6.049e-01	9.000e+00	7.957e-02	4.654e+00	1.553e+00	t
AX8-1a	530	580	30	1.00	-1.00	-	67.4	1.100e+01	6.091e-01	9.000e+00	6.818e-02	4.284e+00	1.233e+00	t
AX8-1a	530	585	30	1.00	-1.00	-	67.2	1.200e+01	6.122e-01	1.000e+01	6.031e-02	4.028e+00	1.028e+00	t
AX8-2a	400	570	30	1.00	-1.00	-	49.4	1.500e+01	6.094e-01	8.000e+00	5.569e-02	3.871e+00	1.793e+00	t
AX8-2a	400	575	30	1.00	-1.00	-	50.4	1.600e+01	6.263e-01	9.000e+00	4.858e-02	3.452e+00	1.546e+00	t
AX8-2a	400	580	30	1.00	-1.00	-	50.5	1.700e+01	6.334e-01	9.000e+00	4.279e-02	3.192e+00	1.289e+00	t
AX8-2a	400	585	30	1.00	-1.00	-	50.5	1.800e+01	6.373e-01	1.000e+01	3.863e-02	3.007e+00	1.130e+00	t
AX8-2a	425	575	30	1.00	-1.00	-	49.4	1.500e+01	6.061e-01	9.000e+00	4.943e-02	3.513e+00	1.448e+00	t
AX8-2a	425	580	30	1.00	-1.00	-	49.6	1.600e+01	6.132e-01	9.000e+00	4.346e-02	3.237e+00	1.203e+00	t
AX8-2a	425	585	30	1.00	-1.00	-	49.7	1.700e+01	6.171e-01	1.000e+01	3.917e-02	3.044e+00	1.051e+00	t
AX8-3a	400	566	30	1.00	-1.00	-	39.5	1.400e+01	6.172e-01	8.000e+00	4.635e-02	5.955e+00	3.057e+00	t
AX8-3a	400	570	30	1.00	-1.00	-	40.7	1.500e+01	7.236e-01	8.000e+00	4.145e-02	5.190e+00	2.814e+00	t
AX8-3a	400	575	30	1.00	-1.00	-	41.2	1.600e+01	7.402e-01	9.000e+00	3.659e-02	4.715e+00	2.481e+00	t
AX8-3a	400	580	30	1.00	-1.00	-	41.3	1.700e+01	7.538e-01	9.000e+00	3.249e-02	4.378e+00	2.224e+00	t
AX8-3a	400	585	30	1.00	-1.00	-	41.2	1.800e+01	7.599e-01	1.000e+01	2.954e-02	4.111e+00	2.221e+00	t
AX8-3a	425	570	30	1.00	-1.00	-	40.7	1.400e+01	7.028e-01	8.000e+00	4.610e-02	5.321e+00	2.574e+00	t
AX8-3a	425	575	30	1.00	-1.00	-	41.2	1.500e+01	7.194e-01	9.000e+00	4.047e-02	4.802e+00	2.285e+00	t
AX8-3a	425	580	30	1.00	-1.00	-	41.3	1.600e+01	7.329e-01	9.000e+00	3.578e-02	4.439e+00	2.060e+00	t
AX8-3a	425	585	30	1.00	-1.00	-	41.1	1.700e+01	7.391e-01	1.000e+01	3.245e-02	4.163e+00	2.092e+00	t
AX8-3a	450	570	30	1.00	-1.00	-	39.5	1.300e+01	6.439e-01	8.000e+00	4.576e-02	4.456e+00	2.150e+00	t
AX8-3a	450	575	30	1.00	-1.00	-	40.2	1.400e+01	6.606e-01	9.000e+00	4.058e-02	4.006e+00	1.907e+00	t
AX8-3a	450	580	30	1.00	-1.00	-	40.4	1.500e+01	6.741e-01	9.000e+00	3.583e-02	3.690e+00	1.734e+00	t
AX8-3a	450	585	30	1.00	-1.00	-	40.3	1.600e+01	6.802e-01	1.000e+01	3.232e-02	3.459e+00	1.809e+00	t
AX8-3a	475	570	30	1.00	-1.00	-	40.2	1.200e+01	6.139e-01	8.000e+00	5.100e-02	4.828e+00	2.329e+00	t
AX8-3a	475	575	30	1.00	-1.00	-	40.9	1.300e+01	6.305e-01	9.000e+00	4.454e-02	4.326e+00	2.042e+00	t
AX8-3a	475	580	30	1.00	-1.00	-	41.1	1.400e+01	6.441e-01	9.000e+00	3.898e-02	3.977e+00	1.850e+00	t
AX8-3a	475	585	30	1.00	-1.00	-	40.9	1.500e+01	6.502e-01	1.000e+01	3.508e-02	3.726e+00	1.932e+00	t
