BD1- 4b sun compass orientation
      0  42.3  52.0   0.0   0.0   1.0
NRM    291.9  44.8 291.9  44.8 8.51E-03 000.4 239.6  73.3 3.756643 3.839632 1.201306 hargrave 2019-12-18 16:56:54 
100.00 292.4  46.2 292.4  46.2 8.39E-03 000.4 234.5  73.2 3.227248 4.173672 0.184103 hargrave 2019-12-19 10:19:45 
100.10 293.3  47.2 293.3  47.2 7.96E-03 000.4 230.5  73.3 3.317382 3.436047 1.418681 hargrave 2019-12-19 15:36:20 
200.10 289.4  45.6 289.4  45.6 6.71E-03 000.4 238.7  71.4 2.381278 3.331837 0.794383 hargrave 2019-12-20 10:22:27 
200.00 291.2  44.8 291.2  44.8 7.10E-03 000.3 239.9  72.9 2.328619 3.447509 1.208716 hargrave 2019-12-20 13:32:01 
300.00 292.6  44.5 292.6  44.5 6.76E-03 000.3 239.8  73.9 2.024629 3.124192 1.372726 hargrave 2019-12-20 17:25:09 
100.20 293.0  44.5 293.0  44.5 6.99E-03 000.3 239.8  74.2 2.279861 3.195427 1.374721 hargrave 2019-12-21 11:57:12 
300.10 285.6  42.9 285.6  42.9 5.23E-03 000.4 248.0  69.2 1.863029 2.787640 2.148155 hargrave 2019-12-21 15:13:35 
400.10 262.8  50.7 262.8  50.7 2.92E-03 000.3 233.5  53.2 0.575290 1.347791 1.038279 hargrave 2019-12-22 12:26:51 
400.00 294.0  44.7 294.0  44.7 3.97E-03 000.3 238.2  74.8 1.306927 1.925527 0.848815 hargrave 2019-12-22 15:05:10 
425.00 293.2  43.3 293.2  43.3 4.74E-03 000.3 243.8  74.6 1.458540 2.184661 1.256250 hargrave 2019-12-23 11:01:14 
300.20 292.4  44.6 292.4  44.6 7.63E-03 000.3 239.9  73.7 2.451462 3.541282 1.923007 hargrave 2019-12-23 14:05:26 
425.10 287.0  41.8 287.0  41.8 5.29E-03 000.4 251.0  70.3 1.537215 2.397537 1.993689 hargrave 2019-12-24 01:57:41 
450.10 276.3  47.4 276.3  47.4 2.58E-03 000.4 238.6  62.2 0.585045 1.091635 1.112720 hargrave 2019-12-24 11:57:20 
450.00 287.9  44.0 287.9  44.0 1.66E-03 000.3 244.2  70.7 0.417694 0.697507 0.659625 hargrave 2019-12-25 12:39:10 
475.00 290.9  44.6 290.9  44.6 1.13E-03 000.3 240.7  72.7 0.312198 0.514151 0.376937 hargrave 2019-12-25 16:16:00 
425.20 266.5  38.8 266.5  38.8 1.10E-03 000.4 254.0  54.5 0.130844 0.548005 0.705955 hargrave 2019-12-26 11:05:36 
475.10 153.5 -30.3 153.5 -30.3 1.25E-03 000.3 252.5 -70.9 0.536380 0.327975 0.250341 hargrave 2019-12-26 15:03:20 
500.10 136.0 -34.2 136.0 -34.2 4.25E-03 000.3 219.8 -85.2 1.312858 1.576875 0.611292 hargrave 2019-12-27 12:37:38 
500.00 160.2  14.4 160.2  14.4 1.40E-04 000.5 212.1 -31.4 0.130773 0.071533 0.090813 hargrave 2019-12-27 16:36:05 
520.00 162.5  04.2 162.5  04.2 7.83E-05 000.9 220.4 -39.3 0.110727 0.077733 0.028797 hargrave 2019-12-28 16:13:30 
475.20 133.1 -34.8 133.1 -34.8 6.78E-03 000.3 192.1 -86.8 2.519949 2.840129 1.011493 hargrave 2019-12-29 14:46:43 
520.10 128.9 -40.0 128.9 -40.0 1.01E-02 000.3 051.9 -86.7 3.921644 3.975895 1.981451 hargrave 2019-12-30 11:10:36 
530.10 132.7 -38.8 132.7 -38.8 1.18E-02 000.3 336.6 -89.1 4.946547 5.053613 2.318263 hargrave 2019-12-30 15:04:02 
530.00 145.5 -32.9 145.5 -32.9 3.56E-04 000.3 248.6 -78.1 0.143992 0.151570 0.091291 hargrave 2019-12-30 21:17:52 
540.00 130.7 -19.8 130.7 -19.8 1.23E-04 000.3 175.2 -71.7 0.053793 0.048553 0.023381 hargrave 2020-01-01 10:22:35 
520.20 129.0 -36.7 129.0 -36.7 1.55E-02 000.4 115.7 -87.0 7.143455 7.201225 2.231148 hargrave 2020-01-01 13:51:38 
540.10 128.7 -43.6 128.7 -43.6 1.77E-02 000.4 024.9 -83.7 8.215206 8.406538 3.488944 hargrave 2020-01-01 17:47:22 
550.10 131.2 -39.1 131.2 -39.1 1.95E-02 000.3 036.6 -88.6 8.016439 8.541286 2.833907 hargrave 2020-01-02 13:17:52 
550.00 140.3 -38.6 140.3 -38.6 2.30E-04 000.4 278.3 -83.7 0.127995 0.116826 0.066499 hargrave 2020-01-02 17:45:41 
553.00 147.2 -24.9 147.2 -24.9 1.20E-04 000.5 228.4 -71.8 0.079119 0.068313 0.045387 hargrave 2020-01-03 11:21:17 
540.20 130.1 -40.8 130.1 -40.8 1.97E-02 000.4 030.6 -86.8 8.237437 9.211204 2.338612 hargrave 2020-01-03 14:50:08 
553.10 136.7 -39.9 136.7 -39.9 2.01E-02 000.3 347.1 -85.0 8.055843 9.028022 3.095002 hargrave 2020-01-14 15:45:32 
556.10 129.6 -37.3 129.6 -37.3 1.99E-02 000.4 061.1 -84.9 9.143038 8.259046 5.542129 hargrave 2020-01-18 14:40:49 
556.00 129.5 -28.4 129.5 -28.4 2.02E-04 000.3 142.1 -81.8 0.070455 0.098547 0.033845 hargrave 2020-01-19 11:06:09 
559.00 138.7 -20.9 138.7 -20.9 1.08E-04 000.5 193.4 -75.6 0.087783 0.059704 0.027238 hargrave 2020-01-19 14:31:01 
553.20 131.2 -38.9 131.2 -38.9 1.90E-02 000.4 038.7 -85.0 8.826612 8.024734 5.098803 hargrave 2020-01-20 11:04:13 