BD2- 6b mag compass orientation (IGRF corrected)
      0  72.7  70.0   0.0   0.0   1.0
NRM    285.7  19.2 285.7  19.2 1.42E-03 000.4 260.5  36.5 0.655191 0.166363 0.762198 hargrave 2019-12-18 17:22:07 
100.00 285.2  21.8 285.2  21.8 1.41E-03 000.4 257.2  36.6 0.601575 0.253486 0.821551 hargrave 2019-12-19 10:35:15 
100.10 284.3  28.8 284.3  28.8 1.39E-03 000.4 248.4  36.6 0.638591 0.276883 0.734791 hargrave 2019-12-19 15:55:40 
200.10 283.3  23.9 283.3  23.9 1.27E-03 000.5 254.3  35.2 0.633043 0.330903 0.768172 hargrave 2019-12-20 10:42:11 
200.00 284.9  25.7 284.9  25.7 1.29E-03 000.4 252.3  36.9 0.580407 0.359205 0.814129 hargrave 2019-12-20 13:46:40 
300.00 284.4  28.6 284.4  28.6 9.05E-04 000.4 248.7  36.7 0.329610 0.281473 0.557108 hargrave 2019-12-20 17:41:39 
100.20 284.6  25.8 284.6  25.8 8.94E-04 000.5 252.2  36.6 0.433594 0.304505 0.581558 hargrave 2019-12-21 12:15:33 
300.10 275.6  26.0 275.6  26.0 8.05E-04 000.6 250.5  28.6 0.392409 0.416826 0.617478 hargrave 2019-12-21 15:32:33 
400.10 237.3  19.2 237.3  19.2 3.64E-04 000.6 246.6 -07.1 0.236433 0.031568 0.293951 hargrave 2019-12-22 12:44:48 
400.00 283.1  29.5 283.1  29.5 4.83E-04 000.4 247.5  35.6 0.149974 0.177939 0.309988 hargrave 2019-12-22 15:19:47 
425.00 284.9  27.5 284.9  27.5 4.37E-04 000.4 250.1  37.0 0.104581 0.165980 0.290333 hargrave 2019-12-23 11:14:58 
300.20 259.2  21.2 259.2  21.2 3.49E-04 000.5 251.9  12.9 0.118063 0.111963 0.278158 hargrave 2019-12-23 14:24:17 
425.10 229.4  10.0 229.4  10.0 3.20E-04 000.5 251.9 -17.8 0.163956 0.061074 0.220613 hargrave 2019-12-24 02:16:20 
450.10 222.8  09.3 222.8  09.3 3.29E-04 000.4 249.5 -24.0 0.149468 0.063662 0.213965 hargrave 2019-12-24 12:16:07 
450.00 283.7  28.2 283.7  28.2 3.91E-04 000.5 249.1  36.0 0.066748 0.180301 0.286750 hargrave 2019-12-25 12:52:55 
475.00 284.9  27.6 284.9  27.6 3.75E-04 000.5 250.0  37.0 0.044441 0.168243 0.298505 hargrave 2019-12-25 16:30:38 
425.20 200.6 -01.5 200.6 -01.5 4.23E-04 000.4 248.2 -48.6 0.256885 0.103864 0.105604 hargrave 2019-12-26 11:23:32 
475.10 194.3 -06.5 194.3 -06.5 5.09E-04 000.4 250.7 -56.5 0.312019 0.159342 0.057987 hargrave 2019-12-26 15:22:05 
500.10 187.2 -07.0 187.2 -07.0 5.76E-04 000.3 244.8 -62.9 0.262897 0.219615 0.094507 hargrave 2019-12-27 12:55:36 
500.00 284.4  28.5 284.4  28.5 3.24E-04 000.6 248.8  36.6 0.088652 0.163499 0.262120 hargrave 2019-12-27 16:49:51 
520.00 284.9  26.9 284.9  26.9 3.01E-04 000.5 250.8  37.0 0.049118 0.142647 0.238550 hargrave 2019-12-28 16:27:16 
475.20 180.1 -11.9 180.1 -11.9 6.92E-04 000.4 246.8 -71.4 0.364277 0.313289 0.127264 hargrave 2019-12-29 15:05:32 
520.10 178.1 -12.2 178.1 -12.2 7.57E-04 000.4 244.4 -73.3 0.360108 0.297345 0.179683 hargrave 2019-12-30 11:28:33 
530.10 177.1 -13.6 177.1 -13.6 7.85E-04 000.4 247.3 -74.8 0.382284 0.303141 0.281836 hargrave 2019-12-30 15:23:43 
530.00 282.5  29.1 282.5  29.1 2.76E-04 000.5 247.8  35.0 0.126332 0.038484 0.193970 hargrave 2019-12-30 21:32:37 
540.00 283.1  27.6 283.1  27.6 2.58E-04 000.4 249.7  35.4 0.080449 0.047011 0.182236 hargrave 2020-01-01 10:38:47 
520.20 173.2 -15.3 173.2 -15.3 8.70E-04 000.4 246.5 -79.0 0.455265 0.381628 0.329936 hargrave 2020-01-01 14:09:38 
540.10 171.7 -16.2 171.7 -16.2 9.36E-04 000.4 247.1 -80.7 0.510863 0.408219 0.311738 hargrave 2020-01-01 18:05:25 
550.10 170.9 -19.2 170.9 -19.2 9.76E-04 000.4 265.8 -82.3 0.555320 0.426748 0.314239 hargrave 2020-01-02 13:36:45 
550.00 278.6  27.5 278.6  27.5 2.11E-04 000.4 249.3  31.5 0.053782 0.028452 0.142714 hargrave 2020-01-02 18:01:16 
553.00 280.1  29.6 280.1  29.6 2.13E-04 000.4 247.0  33.0 0.056015 0.069633 0.140061 hargrave 2020-01-03 11:35:51 
540.20 170.6 -18.2 170.6 -18.2 1.01E-03 000.4 257.6 -82.3 0.617975 0.464547 0.230066 hargrave 2020-01-03 15:08:08 
553.10 169.8 -18.7 169.8 -18.7 1.08E-03 000.4 259.9 -83.2 0.640904 0.483992 0.161839 hargrave 2020-01-14 16:02:10 
556.10 167.3 -17.8 167.3 -17.8 1.09E-03 000.3 244.3 -85.1 0.529631 0.411017 0.419163 hargrave 2020-01-18 14:58:22 
556.00 276.2  27.2 276.2  27.2 1.81E-04 000.6 249.3  29.3 0.107276 0.031289 0.144658 hargrave 2020-01-19 11:19:06 
559.00 278.4  27.6 278.4  27.6 1.80E-04 000.5 249.1  31.3 0.077373 0.014210 0.145256 hargrave 2020-01-19 14:44:01 
553.20 166.7 -18.1 166.7 -18.1 1.11E-03 000.3 244.6 -85.8 0.525165 0.413243 0.403014 hargrave 2020-01-20 11:20:03 
559.10 167.1 -17.1 167.1 -17.1 1.12E-03 000.3 235.8 -84.9 0.528083 0.434039 0.401066 hargrave 2020-01-20 15:18:21 
562.10 167.2 -20.0 167.2 -20.0 1.11E-03 000.4 270.4 -85.8 0.557901 0.467381 0.395876 hargrave 2020-01-21 08:58:54 
562.00 277.5  27.7 277.5  27.7 1.59E-04 000.6 248.9  30.6 0.107370 0.050199 0.131649 hargrave 2020-01-21 12:45:15 
565.00 279.0  27.6 279.0  27.6 1.49E-04 000.5 249.3  31.8 0.051059 0.029376 0.110635 hargrave 2020-01-21 15:49:58 
559.20 166.3 -20.8 166.3 -20.8 1.11E-03 000.4 283.5 -86.5 0.590027 0.457747 0.373859 hargrave 2020-01-22 10:53:33 
565.10 166.2 -19.8 166.2 -19.8 1.12E-03 000.4 266.7 -86.7 0.578128 0.452711 0.386994 hargrave 2020-01-22 14:57:14 
570.10 164.6 -20.9 164.6 -20.9 1.16E-03 000.4 295.5 -88.0 0.611671 0.470488 0.377932 hargrave 2020-01-23 12:18:16 
570.00 269.8  24.5 269.8  24.5 1.02E-04 000.6 251.1  23.2 0.062404 0.041082 0.084995 hargrave 2020-01-23 16:09:32 
575.00 277.7  27.5 277.7  27.5 9.19E-05 000.5 249.2  30.6 0.043058 0.016411 0.079654 hargrave 2020-01-24 11:08:53 
565.20 164.1 -20.8 164.1 -20.8 1.13E-03 000.4 300.5 -88.5 0.593423 0.466091 0.407593 hargrave 2020-01-24 15:01:38 
575.10 163.5 -21.0 163.5 -21.0 1.16E-03 000.4 323.5 -88.7 0.613682 0.540974 0.374954 hargrave 2020-01-25 14:37:38 
580.10 162.9 -21.4 162.9 -21.4 1.17E-03 000.4 351.1 -88.6 0.630013 0.542947 0.359056 hargrave 2020-01-26 12:40:20 
580.00 273.7  29.5 273.7  29.5 7.35E-05 000.7 246.4  27.5 0.062687 0.051166 0.061467 hargrave 2020-01-26 16:11:04 
585.00 277.5  26.7 277.5  26.7 7.56E-05 000.5 250.1  30.4 0.048259 0.013637 0.061906 hargrave 2020-01-27 12:53:58 
575.20 163.0 -21.9 163.0 -21.9 1.15E-03 000.4 353.2 -88.0 0.580144 0.533458 0.365092 hargrave 2020-01-28 08:48:03 
585.10 163.4 -22.1 163.4 -22.1 1.14E-03 000.4 343.7 -87.8 0.584147 0.540910 0.402192 hargrave 2020-01-30 12:57:48 
