BD2- 7b mag compass orientation (IGRF corrected)
      0  75.7  71.0   0.0   0.0   1.0
NRM    282.0  19.1 282.0  19.1 2.15E-03 000.5 258.5  30.2 1.056842 0.439279 1.367985 hargrave 2019-12-18 17:25:51 
100.00 281.7  20.8 281.7  20.8 2.14E-03 000.4 256.4  30.2 0.674561 0.587864 1.379571 hargrave 2019-12-19 10:36:49 
100.10 280.9  24.1 280.9  24.1 2.10E-03 000.4 252.5  30.1 0.835319 0.466880 1.358984 hargrave 2019-12-19 15:57:45 
200.10 280.3  22.6 280.3  22.6 2.00E-03 000.4 254.1  29.3 0.769169 0.690438 1.294373 hargrave 2019-12-20 10:44:17 
200.00 282.0  21.3 282.0  21.3 2.01E-03 000.5 256.0  30.5 0.697971 0.671224 1.405370 hargrave 2019-12-20 13:48:13 
300.00 281.5  30.1 281.5  30.1 1.55E-03 000.4 245.7  31.3 0.252698 0.477523 1.015066 hargrave 2019-12-20 17:43:13 
100.20 282.4  24.2 282.4  24.2 1.53E-03 000.4 252.7  31.4 0.611304 0.496364 1.034294 hargrave 2019-12-21 12:17:38 
300.10 277.1  18.8 277.1  18.8 1.45E-03 000.5 257.7  25.6 0.320879 0.544425 1.101940 hargrave 2019-12-21 15:34:35 
400.10 238.8  13.4 238.8  13.4 7.27E-04 000.5 251.5 -11.1 0.376055 0.053169 0.540966 hargrave 2019-12-22 12:46:53 
400.00 279.5  25.0 279.5  25.0 7.86E-04 000.5 251.2  28.9 0.264654 0.213983 0.566531 hargrave 2019-12-22 15:21:20 
425.00 281.3  23.4 281.3  23.4 6.77E-04 000.5 253.5  30.3 0.100488 0.251888 0.505684 hargrave 2019-12-23 11:16:31 
300.20 259.4  19.0 259.4  19.0 6.07E-04 000.5 253.1  09.4 0.130237 0.165872 0.472427 hargrave 2019-12-23 14:26:22 
425.10 223.8  09.6 223.8  09.6 6.42E-04 000.4 248.7 -26.0 0.243553 0.135179 0.440373 hargrave 2019-12-24 02:18:24 
450.10 218.3  08.0 218.3  08.0 6.28E-04 000.4 247.4 -31.6 0.251065 0.128643 0.403959 hargrave 2019-12-24 12:18:12 
450.00 278.7  22.2 278.7  22.2 5.82E-04 000.5 254.3  27.7 0.078367 0.238537 0.475071 hargrave 2019-12-25 12:54:29 
475.00 279.8  25.0 279.8  25.0 5.51E-04 000.5 251.3  29.2 0.063682 0.202500 0.448419 hargrave 2019-12-25 16:32:11 
425.20 209.9  01.4 209.9  01.4 7.11E-04 000.4 249.9 -42.0 0.341974 0.163289 0.343611 hargrave 2019-12-26 11:25:37 
475.10 204.0 -03.9 204.0 -03.9 8.10E-04 000.4 252.8 -49.6 0.381434 0.269991 0.315105 hargrave 2019-12-26 15:24:09 
500.10 199.0 -08.7 199.0 -08.7 8.50E-04 000.4 257.0 -56.2 0.380076 0.371364 0.213327 hargrave 2019-12-27 12:57:41 
500.00 278.5  23.5 278.5  23.5 4.52E-04 000.6 252.8  27.8 0.161398 0.243558 0.428205 hargrave 2019-12-27 16:51:25 
520.00 278.9  24.1 278.9  24.1 4.09E-04 000.6 252.2  28.2 0.082525 0.239367 0.380699 hargrave 2019-12-28 16:28:49 
475.20 191.9 -09.8 191.9 -09.8 9.29E-04 000.4 253.7 -63.0 0.410431 0.481727 0.185009 hargrave 2019-12-29 15:07:37 
520.10 190.3 -13.6 190.3 -13.6 1.01E-03 000.4 260.7 -65.8 0.510082 0.537976 0.214494 hargrave 2019-12-30 11:30:38 
530.10 188.8 -13.5 188.8 -13.5 1.05E-03 000.4 259.4 -67.2 0.514328 0.605703 0.292838 hargrave 2019-12-30 15:25:52 
530.00 275.0  25.2 275.0  25.2 3.59E-04 000.7 250.3  24.9 0.201143 0.130489 0.412832 hargrave 2019-12-30 21:34:10 
540.00 275.7  27.0 275.7  27.0 3.31E-04 000.5 248.5  25.8 0.184136 0.078725 0.248583 hargrave 2020-01-01 10:40:21 
520.20 183.9 -16.4 183.9 -16.4 1.16E-03 000.4 264.2 -72.5 0.538357 0.661260 0.328986 hargrave 2020-01-01 14:11:43 
540.10 181.0 -16.5 181.0 -16.5 1.28E-03 000.4 262.6 -75.3 0.585315 0.695571 0.331609 hargrave 2020-01-01 18:07:32 
550.10 178.5 -17.7 178.5 -17.7 1.34E-03 000.4 265.9 -77.8 0.635750 0.685185 0.283610 hargrave 2020-01-02 13:38:50 
550.00 269.8  25.8 269.8  25.8 2.67E-04 000.4 248.7  20.4 0.064277 0.032698 0.195697 hargrave 2020-01-02 18:02:51 
553.00 272.6  25.2 272.6  25.2 2.60E-04 000.4 249.9  22.7 0.021295 0.045089 0.200713 hargrave 2020-01-03 11:37:25 
540.20 178.7 -17.7 178.7 -17.7 1.38E-03 000.4 266.1 -77.6 0.678532 0.635282 0.258896 hargrave 2020-01-03 15:10:13 
553.10 177.5 -17.2 177.5 -17.2 1.49E-03 000.4 262.5 -78.7 0.723886 0.616265 0.250699 hargrave 2020-01-14 16:04:14 
556.10 174.7 -17.2 174.7 -17.2 1.50E-03 000.4 259.3 -81.2 0.810107 0.819375 0.485448 hargrave 2020-01-18 15:00:28 
556.00 266.8  22.5 266.8  22.5 2.22E-04 000.6 251.4  17.0 0.140364 0.069828 0.193183 hargrave 2020-01-19 11:20:40 
559.00 271.3  22.5 271.3  22.5 2.15E-04 000.6 252.5  21.0 0.130208 0.047671 0.185370 hargrave 2020-01-19 14:45:35 
553.20 174.1 -16.7 174.1 -16.7 1.51E-03 000.4 255.3 -81.7 0.715171 0.805025 0.475732 hargrave 2020-01-20 11:22:08 
559.10 172.9 -19.0 172.9 -19.0 1.53E-03 000.4 270.9 -83.2 0.823563 0.826353 0.544682 hargrave 2020-01-20 15:20:26 
562.10 173.2 -18.3 173.2 -18.3 1.54E-03 000.4 265.2 -82.9 0.761360 0.787496 0.387932 hargrave 2020-01-21 09:00:54 
562.00 268.2  21.4 268.2  21.4 1.93E-04 000.7 252.9  18.0 0.157638 0.055788 0.171126 hargrave 2020-01-21 12:46:43 
565.00 270.0  24.0 270.0  24.0 1.88E-04 000.6 250.7  20.2 0.085601 0.028548 0.162253 hargrave 2020-01-21 15:51:26 
559.20 172.2 -17.7 172.2 -17.7 1.51E-03 000.4 258.8 -83.7 0.752683 0.813784 0.428122 hargrave 2020-01-22 10:55:33 
565.10 172.5 -18.0 172.5 -18.0 1.53E-03 000.4 262.5 -83.5 0.807237 0.842536 0.414993 hargrave 2020-01-22 15:00:04 
570.10 170.8 -18.7 170.8 -18.7 1.57E-03 000.4 266.9 -85.1 0.842804 0.812936 0.433013 hargrave 2020-01-23 12:20:15 
570.00 257.9  20.0 257.9  20.0 1.38E-04 000.6 251.6  08.4 0.077616 0.041733 0.120907 hargrave 2020-01-23 16:11:00 
575.00 266.9  23.7 266.9  23.7 1.20E-04 000.7 250.2  17.4 0.091728 0.039296 0.109042 hargrave 2020-01-24 11:10:21 
565.20 170.4 -18.5 170.4 -18.5 1.53E-03 000.4 264.6 -85.5 0.818526 0.823959 0.450849 hargrave 2020-01-24 15:03:37 
575.10 169.7 -18.9 169.7 -18.9 1.56E-03 000.5 269.8 -86.2 0.876099 0.880454 0.438346 hargrave 2020-01-25 14:39:37 
580.10 169.4 -19.2 169.4 -19.2 1.57E-03 000.4 273.1 -86.5 0.868705 0.822123 0.413048 hargrave 2020-01-26 12:42:23 
580.00 261.3  22.0 261.3  22.0 1.02E-04 000.5 250.6  12.0 0.037147 0.017061 0.089713 hargrave 2020-01-26 16:12:32 
585.00 267.0  25.7 267.0  25.7 9.95E-05 000.6 248.3  17.9 0.040820 0.023344 0.089826 hargrave 2020-01-27 12:55:30 
575.20 169.4 -19.6 169.4 -19.6 1.54E-03 000.4 279.6 -86.5 0.886192 0.788905 0.380095 hargrave 2020-01-28 08:50:53 
585.10 169.2 -19.7 169.2 -19.7 1.53E-03 000.4 281.9 -86.6 0.848324 0.810900 0.356276 hargrave 2020-01-30 13:00:37 
