BD2- 13a sun compass orientation
      0  61.7  78.0   0.0   0.0   1.0
NRM    286.6  23.9 286.6  23.9 2.10E-03 000.4 248.0  45.7 0.756240 0.595494 1.443372 hargrave 2020-10-12 16:21:24 
100.00 286.5  22.0 286.5  22.0 2.10E-03 000.5 250.7  45.8 0.573712 0.647655 1.839366 hargrave 2020-10-14 11:25:44 
100.10 286.5  23.7 286.5  23.7 2.07E-03 000.5 248.2  45.6 0.622548 0.678306 1.475991 hargrave 2020-10-14 17:03:13 
200.10 286.7  27.0 286.7  27.0 2.02E-03 000.4 243.6  45.3 0.564356 0.667347 1.370436 hargrave 2020-10-15 11:49:39 
200.00 287.1  27.3 287.1  27.3 2.02E-03 000.4 243.1  45.5 0.474253 0.736474 1.353693 hargrave 2020-10-15 14:43:29 
300.00 287.2  26.2 287.2  26.2 1.85E-03 000.4 244.5  45.9 0.378470 0.689248 1.323114 hargrave 2020-10-15 17:22:32 
100.20 287.3  24.9 287.3  24.9 1.84E-03 000.4 246.4  46.2 0.399662 0.635069 1.310055 hargrave 2020-10-16 13:50:50 
300.10 283.9  26.1 283.9  26.1 1.60E-03 000.6 245.4  43.0 0.688325 0.773744 1.266195 hargrave 2020-10-18 14:30:46 
400.10 248.9  25.9 248.9  25.9 6.22E-04 000.5 245.7  11.6 0.081376 0.225977 0.548795 hargrave 2020-10-18 18:03:20 
400.00 287.3  27.1 287.3  27.1 8.48E-04 000.4 243.3  45.8 0.189986 0.351567 0.533558 hargrave 2020-10-19 11:57:58 
450.00 287.4  25.2 287.4  25.2 6.68E-04 000.4 245.9  46.2 0.121157 0.263700 0.419174 hargrave 2020-10-19 14:57:48 
300.20 275.1  28.3 275.1  28.3 5.56E-04 000.4 243.7  34.9 0.147489 0.176750 0.369003 hargrave 2020-10-19 19:02:32 
450.10 217.8  20.1 217.8  20.1 4.64E-04 000.5 244.1 -17.5 0.114545 0.116251 0.359435 hargrave 2020-10-20 11:43:14 
475.10 201.0  14.0 201.0  14.0 4.61E-04 000.4 243.5 -34.6 0.145426 0.168805 0.281901 hargrave 2020-10-20 16:27:06 
475.00 285.1  24.2 285.1  24.2 5.39E-04 000.4 247.8  44.3 0.071555 0.161487 0.357676 hargrave 2020-10-21 11:29:09 
500.00 286.3  26.3 286.3  26.3 4.93E-04 000.4 244.7  45.1 0.101302 0.166324 0.317823 hargrave 2020-10-21 15:57:07 
450.20 180.9  04.1 180.9  04.1 5.36E-04 000.3 242.8 -56.8 0.196493 0.200547 0.160850 hargrave 2020-10-22 11:10:20 
500.10 175.5  03.0 175.5  03.0 5.69E-04 000.3 239.1 -62.0 0.207229 0.233890 0.148620 hargrave 2020-10-22 14:58:56 
510.10 175.4 -01.5 175.4 -01.5 5.95E-04 000.3 247.7 -64.3 0.231929 0.229308 0.123232 hargrave 2020-10-22 18:43:18 
510.00 285.5  25.4 285.5  25.4 4.18E-04 000.4 246.0  44.5 0.080442 0.117157 0.260692 hargrave 2020-10-23 12:58:37 
520.00 285.5  25.1 285.5  25.1 3.98E-04 000.4 246.5  44.5 0.083020 0.147377 0.253499 hargrave 2020-10-23 16:03:58 
500.20 165.4 -07.2 165.4 -07.2 6.78E-04 000.3 251.9 -75.7 0.276948 0.268269 0.031516 hargrave 2020-10-25 17:07:12 
520.10 164.5 -08.1 164.5 -08.1 7.15E-04 000.2 254.2 -76.8 0.180499 0.181791 0.050555 hargrave 2020-10-26 12:23:15 
530.10 166.4 -07.5 166.4 -07.5 7.88E-04 000.2 254.2 -74.8 0.249681 0.233040 0.045516 hargrave 2020-10-26 18:54:14 
530.00 284.3  28.0 284.3  28.0 3.49E-04 000.4 242.7  43.0 0.069043 0.117704 0.214725 hargrave 2020-10-27 11:03:49 
540.00 284.5  27.2 284.5  27.2 3.35E-04 000.4 243.8  43.3 0.105808 0.091724 0.210637 hargrave 2020-10-27 14:01:45 
520.20 161.2 -07.7 161.2 -07.7 8.60E-04 000.3 246.1 -79.7 0.319235 0.280676 0.070328 hargrave 2020-10-27 17:16:14 
540.10 158.7 -10.3 158.7 -10.3 9.15E-04 000.3 256.9 -82.9 0.357417 0.307143 0.048004 hargrave 2020-10-28 10:06:24 
550.10 157.1 -11.1 157.1 -11.1 1.04E-03 000.3 260.4 -84.6 0.388221 0.344916 0.052546 hargrave 2020-10-28 14:11:57 
550.00 275.9  27.0 275.9  27.0 2.63E-04 000.5 245.2  35.8 0.089003 0.084616 0.183607 hargrave 2020-10-28 17:14:36 
553.00 281.6  29.5 281.6  29.5 2.75E-04 000.4 241.4  40.4 0.072347 0.087974 0.178149 hargrave 2020-10-29 09:45:00 
540.20 155.6 -10.5 155.6 -10.5 1.12E-03 000.3 248.8 -85.9 0.400596 0.400359 0.134056 hargrave 2020-10-31 10:25:44 
553.10 156.4 -09.7 156.4 -09.7 1.22E-03 000.3 243.8 -84.8 0.463538 0.444466 0.074020 hargrave 2020-10-31 14:18:52 
556.10 156.3 -10.0 156.3 -10.0 1.26E-03 000.3 246.7 -85.1 0.452186 0.446325 0.089708 hargrave 2020-10-31 17:54:10 
556.00 279.8  30.7 279.8  30.7 2.27E-04 000.4 240.1  38.7 0.045321 0.076365 0.144248 hargrave 2020-11-01 09:35:25 
559.00 280.6  29.0 280.6  29.0 2.26E-04 000.4 242.1  39.6 0.047957 0.053521 0.146043 hargrave 2020-11-01 12:45:22 
553.20 155.5 -13.2 155.5 -13.2 1.33E-03 000.3 288.1 -86.1 0.535596 0.479724 0.076118 hargrave 2020-11-01 16:11:27 
559.10 154.8 -12.4 154.8 -12.4 1.40E-03 000.3 278.9 -87.0 0.502160 0.488559 0.075393 hargrave 2020-11-02 10:03:14 
562.10 154.3 -11.4 154.3 -11.4 1.42E-03 000.3 257.3 -87.4 0.553114 0.509805 0.085159 hargrave 2020-11-02 13:37:34 
562.00 274.0  31.6 274.0  31.6 1.64E-04 000.5 239.9  33.7 0.068022 0.029674 0.118246 hargrave 2020-11-02 16:53:41 
565.00 278.0  31.0 278.0  31.0 1.59E-04 000.4 240.0  37.1 0.038996 0.038687 0.103907 hargrave 2020-11-03 09:47:03 
559.20 155.2 -13.2 155.2 -13.2 1.42E-03 000.3 289.2 -86.4 0.614025 0.541553 0.070637 hargrave 2020-11-03 13:12:03 
565.10 153.1 -13.1 153.1 -13.1 1.47E-03 000.3 307.3 -88.3 0.573302 0.568938 0.085763 hargrave 2020-11-03 16:53:02 
570.10 152.9 -13.3 152.9 -13.3 1.54E-03 000.3 317.7 -88.2 0.609381 0.620915 0.110628 hargrave 2020-11-04 10:10:28 
570.00 272.0  28.2 272.0  28.2 1.16E-04 000.5 244.1  32.2 0.056600 0.049185 0.087036 hargrave 2020-11-04 13:22:08 
575.00 276.6  30.7 276.6  30.7 1.22E-04 000.5 240.6  36.0 0.062187 0.050795 0.086335 hargrave 2020-11-04 16:26:58 
565.20 152.3 -13.3 152.3 -13.3 1.49E-03 000.4 334.7 -88.5 0.666007 0.681196 0.088232 hargrave 2020-11-04 20:07:47 
575.10 154.2 -12.9 154.2 -12.9 1.53E-03 000.3 289.7 -87.4 0.681417 0.631415 0.053330 hargrave 2020-11-05 11:38:03 
580.10 152.6 -13.4 152.6 -13.4 1.54E-03 000.3 329.5 -88.4 0.605721 0.616814 0.112301 hargrave 2020-11-05 15:08:09 
580.00 270.6  28.3 270.6  28.3 1.00E-04 000.5 244.0  30.9 0.075733 0.056158 0.076268 hargrave 2020-11-05 18:23:04 
585.00 277.6  34.9 277.6  34.9 1.00E-04 000.6 235.3  36.1 0.066499 0.048247 0.071193 hargrave 2020-11-06 09:41:53 
575.20 153.7 -13.0 153.7 -13.0 1.56E-03 000.3 298.1 -87.8 0.634665 0.578667 0.058802 hargrave 2020-11-06 13:27:48 
585.10 153.8 -12.9 153.8 -12.9 1.58E-03 000.3 294.4 -87.7 0.662104 0.627388 0.036024 hargrave 2020-11-06 17:54:17 
