BD2- 5b mag compass orientation (IGRF corrected)
      0  66.7  70.0   0.0   0.0   1.0
NRM    285.1  26.7 285.1  26.7 1.39E-03 000.4 251.7  42.5 0.632883 0.367065 0.723594 hargrave 2019-12-18 17:19:14 
100.00 284.9  28.5 284.9  28.5 1.38E-03 000.4 249.2  42.4 0.362624 0.539420 0.709715 hargrave 2019-12-19 10:33:41 
100.10 284.9  27.5 284.9  27.5 1.35E-03 000.4 250.6  42.3 0.489020 0.434995 0.754972 hargrave 2019-12-19 15:53:36 
200.10 282.9  30.3 282.9  30.3 1.23E-03 000.4 246.8  40.6 0.373378 0.424109 0.699642 hargrave 2019-12-20 10:40:05 
200.00 285.2  26.7 285.2  26.7 1.26E-03 000.4 251.7  42.5 0.390949 0.468027 0.783517 hargrave 2019-12-20 13:45:06 
300.00 283.5  30.4 283.5  30.4 9.13E-04 000.4 246.6  41.2 0.169950 0.325445 0.586356 hargrave 2019-12-20 17:40:05 
100.20 283.6  27.5 283.6  27.5 9.00E-04 000.5 250.4  41.2 0.257954 0.333117 0.611859 hargrave 2019-12-21 12:13:27 
300.10 276.1  20.7 276.1  20.7 8.02E-04 000.5 257.8  33.6 0.193130 0.338740 0.606256 hargrave 2019-12-21 15:30:34 
400.10 239.5  22.5 239.5  22.5 4.08E-04 000.5 246.5  01.3 0.166570 0.016889 0.342669 hargrave 2019-12-22 12:42:44 
400.00 281.6  27.1 281.6  27.1 5.26E-04 000.4 250.8  39.4 0.135565 0.196016 0.345446 hargrave 2019-12-22 15:18:13 
425.00 283.1  27.4 283.1  27.4 4.74E-04 000.4 250.5  40.7 0.059571 0.171897 0.325446 hargrave 2019-12-23 11:13:25 
300.20 257.7  27.2 257.7  27.2 3.78E-04 000.5 246.9  18.4 0.094107 0.099015 0.313841 hargrave 2019-12-23 14:22:11 
425.10 230.2  15.0 230.2  15.0 3.50E-04 000.6 250.0 -09.7 0.146122 0.066795 0.310653 hargrave 2019-12-24 02:14:15 
450.10 223.5  11.4 223.5  11.4 3.39E-04 000.5 250.6 -17.2 0.158621 0.079998 0.288234 hargrave 2019-12-24 12:14:03 
450.00 281.7  28.0 281.7  28.0 4.17E-04 000.5 249.7  39.5 0.068526 0.186738 0.350459 hargrave 2019-12-25 12:51:22 
475.00 282.8  27.4 282.8  27.4 4.02E-04 000.5 250.5  40.5 0.084552 0.163988 0.343574 hargrave 2019-12-25 16:29:04 
425.20 202.5  00.5 202.5  00.5 4.14E-04 000.5 251.0 -40.7 0.301202 0.117697 0.231155 hargrave 2019-12-26 11:21:27 
475.10 194.8 -04.2 194.8 -04.2 4.82E-04 000.5 252.1 -49.7 0.336247 0.192561 0.195773 hargrave 2019-12-26 15:20:00 
500.10 188.1 -08.5 188.1 -08.5 5.33E-04 000.5 253.8 -57.5 0.345727 0.285512 0.145363 hargrave 2019-12-27 12:53:30 
500.00 282.4  28.7 282.4  28.7 3.45E-04 000.6 248.8  40.2 0.114024 0.164879 0.310314 hargrave 2019-12-27 16:48:17 
520.00 283.1  25.6 283.1  25.6 3.22E-04 000.6 252.9  40.6 0.036004 0.148779 0.293324 hargrave 2019-12-28 16:25:43 
475.20 180.5 -13.4 180.5 -13.4 6.34E-04 000.5 257.5 -66.3 0.425641 0.391429 0.128696 hargrave 2019-12-29 15:02:36 
520.10 178.2 -14.5 178.2 -14.5 7.01E-04 000.5 258.4 -68.8 0.424685 0.433182 0.178586 hargrave 2019-12-30 11:26:29 
530.10 176.1 -13.7 176.1 -13.7 7.37E-04 000.5 254.3 -70.4 0.436756 0.500315 0.222959 hargrave 2019-12-30 15:21:37 
530.00 280.2  23.8 280.2  23.8 2.91E-04 000.5 254.8  37.8 0.132658 0.103439 0.227182 hargrave 2019-12-30 21:31:04 
540.00 280.5  27.8 280.5  27.8 2.73E-04 000.4 249.8  38.4 0.076267 0.069016 0.182747 hargrave 2020-01-01 10:37:09 
520.20 173.3 -17.0 173.3 -17.0 8.15E-04 000.5 261.9 -74.0 0.480372 0.536558 0.246563 hargrave 2020-01-01 14:07:33 
540.10 171.9 -17.8 171.9 -17.8 8.89E-04 000.5 263.7 -75.5 0.509883 0.552458 0.238731 hargrave 2020-01-01 18:03:19 
550.10 169.9 -17.9 169.9 -17.9 9.35E-04 000.5 262.8 -77.3 0.565528 0.517814 0.200395 hargrave 2020-01-02 13:34:39 
550.00 277.1  27.8 277.1  27.8 2.30E-04 000.4 249.4  35.5 0.036630 0.079598 0.147685 hargrave 2020-01-02 17:59:42 
553.00 279.0  30.3 279.0  30.3 2.26E-04 000.4 246.5  37.3 0.052424 0.080709 0.133696 hargrave 2020-01-03 11:34:18 
540.20 170.0 -17.2 170.0 -17.2 9.77E-04 000.5 259.5 -77.1 0.557933 0.518142 0.266383 hargrave 2020-01-03 15:06:03 
553.10 169.8 -18.3 169.8 -18.3 1.03E-03 000.5 264.4 -77.5 0.613904 0.524906 0.221459 hargrave 2020-01-14 16:00:04 
556.10 167.3 -17.6 167.3 -17.6 1.05E-03 000.4 258.3 -79.6 0.553202 0.610985 0.293020 hargrave 2020-01-18 14:55:27 
556.00 275.1  29.0 275.1  29.0 1.98E-04 000.6 247.8  33.8 0.120353 0.072101 0.143816 hargrave 2020-01-19 11:17:32 
559.00 276.9  29.0 276.9  29.0 1.93E-04 000.5 248.0  35.4 0.118776 0.046269 0.144004 hargrave 2020-01-19 14:42:26 
553.20 166.6 -17.2 166.6 -17.2 1.06E-03 000.4 255.2 -80.2 0.538719 0.576917 0.306923 hargrave 2020-01-20 11:17:57 
559.10 167.0 -16.6 167.0 -16.6 1.08E-03 000.5 252.5 -79.7 0.590512 0.656488 0.332942 hargrave 2020-01-20 15:16:16 
562.10 165.9 -19.9 165.9 -19.9 1.06E-03 000.4 270.8 -81.4 0.581569 0.551083 0.287210 hargrave 2020-01-21 08:56:52 
562.00 276.2  29.6 276.2  29.6 1.66E-04 000.5 247.3  34.8 0.094516 0.049353 0.112297 hargrave 2020-01-21 12:43:43 
565.00 276.6  27.9 276.6  27.9 1.56E-04 000.5 249.4  35.0 0.066559 0.042899 0.113758 hargrave 2020-01-21 15:48:27 
559.20 165.4 -20.4 165.4 -20.4 1.06E-03 000.5 274.4 -81.8 0.561093 0.599569 0.303086 hargrave 2020-01-22 10:51:31 
565.10 164.7 -20.2 164.7 -20.2 1.07E-03 000.5 272.9 -82.5 0.651416 0.595248 0.276546 hargrave 2020-01-22 14:55:09 
570.10 162.8 -20.8 162.8 -20.8 1.11E-03 000.5 279.0 -84.2 0.642205 0.623676 0.300454 hargrave 2020-01-23 12:15:25 
570.00 270.9  22.9 270.9  22.9 1.05E-04 000.4 254.3  29.2 0.057095 0.040268 0.068100 hargrave 2020-01-23 16:08:01 
575.00 275.5  27.8 275.5  27.8 9.18E-05 000.5 249.4  34.0 0.033586 0.025418 0.070112 hargrave 2020-01-24 11:07:17 
565.20 162.3 -20.7 162.3 -20.7 1.09E-03 000.4 278.7 -84.7 0.573647 0.587487 0.277367 hargrave 2020-01-24 14:58:46 
575.10 161.8 -20.6 161.8 -20.6 1.10E-03 000.5 277.9 -85.2 0.637904 0.587115 0.301073 hargrave 2020-01-25 14:34:47 
580.10 161.4 -20.9 161.4 -20.9 1.11E-03 000.4 282.5 -85.5 0.595756 0.585851 0.260733 hargrave 2020-01-26 12:37:27 
580.00 273.6  28.1 273.6  28.1 7.69E-05 000.4 248.7  32.4 0.010794 0.055356 0.062487 hargrave 2020-01-26 16:09:31 
585.00 276.8  25.8 276.8  25.8 7.60E-05 000.5 251.9  35.0 0.022997 0.037445 0.055529 hargrave 2020-01-27 12:52:26 
575.20 161.1 -21.2 161.1 -21.2 1.10E-03 000.4 287.3 -85.7 0.607392 0.591213 0.275060 hargrave 2020-01-28 08:46:00 
585.10 161.8 -21.2 161.8 -21.2 1.08E-03 000.5 285.0 -85.1 0.606535 0.587948 0.286012 hargrave 2020-01-30 12:55:45 
