BD2- 10a sun compass orientation
      0  75.2  74.0   0.0   0.0   1.0
NRM    288.3  24.4 288.3  24.4 1.83E-03 000.5 251.2  36.3 0.848614 0.610195 1.270802 hargrave 2020-10-12 16:13:03 
100.00 288.2  26.2 288.2  26.2 1.83E-03 000.5 249.0  36.3 0.609621 0.659677 1.244349 hargrave 2020-10-14 11:19:40 
100.10 289.5  22.8 289.5  22.8 1.80E-03 000.5 253.2  37.3 0.635404 0.750634 1.239154 hargrave 2020-10-14 16:54:48 
200.10 289.1  23.6 289.1  23.6 1.77E-03 000.5 252.2  37.0 0.571027 0.677175 1.209578 hargrave 2020-10-15 11:42:04 
200.00 289.4  25.6 289.4  25.6 1.76E-03 000.5 249.8  37.3 0.385965 0.651180 1.216977 hargrave 2020-10-15 14:36:39 
300.00 289.1  23.5 289.1  23.5 1.55E-03 000.5 252.3  37.0 0.222981 0.694455 1.085113 hargrave 2020-10-15 17:16:32 
100.20 289.1  24.0 289.1  24.0 1.53E-03 000.5 251.7  37.0 0.410327 0.550693 1.155261 hargrave 2020-10-16 13:43:11 
300.10 282.9  22.7 282.9  22.7 1.34E-03 000.6 252.8  31.3 0.520059 0.604185 1.076157 hargrave 2020-10-18 14:17:17 
400.10 237.3  20.4 237.3  20.4 5.48E-04 000.4 245.0 -10.4 0.133890 0.139705 0.427259 hargrave 2020-10-18 17:54:15 
400.00 285.7  23.0 285.7  23.0 6.39E-04 000.5 252.7  33.8 0.118092 0.335416 0.495179 hargrave 2020-10-19 11:50:20 
450.00 287.0  22.5 287.0  22.5 5.33E-04 000.5 253.4  35.0 0.096580 0.238627 0.422015 hargrave 2020-10-19 14:50:09 
300.20 264.4  24.1 264.4  24.1 4.49E-04 000.5 248.7  14.7 0.111529 0.163165 0.376764 hargrave 2020-10-19 18:53:25 
450.10 221.7  08.5 221.7  08.5 4.45E-04 000.4 250.5 -28.9 0.084129 0.130758 0.284318 hargrave 2020-10-20 11:33:58 
475.10 206.9  05.6 206.9  05.6 5.34E-04 000.3 245.7 -43.4 0.189282 0.121668 0.259700 hargrave 2020-10-20 16:17:53 
475.00 286.3  22.5 286.3  22.5 4.38E-04 000.5 253.3  34.3 0.060815 0.144382 0.334034 hargrave 2020-10-21 11:21:30 
500.00 287.0  25.1 287.0  25.1 3.98E-04 000.5 250.3  35.1 0.062833 0.166109 0.300995 hargrave 2020-10-21 15:49:28 
450.20 197.5  02.6 197.5  02.6 6.37E-04 000.4 242.6 -53.1 0.248648 0.233822 0.231287 hargrave 2020-10-22 11:01:11 
500.10 193.1  03.2 193.1  03.2 6.45E-04 000.4 237.6 -56.4 0.254974 0.253876 0.206443 hargrave 2020-10-22 14:49:39 
510.10 190.2  02.5 190.2  02.5 6.67E-04 000.4 235.4 -59.1 0.277124 0.273702 0.197308 hargrave 2020-10-22 18:34:11 
510.00 286.5  24.7 286.5  24.7 3.43E-04 000.5 250.7  34.7 0.063790 0.147576 0.257468 hargrave 2020-10-23 12:50:57 
520.00 286.5  26.3 286.5  26.3 3.26E-04 000.5 248.7  34.7 0.042699 0.116835 0.229736 hargrave 2020-10-23 15:56:16 
500.20 184.7  00.7 184.7  00.7 7.67E-04 000.3 230.9 -64.5 0.273469 0.348629 0.172004 hargrave 2020-10-25 16:58:44 
520.10 184.3 -01.9 184.3 -01.9 7.92E-04 000.3 235.1 -66.5 0.261582 0.251105 0.218848 hargrave 2020-10-26 13:49:45 
530.10 181.7 -05.7 181.7 -05.7 8.36E-04 000.3 239.2 -70.8 0.313115 0.311622 0.176117 hargrave 2020-10-26 18:45:53 
530.00 284.3  22.3 284.3  22.3 2.89E-04 000.6 253.5  32.5 0.090965 0.154922 0.232345 hargrave 2020-10-27 10:56:11 
540.00 285.5  23.3 285.5  23.3 2.73E-04 000.5 252.4  33.7 0.107680 0.100421 0.207543 hargrave 2020-10-27 13:54:50 
520.20 179.2 -05.4 179.2 -05.4 9.14E-04 000.4 233.9 -72.6 0.434843 0.325160 0.185288 hargrave 2020-10-27 17:06:57 
540.10 176.2 -04.5 176.2 -04.5 9.76E-04 000.4 224.4 -74.3 0.441128 0.399744 0.197666 hargrave 2020-10-28 09:57:55 
550.10 175.2 -06.6 175.2 -06.6 1.06E-03 000.4 227.5 -76.4 0.482945 0.440108 0.181203 hargrave 2020-10-28 14:02:41 
550.00 280.2  22.5 280.2  22.5 2.13E-04 000.4 252.7  28.7 0.062177 0.076889 0.165442 hargrave 2020-10-28 17:07:44 
553.00 284.3  21.4 284.3  21.4 2.16E-04 000.5 254.5  32.4 0.106080 0.094533 0.165420 hargrave 2020-10-29 09:38:12 
540.20 173.4 -07.3 173.4 -07.3 1.14E-03 000.3 223.6 -78.2 0.450764 0.495610 0.113738 hargrave 2020-10-31 10:17:23 
553.10 171.9 -09.5 171.9 -09.5 1.19E-03 000.4 225.9 -80.8 0.579025 0.552456 0.181743 hargrave 2020-10-31 14:09:38 
556.10 172.2 -10.1 172.2 -10.1 1.23E-03 000.4 230.3 -81.0 0.564132 0.531119 0.149919 hargrave 2020-10-31 17:45:45 
556.00 280.2  21.6 280.2  21.6 1.67E-04 000.5 253.7  28.6 0.086374 0.073399 0.124862 hargrave 2020-11-01 09:28:35 
559.00 281.8  22.2 281.8  22.2 1.55E-04 000.5 253.2  30.2 0.100406 0.059999 0.119504 hargrave 2020-11-01 12:38:36 
553.20 170.2 -11.3 170.2 -11.3 1.27E-03 000.4 226.8 -83.3 0.557638 0.549478 0.162449 hargrave 2020-11-01 16:01:30 
559.10 169.4 -11.5 169.4 -11.5 1.32E-03 000.4 223.1 -83.9 0.595361 0.583630 0.187952 hargrave 2020-11-02 09:54:02 
562.10 167.5 -12.0 167.5 -12.0 1.33E-03 000.4 209.4 -85.5 0.598764 0.633268 0.220862 hargrave 2020-11-02 13:29:11 
562.00 275.0  21.6 275.0  21.6 1.04E-04 000.6 253.0  23.8 0.066058 0.069502 0.083332 hargrave 2020-11-02 16:46:48 
565.00 279.6  22.8 279.6  22.8 9.67E-05 000.7 252.4  28.2 0.098717 0.081511 0.073694 hargrave 2020-11-03 09:40:09 
559.20 168.2 -13.4 168.2 -13.4 1.34E-03 000.4 228.4 -86.1 0.621016 0.607380 0.219359 hargrave 2020-11-03 13:03:40 
565.10 167.4 -12.4 167.4 -12.4 1.38E-03 000.4 210.6 -85.8 0.629509 0.636731 0.210525 hargrave 2020-11-03 16:44:38 
570.10 166.6 -12.8 166.6 -12.8 1.41E-03 000.4 203.9 -86.5 0.651023 0.640180 0.233821 hargrave 2020-11-04 10:00:27 
570.00 274.5  17.8 274.5  17.8 7.87E-05 000.7 257.0  22.7 0.066187 0.085230 0.063403 hargrave 2020-11-04 13:15:20 
575.00 277.1  18.6 277.1  18.6 8.01E-05 000.7 256.6  25.3 0.075811 0.085052 0.062052 hargrave 2020-11-04 16:19:22 
565.20 167.8 -13.0 167.8 -13.0 1.39E-03 000.4 220.8 -86.1 0.639208 0.635296 0.211386 hargrave 2020-11-04 19:58:34 
575.10 167.3 -14.5 167.3 -14.5 1.40E-03 000.4 233.7 -87.5 0.638410 0.647685 0.171936 hargrave 2020-11-05 11:29:34 
580.10 166.7 -13.8 166.7 -13.8 1.40E-03 000.4 213.0 -87.4 0.640777 0.641171 0.263642 hargrave 2020-11-05 14:59:45 
580.00 270.2  17.0 270.2  17.0 7.07E-05 000.6 257.1  18.6 0.048475 0.028564 0.055966 hargrave 2020-11-05 18:16:17 
585.00 274.4  20.7 274.4  20.7 7.13E-05 001.1 253.9  23.1 0.130451 0.070605 0.057651 hargrave 2020-11-06 09:35:05 
575.20 165.4 -14.2 165.4 -14.2 1.41E-03 000.4 187.2 -88.2 0.596901 0.660664 0.198082 hargrave 2020-11-06 13:19:27 
585.10 167.5 -15.3 167.5 -15.3 1.43E-03 000.4 252.6 -87.6 0.637358 0.608151 0.148761 hargrave 2020-11-06 17:45:56 
