BD2- 14a mag compass orientation (IGRF corrected)
      0 108.9  88.0   0.0   0.0   1.0
NRM    288.7  23.3 288.7  23.3 4.54E-03 000.5 246.7  00.6 1.436265 0.660137 3.921198 hargrave 2020-10-12 16:23:29 
100.00 288.6  28.1 288.6  28.1 4.53E-03 000.5 241.9  00.7 1.110925 0.601827 3.814238 hargrave 2020-10-14 11:27:19 
100.10 288.6  29.3 288.6  29.3 4.27E-03 000.5 240.7  00.7 1.124037 0.535971 3.559985 hargrave 2020-10-14 17:05:19 
200.10 287.1  24.7 287.1  24.7 3.93E-03 000.5 245.2 -00.8 0.886849 0.520769 3.414522 hargrave 2020-10-15 11:51:44 
200.00 287.9  28.6 287.9  28.6 3.96E-03 000.6 241.4  00.1 1.501984 0.949499 3.503645 hargrave 2020-10-15 14:45:07 
300.00 290.5  24.2 290.5  24.2 3.47E-03 000.5 245.9  02.3 0.797014 0.753578 3.076682 hargrave 2020-10-15 17:24:06 
100.20 289.5  24.2 289.5  24.2 3.25E-03 000.5 245.8  01.4 0.377789 0.923944 3.003677 hargrave 2020-10-16 13:52:55 
300.10 275.4  21.3 275.4  21.3 3.01E-03 000.5 247.8 -11.8 0.662952 0.996324 2.565795 hargrave 2020-10-18 14:32:51 
400.10 261.2  23.2 261.2  23.2 2.35E-03 000.5 243.4 -24.4 0.705819 0.760575 1.791238 hargrave 2020-10-18 18:05:25 
400.00 289.6  23.4 289.6  23.4 2.08E-03 000.5 246.6  01.4 0.559388 0.344868 1.753448 hargrave 2020-10-19 11:59:30 
450.00 290.6  25.1 290.6  25.1 1.91E-03 000.5 245.0  02.4 0.554048 0.345314 1.621947 hargrave 2020-10-19 14:59:19 
300.20 264.7  23.5 264.7  23.5 1.99E-03 000.5 243.8 -21.2 0.664396 0.590260 1.529064 hargrave 2020-10-19 19:04:33 
450.10 255.3  22.7 255.3  22.7 2.05E-03 000.5 242.3 -29.7 0.748519 0.625957 1.385899 hargrave 2020-10-20 11:45:17 
475.10 254.6  19.7 254.6  19.7 1.96E-03 000.5 245.4 -31.3 0.754977 0.616948 1.340811 hargrave 2020-10-20 16:29:08 
475.00 290.4  22.6 290.4  22.6 1.62E-03 000.5 247.4  02.1 0.482557 0.206020 1.378364 hargrave 2020-10-21 11:30:40 
500.00 290.6  24.6 290.6  24.6 1.58E-03 000.5 245.4  02.4 0.463163 0.245183 1.339368 hargrave 2020-10-21 15:58:38 
450.20 250.1  19.2 250.1  19.2 1.92E-03 000.5 244.6 -35.4 0.758574 0.687785 1.240192 hargrave 2020-10-22 11:12:22 
500.10 246.8  20.9 246.8  20.9 1.94E-03 000.5 241.3 -37.9 0.758546 0.686771 1.222409 hargrave 2020-10-22 15:01:50 
510.10 246.7  16.2 246.7  16.2 1.94E-03 000.5 247.0 -39.4 0.748518 0.713042 1.192324 hargrave 2020-10-22 18:45:20 
510.00 289.2  27.1 289.2  27.1 1.42E-03 000.5 243.0  01.2 0.353237 0.235889 1.178970 hargrave 2020-10-23 13:00:07 
520.00 289.1  25.8 289.1  25.8 1.39E-03 000.5 244.2  01.0 0.436427 0.242482 1.153240 hargrave 2020-10-23 16:05:30 
500.20 239.4  18.2 239.4  18.2 1.89E-03 000.4 241.4 -45.4 0.661603 0.766809 1.040183 hargrave 2020-10-25 17:09:15 
520.10 235.8  20.6 235.8  20.6 1.93E-03 000.3 236.1 -47.4 0.328752 0.764461 0.995597 hargrave 2020-10-26 12:25:16 
530.10 238.2  13.7 238.2  13.7 1.96E-03 000.4 246.8 -48.0 0.711008 0.720660 1.074958 hargrave 2020-10-26 18:56:17 
530.00 286.8  22.8 286.8  22.8 1.24E-03 000.6 247.1 -01.1 0.658037 0.270033 1.107246 hargrave 2020-10-27 11:05:22 
540.00 287.6  27.5 287.6  27.5 1.21E-03 000.6 242.4 -00.2 0.580674 0.362157 1.088586 hargrave 2020-10-27 14:03:17 
520.20 237.0  15.9 237.0  15.9 1.88E-03 000.5 243.2 -48.4 0.914893 0.660894 1.084650 hargrave 2020-10-27 17:19:06 
540.10 233.5  14.5 233.5  14.5 1.90E-03 000.4 243.1 -51.9 0.892852 0.679526 1.003007 hargrave 2020-10-28 10:08:27 
550.10 232.6  15.5 232.6  15.5 1.85E-03 000.4 241.2 -52.4 0.852579 0.696561 0.961359 hargrave 2020-10-28 14:14:03 
550.00 281.4  23.7 281.4  23.7 1.14E-03 000.6 245.9 -06.1 0.566051 0.277277 1.013799 hargrave 2020-10-28 17:16:07 
553.00 285.3  26.6 285.3  26.6 1.11E-03 000.6 243.3 -02.3 0.503617 0.276916 0.979026 hargrave 2020-10-29 09:46:33 
540.20 234.0  13.1 234.0  13.1 1.74E-03 000.4 245.7 -52.0 0.862939 0.676007 0.815187 hargrave 2020-10-31 10:27:50 
553.10 231.2  15.4 231.2  15.4 1.77E-03 000.4 240.3 -53.6 0.855471 0.712466 0.855277 hargrave 2020-10-31 14:20:56 
556.10 231.0  13.9 231.0  13.9 1.76E-03 000.4 242.5 -54.5 0.851604 0.735728 0.833636 hargrave 2020-10-31 17:56:13 
556.00 277.1  20.7 277.1  20.7 9.92E-04 000.6 248.5 -10.3 0.599785 0.249635 0.857355 hargrave 2020-11-01 09:36:58 
559.00 283.0  24.7 283.0  24.7 9.10E-04 000.6 245.0 -04.5 0.467340 0.225204 0.778701 hargrave 2020-11-01 12:46:54 
553.20 229.9  12.5 229.9  12.5 1.65E-03 000.4 244.0 -56.0 0.788453 0.640880 0.746384 hargrave 2020-11-01 16:13:31 
559.10 226.9  11.9 226.9  11.9 1.71E-03 000.4 242.8 -58.9 0.796422 0.679237 0.716014 hargrave 2020-11-02 10:05:18 
562.10 224.7  08.8 224.7  08.8 1.81E-03 000.4 246.9 -62.1 0.865045 0.709308 0.686972 hargrave 2020-11-02 13:40:27 
562.00 265.7  20.5 265.7  20.5 8.64E-04 000.5 247.2 -20.9 0.394542 0.243356 0.692368 hargrave 2020-11-02 16:56:03 
565.00 274.8  22.7 274.8  22.7 7.96E-04 000.6 246.2 -12.2 0.459426 0.219277 0.669405 hargrave 2020-11-03 09:48:35 
559.20 226.8  09.6 226.8  09.6 1.52E-03 000.4 246.8 -59.9 0.736972 0.606451 0.604242 hargrave 2020-11-03 13:14:04 
565.10 221.5  06.7 221.5  06.7 1.77E-03 000.4 248.8 -65.8 0.809973 0.752516 0.477905 hargrave 2020-11-03 16:55:06 
570.10 212.9  05.9 212.9  05.9 2.29E-03 000.4 240.3 -74.0 1.050135 1.049550 0.519887 hargrave 2020-11-04 10:12:32 
570.00 255.7  14.7 255.7  14.7 7.40E-04 000.6 251.4 -31.3 0.461731 0.296999 0.513463 hargrave 2020-11-04 13:23:41 
575.00 269.9  21.9 269.9  21.9 6.27E-04 000.6 246.4 -16.8 0.369761 0.224859 0.500541 hargrave 2020-11-04 16:28:31 
565.20 216.1  06.8 216.1  06.8 1.73E-03 000.4 242.6 -70.7 0.825261 0.786156 0.449971 hargrave 2020-11-04 20:09:49 
575.10 210.9  04.0 210.9  04.0 2.50E-03 000.4 243.6 -76.6 1.148430 1.146290 0.477166 hargrave 2020-11-05 11:40:08 
580.10 206.5  02.6 206.5  02.6 2.75E-03 000.4 238.8 -81.1 1.183465 1.222909 0.355176 hargrave 2020-11-05 15:10:15 
580.00 250.2  19.7 250.2  19.7 5.30E-04 000.6 244.1 -35.2 0.305758 0.251796 0.358365 hargrave 2020-11-05 18:24:34 
585.00 265.5  21.8 265.5  21.8 4.10E-04 000.6 245.7 -20.8 0.264829 0.167033 0.343997 hargrave 2020-11-06 09:43:26 
575.20 205.8  02.4 205.8  02.4 2.68E-03 000.4 237.9 -81.8 1.120313 1.187905 0.330424 hargrave 2020-11-06 13:29:49 
585.10 204.9  02.4 204.9  02.4 2.91E-03 000.4 233.9 -82.6 1.217098 1.287112 0.356050 hargrave 2020-11-06 17:56:19 
