BD2- 16a mag compass orientation (IGRF corrected)
      0 105.9  88.0   0.0   0.0   1.0
NRM    283.9  23.7 283.9  23.7 4.24E-03 000.5 246.3 -01.0 1.882479 0.103724 3.222821 hargrave 2020-10-12 16:27:49 
100.00 283.9  27.2 283.9  27.2 4.24E-03 000.4 242.7 -00.8 1.305170 0.214401 3.077951 hargrave 2020-10-14 11:30:40 
100.10 284.6  22.1 284.6  22.1 4.14E-03 000.5 247.8 -00.5 1.423537 1.093678 3.132974 hargrave 2020-10-14 17:10:38 
200.10 283.1  22.5 283.1  22.5 3.93E-03 000.4 247.4 -01.8 0.830403 0.840384 2.949680 hargrave 2020-10-15 11:56:06 
200.00 284.0  22.7 284.0  22.7 3.94E-03 000.5 247.2 -01.0 0.996226 1.051486 2.992245 hargrave 2020-10-15 14:48:25 
300.00 283.2  27.1 283.2  27.1 3.56E-03 000.4 242.8 -01.5 0.419257 0.736815 2.668101 hargrave 2020-10-15 17:27:24 
100.20 283.0  22.0 283.0  22.0 3.47E-03 000.4 247.9 -01.9 0.465444 1.124133 2.646792 hargrave 2020-10-16 13:57:16 
300.10 274.0  22.7 274.0  22.7 3.19E-03 000.4 246.5 -10.2 1.493872 1.184591 2.406806 hargrave 2020-10-18 14:38:03 
400.10 249.6  26.4 249.6  26.4 2.24E-03 000.3 237.3 -31.0 0.624232 0.533791 1.398846 hargrave 2020-10-18 18:09:45 
400.00 278.4  20.3 278.4  20.3 2.03E-03 000.4 249.3 -06.3 0.280087 1.268916 1.617657 hargrave 2020-10-19 12:02:44 
450.00 277.6  23.8 277.6  23.8 1.73E-03 000.4 245.7 -06.8 0.328986 0.959235 1.358688 hargrave 2020-10-19 15:02:34 
300.20 257.3  21.1 257.3  21.1 1.75E-03 000.3 245.4 -25.7 0.494695 0.853859 1.213643 hargrave 2020-10-19 19:08:47 
450.10 241.2  24.5 241.2  24.5 1.92E-03 000.2 235.9 -38.7 0.445017 0.748582 1.106754 hargrave 2020-10-20 11:49:33 
475.10 239.9  24.2 239.9  24.2 1.86E-03 000.2 235.7 -39.9 0.499891 0.732656 1.064396 hargrave 2020-10-20 16:34:15 
475.00 275.8  16.6 275.8  16.6 1.52E-03 000.4 252.9 -09.1 0.299155 0.994791 1.233296 hargrave 2020-10-21 11:33:52 
500.00 275.2  23.2 275.2  23.2 1.47E-03 000.4 246.1 -09.0 0.392608 0.874515 1.176849 hargrave 2020-10-21 16:01:52 
450.20 239.6  22.3 239.6  22.3 1.80E-03 000.2 237.8 -40.9 0.371439 0.724687 0.997196 hargrave 2020-10-22 11:16:38 
500.10 239.2  20.8 239.2  20.8 1.78E-03 000.2 239.4 -41.8 0.435520 0.648019 0.956539 hargrave 2020-10-22 15:06:59 
510.10 238.2  21.4 238.2  21.4 1.78E-03 000.3 238.2 -42.5 0.386737 0.744357 0.960578 hargrave 2020-10-22 18:49:33 
510.00 274.4  21.3 274.4  21.3 1.39E-03 000.4 248.0 -09.9 0.306207 0.854210 1.093926 hargrave 2020-10-23 13:03:22 
520.00 274.6  21.7 274.6  21.7 1.38E-03 000.4 247.5 -09.7 0.329241 0.757808 1.069128 hargrave 2020-10-23 16:08:44 
500.20 235.0  20.4 235.0  20.4 1.74E-03 000.2 237.7 -45.6 0.338857 0.773166 0.901605 hargrave 2020-10-25 17:14:25 
520.10 231.9  22.5 231.9  22.5 1.74E-03 000.1 233.1 -47.2 0.630712 0.796182 1.059474 hargrave 2020-10-26 12:30:21 
530.10 234.1  20.1 234.1  20.1 1.78E-03 000.2 237.6 -46.6 0.476270 0.923414 1.032339 hargrave 2020-10-26 19:00:33 
530.00 273.2  18.1 273.2  18.1 1.31E-03 000.5 251.1 -11.5 0.084721 0.845168 1.106867 hargrave 2020-10-27 11:08:35 
540.00 273.6  17.5 273.6  17.5 1.29E-03 000.5 251.7 -11.1 0.042057 0.810436 1.090022 hargrave 2020-10-27 14:06:42 
520.20 231.1  22.0 231.1  22.0 1.74E-03 000.2 233.1 -48.1 0.299085 0.806163 0.938466 hargrave 2020-10-27 17:23:27 
540.10 229.9  19.6 229.9  19.6 1.74E-03 000.2 235.5 -50.2 0.202429 0.688022 0.870857 hargrave 2020-10-28 10:12:45 
550.10 229.2  20.5 229.2  20.5 1.73E-03 000.2 233.7 -50.4 0.196034 0.785151 0.870830 hargrave 2020-10-28 14:18:21 
550.00 271.7  21.7 271.7  21.7 1.23E-03 000.4 247.2 -12.4 0.245145 0.696526 0.988787 hargrave 2020-10-28 17:20:16 
553.00 271.7  25.1 271.7  25.1 1.21E-03 000.4 243.8 -12.0 0.200336 0.733568 0.963174 hargrave 2020-10-29 09:49:46 
540.20 227.7  19.8 227.7  19.8 1.68E-03 000.3 233.6 -51.9 0.279826 0.558523 0.739537 hargrave 2020-10-31 10:32:12 
553.10 229.1  19.2 229.1  19.2 1.68E-03 000.3 235.4 -51.1 0.328641 0.676357 0.779781 hargrave 2020-10-31 14:25:14 
556.10 231.0  15.6 231.0  15.6 1.65E-03 000.3 241.9 -51.1 0.346340 0.694502 0.774099 hargrave 2020-10-31 18:00:30 
556.00 270.2  19.8 270.2  19.8 1.12E-03 000.4 249.1 -14.1 0.164371 0.619547 0.848037 hargrave 2020-11-01 09:40:13 
559.00 270.4  21.8 270.4  21.8 1.10E-03 000.4 247.0 -13.6 0.179358 0.598742 0.851973 hargrave 2020-11-01 12:50:06 
553.20 230.8  18.9 230.8  18.9 1.53E-03 000.2 237.1 -49.8 0.281435 0.599886 0.732009 hargrave 2020-11-01 16:17:48 
559.10 229.5  18.6 229.5  18.6 1.53E-03 000.3 236.5 -51.0 0.297119 0.607644 0.734866 hargrave 2020-11-02 10:10:24 
562.10 230.7  16.7 230.7  16.7 1.51E-03 000.2 240.1 -50.9 0.302963 0.589164 0.717601 hargrave 2020-11-02 13:44:44 
562.00 267.7  20.7 267.7  20.7 1.04E-03 000.4 247.7 -16.2 0.124072 0.603970 0.806892 hargrave 2020-11-02 16:59:18 
565.00 268.8  20.2 268.8  20.2 1.01E-03 000.4 248.4 -15.3 0.237928 0.551963 0.754431 hargrave 2020-11-03 09:51:50 
559.20 230.0  20.5 230.0  20.5 1.39E-03 000.3 234.2 -49.7 0.346839 0.490808 0.654286 hargrave 2020-11-03 13:18:21 
565.10 231.6  12.8 231.6  12.8 1.41E-03 000.3 246.4 -51.6 0.314469 0.657882 0.652101 hargrave 2020-11-03 17:00:13 
570.10 226.3  17.0 226.3  17.0 1.44E-03 000.3 236.4 -54.5 0.401953 0.533092 0.576839 hargrave 2020-11-04 10:16:49 
570.00 265.1  12.6 265.1  12.6 9.42E-04 000.4 255.8 -19.8 0.229701 0.547824 0.692693 hargrave 2020-11-04 13:26:55 
575.00 267.1  18.6 267.1  18.6 8.82E-04 000.4 249.8 -17.1 0.076731 0.525350 0.650824 hargrave 2020-11-04 16:31:44 
565.20 227.9  17.9 227.9  17.9 1.28E-03 000.2 236.4 -52.7 0.201405 0.485450 0.561153 hargrave 2020-11-04 20:14:06 
575.10 226.6  13.0 226.6  13.0 1.40E-03 000.3 243.0 -56.0 0.292565 0.523442 0.560657 hargrave 2020-11-05 11:44:26 
580.10 217.8  13.1 217.8  13.1 1.44E-03 000.2 234.6 -63.5 0.304937 0.495119 0.438310 hargrave 2020-11-05 15:14:33 
580.00 262.8  17.5 262.8  17.5 7.11E-04 000.3 250.3 -21.3 0.142185 0.347555 0.507427 hargrave 2020-11-05 18:28:37 
585.00 269.1  24.8 269.1  24.8 5.07E-04 000.4 243.7 -14.4 0.082057 0.306045 0.399716 hargrave 2020-11-06 09:46:40 
575.20 215.2  13.4 215.2  13.4 1.27E-03 000.2 230.6 -65.5 0.209922 0.421168 0.406369 hargrave 2020-11-06 13:34:05 
585.10 211.2  09.8 211.2  09.8 1.54E-03 000.2 232.1 -70.7 0.314150 0.522127 0.380641 hargrave 2020-11-06 18:00:35 
