BD5- 6b sun compass orientation
      0  20.2  59.0   0.0   0.0   1.0
NRM    282.6  45.5 282.6  45.5 1.02E-03 000.4 200.2  74.3 0.443204 0.558170 0.262636 hargrave 2019-12-18 17:34:52 
100.00 282.2  45.3 282.2  45.3 1.02E-03 000.3 201.4  74.3 0.344437 0.526033 0.087112 hargrave 2019-12-19 10:41:51 
100.10 282.2  45.1 282.2  45.1 9.53E-04 000.4 201.7  74.6 0.390635 0.457080 0.141898 hargrave 2019-12-19 16:06:30 
200.10 282.3  45.4 282.3  45.4 8.94E-04 000.3 201.1  74.4 0.270841 0.395849 0.069429 hargrave 2019-12-20 10:51:43 
200.00 282.2  45.4 282.2  45.4 8.92E-04 000.3 201.2  74.3 0.247624 0.375984 0.082107 hargrave 2019-12-20 13:53:14 
300.00 282.6  45.8 282.6  45.8 8.81E-04 000.3 199.7  74.1 0.224181 0.362675 0.104419 hargrave 2019-12-20 17:48:15 
100.20 283.4  44.8 283.4  44.8 8.40E-04 000.3 199.3  75.2 0.214413 0.329663 0.092257 hargrave 2019-12-21 12:24:13 
300.10 282.1  45.5 282.1  45.5 8.13E-04 000.3 201.2  74.2 0.195923 0.322202 0.093479 hargrave 2019-12-21 15:40:56 
400.10 285.4  46.3 285.4  46.3 7.65E-04 000.3 192.3  74.3 0.274743 0.330561 0.090971 hargrave 2019-12-22 12:53:28 
400.00 284.6  45.4 284.6  45.4 7.67E-04 000.2 195.3  75.0 0.195956 0.239612 0.084051 hargrave 2019-12-22 15:26:21 
425.00 283.6  44.3 283.6  44.3 7.52E-04 000.3 199.4  75.7 0.219747 0.296769 0.104723 hargrave 2019-12-23 11:21:32 
300.20 286.9  45.9 286.9  45.9 7.42E-04 000.2 188.9  74.9 0.221064 0.245377 0.053075 hargrave 2019-12-23 14:33:07 
425.10 287.9  44.9 287.9  44.9 7.09E-04 000.2 186.8  76.0 0.204879 0.208371 0.088857 hargrave 2019-12-24 02:24:56 
450.10 286.9  45.8 286.9  45.8 6.87E-04 000.3 188.9  75.0 0.188844 0.251254 0.062395 hargrave 2019-12-24 12:24:45 
450.00 286.2  45.1 286.2  45.1 6.96E-04 000.3 191.5  75.6 0.200864 0.248703 0.108695 hargrave 2019-12-25 12:59:29 
475.00 285.7  45.1 285.7  45.1 6.96E-04 000.2 192.8  75.5 0.173917 0.215623 0.108768 hargrave 2019-12-25 16:37:13 
425.20 282.5  44.0 282.5  44.0 6.71E-04 000.3 203.0  75.7 0.194189 0.237545 0.126945 hargrave 2019-12-26 11:32:12 
475.10 283.9  44.9 283.9  44.9 6.58E-04 000.3 197.6  75.2 0.185482 0.235619 0.124940 hargrave 2019-12-26 15:30:43 
500.10 282.4  43.8 282.4  43.8 6.26E-04 000.3 203.5  75.8 0.182107 0.237040 0.181848 hargrave 2019-12-27 13:04:17 
500.00 283.2  42.3 283.2  42.3 6.47E-04 000.3 204.4  77.3 0.192159 0.256837 0.182678 hargrave 2019-12-27 16:56:26 
520.00 284.8  43.1 284.8  43.1 6.37E-04 000.3 197.9  77.2 0.224600 0.258029 0.143492 hargrave 2019-12-28 16:33:49 
475.20 285.4  44.9 285.4  44.9 5.95E-04 000.3 193.7  75.6 0.222329 0.206061 0.160240 hargrave 2019-12-29 15:14:13 
520.10 282.0  45.4 282.0  45.4 5.09E-04 000.3 201.7  74.2 0.201829 0.170153 0.163279 hargrave 2019-12-30 11:37:12 
530.10 281.1  46.5 281.1  46.5 4.87E-04 000.3 201.8  72.9 0.187157 0.156751 0.165805 hargrave 2019-12-30 15:33:18 
530.00 282.7  44.1 282.7  44.1 5.68E-04 000.3 202.1  75.6 0.209896 0.183932 0.166300 hargrave 2019-12-30 21:39:11 
540.00 280.0  44.3 280.0  44.3 4.64E-04 000.3 208.4  74.5 0.162994 0.162463 0.155582 hargrave 2020-01-01 10:45:21 
520.20 276.1  46.6 276.1  46.6 3.25E-04 000.3 210.9  71.0 0.122102 0.121213 0.104952 hargrave 2020-01-01 14:19:07 
540.10 174.6  47.9 174.6  47.9 1.02E-04 000.6 217.6  07.7 0.059536 0.053314 0.097013 hargrave 2020-01-01 18:14:58 
550.10 129.2 -18.1 129.2 -18.1 2.61E-04 000.4 237.7 -68.5 0.116715 0.087110 0.152895 hargrave 2020-01-02 13:46:15 
550.00 274.0  42.8 274.0  42.8 3.33E-04 000.3 222.9  72.6 0.081137 0.133913 0.058277 hargrave 2020-01-02 18:07:55 
553.00 274.9  42.6 274.9  42.6 3.31E-04 000.3 222.1  73.2 0.079378 0.122585 0.049814 hargrave 2020-01-03 11:42:27 
540.20 121.3 -20.3 121.3 -20.3 4.63E-04 000.4 225.5 -75.4 0.220105 0.187517 0.203244 hargrave 2020-01-03 15:17:38 
553.10 116.1 -24.2 116.1 -24.2 7.73E-04 000.4 219.0 -81.4 0.371339 0.305611 0.258347 hargrave 2020-01-14 16:11:39 
556.10 115.5 -25.8 115.5 -25.8 9.92E-04 000.3 223.1 -83.0 0.400692 0.414359 0.205402 hargrave 2020-01-18 15:07:04 
556.00 277.5  42.2 277.5  42.2 2.70E-04 000.4 218.8  74.9 0.125531 0.099530 0.096893 hargrave 2020-01-19 11:25:40 
559.00 283.2  45.2 283.2  45.2 2.28E-04 000.4 199.2  74.8 0.110083 0.061865 0.094971 hargrave 2020-01-19 14:50:36 
553.20 111.7 -27.8 111.7 -27.8 1.46E-03 000.3 202.3 -86.5 0.623757 0.582466 0.295842 hargrave 2020-01-20 11:28:42 
559.10 113.1 -28.1 113.1 -28.1 1.65E-03 000.3 221.4 -86.1 0.702583 0.678531 0.359115 hargrave 2020-01-20 15:29:13 
562.10 112.2 -28.1 112.2 -28.1 1.75E-03 000.3 211.9 -86.6 0.739492 0.778068 0.396159 hargrave 2020-01-21 09:08:14 
562.00 278.6  44.4 278.6  44.4 2.01E-04 000.6 211.0  73.8 0.138313 0.146341 0.120045 hargrave 2020-01-21 12:54:07 
565.00 278.8  45.1 278.8  45.1 1.84E-04 000.5 209.1  73.4 0.115129 0.108290 0.078415 hargrave 2020-01-21 15:58:00 
559.20 112.1 -30.1 112.1 -30.1 2.14E-03 000.4 241.0 -88.2 1.012013 0.979178 0.613593 hargrave 2020-01-22 11:02:52 
565.10 111.8 -29.5 111.8 -29.5 2.34E-03 000.4 223.9 -88.0 1.048258 1.047413 0.697225 hargrave 2020-01-22 15:08:20 
570.10 111.0 -29.0 111.0 -29.0 2.64E-03 000.4 198.9 -87.9 1.197073 1.170998 0.625335 hargrave 2020-01-23 12:27:34 
570.00 263.0  45.2 263.0  45.2 7.68E-05 000.5 228.5  64.5 0.020169 0.057273 0.035186 hargrave 2020-01-23 16:17:33 
575.00 293.0  40.7 293.0  40.7 6.78E-05 000.5 167.4  80.1 0.038162 0.048728 0.019250 hargrave 2020-01-24 11:17:02 
565.20 110.9 -30.1 110.9 -30.1 3.11E-03 000.4 213.9 -88.9 1.515821 1.466814 1.094327 hargrave 2020-01-24 15:10:59 
575.10 110.8 -30.7 110.8 -30.7 3.34E-03 000.4 238.1 -89.4 1.650495 1.588631 0.858942 hargrave 2020-01-25 14:47:46 
580.10 110.2 -30.6 110.2 -30.6 3.75E-03 000.4 185.2 -89.6 1.805791 1.769773 1.381509 hargrave 2020-01-26 12:49:46 
580.00 333.9  64.6 333.9  64.6 2.90E-05 000.8 154.2  47.0 0.019215 0.036101 0.019341 hargrave 2020-01-26 16:18:19 
585.00 276.2  46.8 276.2  46.8 3.88E-05 000.6 210.2  70.8 0.032124 0.029975 0.023170 hargrave 2020-01-27 13:02:08 
575.20 111.0 -30.5 111.0 -30.5 4.43E-03 000.4 232.9 -89.2 2.038165 1.950292 0.860941 hargrave 2020-01-28 08:58:17 
585.10 110.8 -31.1 110.8 -31.1 4.65E-03 000.4 284.7 -89.5 2.231235 2.126424 0.987644 hargrave 2020-01-30 13:08:46 
