BD6- 5b mag compass orientation (IGRF corrected)
      0  54.1  68.0   0.0   0.0   1.0
NRM    294.7  24.0 294.7  24.0 1.90E-03 000.4 260.0  62.9 1.035731 0.800844 0.690461 hargrave 2019-12-18 17:44:47 
100.00 294.7  25.7 294.7  25.7 1.91E-03 000.4 256.3  62.9 0.823664 0.884614 0.617598 hargrave 2019-12-19 10:46:52 
100.10 295.2  25.0 295.2  25.0 1.79E-03 000.4 257.8  63.4 0.869491 0.739892 0.571349 hargrave 2019-12-19 16:13:05 
200.10 295.2  27.2 295.2  27.2 1.65E-03 000.4 252.9  63.2 0.755502 0.797714 0.588689 hargrave 2019-12-20 10:58:20 
200.00 295.4  27.3 295.4  27.3 1.69E-03 000.4 252.6  63.5 0.525916 0.850503 0.698238 hargrave 2019-12-20 13:58:14 
300.00 295.7  27.4 295.7  27.4 1.68E-03 000.4 252.3  63.7 0.542611 0.853500 0.700235 hargrave 2019-12-20 17:53:15 
100.20 296.0  27.6 296.0  27.6 1.53E-03 000.4 251.8  63.9 0.595498 0.730489 0.652198 hargrave 2019-12-21 12:30:48 
300.10 296.1  26.6 296.1  26.6 1.49E-03 000.4 254.0  64.1 0.556061 0.787102 0.753573 hargrave 2019-12-21 15:47:14 
400.10 296.4  29.3 296.4  29.3 1.27E-03 000.4 248.0  64.1 0.474014 0.606174 0.496742 hargrave 2019-12-22 13:00:03 
400.00 297.0  27.8 297.0  27.8 1.32E-03 000.4 251.1  64.8 0.419115 0.630147 0.541080 hargrave 2019-12-22 15:31:21 
425.00 297.2  27.8 297.2  27.8 1.30E-03 000.4 251.0  64.9 0.424493 0.674022 0.617942 hargrave 2019-12-23 11:26:32 
300.20 296.9  28.0 296.9  28.0 1.14E-03 000.4 250.7  64.7 0.385947 0.577966 0.540321 hargrave 2019-12-23 14:39:43 
425.10 296.9  27.4 296.9  27.4 1.06E-03 000.5 252.2  64.8 0.401294 0.577160 0.598555 hargrave 2019-12-24 02:31:27 
450.10 297.5  27.8 297.5  27.8 1.01E-03 000.4 251.0  65.2 0.317076 0.471653 0.455968 hargrave 2019-12-24 12:31:18 
450.00 297.7  25.5 297.7  25.5 1.07E-03 000.5 256.6  65.6 0.332288 0.588889 0.603590 hargrave 2019-12-25 13:04:29 
475.00 298.0  26.3 298.0  26.3 1.06E-03 000.5 254.5  65.8 0.394208 0.550836 0.573628 hargrave 2019-12-25 16:42:14 
425.20 296.9  26.7 296.9  26.7 9.52E-04 000.4 253.8  64.8 0.323698 0.472504 0.522771 hargrave 2019-12-26 11:38:47 
475.10 296.3  25.9 296.3  25.9 9.00E-04 000.5 255.7  64.4 0.355086 0.458651 0.587456 hargrave 2019-12-26 15:37:16 
500.10 294.8  27.5 294.8  27.5 8.49E-04 000.5 252.4  62.9 0.413604 0.426834 0.599729 hargrave 2019-12-27 13:10:55 
500.00 296.7  24.5 296.7  24.5 9.11E-04 000.5 259.0  64.8 0.349113 0.483850 0.658311 hargrave 2019-12-27 17:01:29 
520.00 296.7  25.8 296.7  25.8 8.94E-04 000.4 255.9  64.7 0.282806 0.412298 0.564673 hargrave 2019-12-28 16:38:49 
475.20 291.5  27.4 291.5  27.4 7.20E-04 000.5 253.0  60.0 0.415912 0.319735 0.459646 hargrave 2019-12-29 15:20:48 
520.10 286.5  28.5 286.5  28.5 5.78E-04 000.5 251.4  55.5 0.302251 0.213118 0.395869 hargrave 2019-12-30 11:43:47 
530.10 281.9  28.3 281.9  28.3 5.18E-04 000.5 251.8  51.5 0.354422 0.149876 0.337350 hargrave 2019-12-30 15:39:53 
530.00 296.5  25.8 296.5  25.8 7.71E-04 000.4 255.9  64.5 0.387433 0.308913 0.414473 hargrave 2019-12-30 21:44:10 
540.00 296.5  25.3 296.5  25.3 7.60E-04 000.4 257.2  64.5 0.329785 0.285044 0.337345 hargrave 2020-01-01 10:50:22 
520.20 262.2  23.0 262.2  23.0 3.33E-04 000.5 256.2  33.3 0.198854 0.069985 0.236621 hargrave 2020-01-01 14:25:46 
540.10 218.1  18.4 218.1  18.4 2.68E-04 000.5 246.9 -07.1 0.084183 0.121728 0.209171 hargrave 2020-01-01 18:21:32 
550.10 184.0 -07.2 184.0 -07.2 3.33E-04 000.4 255.2 -48.8 0.077431 0.163129 0.184452 hargrave 2020-01-02 13:52:51 
550.00 295.6  27.0 295.6  27.0 6.25E-04 000.3 253.2  63.6 0.179187 0.185395 0.194765 hargrave 2020-01-02 18:12:58 
553.00 296.5  26.3 296.5  26.3 6.23E-04 000.3 254.9  64.5 0.206507 0.227652 0.162873 hargrave 2020-01-03 11:47:29 
540.20 167.3 -11.6 167.3 -11.6 4.91E-04 000.4 248.6 -65.5 0.165168 0.196902 0.186779 hargrave 2020-01-03 15:24:14 
553.10 156.3 -16.3 156.3 -16.3 7.14E-04 000.3 245.8 -77.2 0.309466 0.240519 0.176803 hargrave 2020-01-14 16:18:13 
556.10 152.6 -17.9 152.6 -17.9 8.74E-04 000.3 244.0 -81.0 0.343805 0.377082 0.129479 hargrave 2020-01-18 15:13:41 
556.00 296.2  27.1 296.2  27.1 5.17E-04 000.4 253.0  64.2 0.254745 0.168696 0.252713 hargrave 2020-01-19 11:30:42 
559.00 295.8  25.9 295.8  25.9 4.87E-04 000.5 255.8  63.9 0.240094 0.216592 0.245818 hargrave 2020-01-19 14:55:38 
553.20 147.3 -18.5 147.3 -18.5 1.13E-03 000.3 221.3 -85.3 0.459233 0.475782 0.141467 hargrave 2020-01-20 11:35:17 
559.10 146.8 -19.6 146.8 -19.6 1.27E-03 000.4 226.6 -86.6 0.557969 0.574504 0.215993 hargrave 2020-01-20 15:35:49 
562.10 145.4 -20.0 145.4 -20.0 1.32E-03 000.3 211.4 -87.6 0.544120 0.567688 0.192002 hargrave 2020-01-21 09:14:19 
562.00 295.0  25.9 295.0  25.9 4.50E-04 000.4 255.8  63.2 0.275261 0.125897 0.265627 hargrave 2020-01-21 12:58:39 
565.00 295.0  24.7 295.0  24.7 4.43E-04 000.4 258.5  63.2 0.200731 0.179268 0.192204 hargrave 2020-01-21 16:02:31 
559.20 145.0 -21.2 145.0 -21.2 1.42E-03 000.4 224.8 -88.8 0.661932 0.685874 0.269065 hargrave 2020-01-22 11:08:56 
565.10 145.2 -19.6 145.2 -19.6 1.54E-03 000.4 204.2 -87.4 0.710643 0.749116 0.256261 hargrave 2020-01-22 15:14:33 
570.10 142.7 -21.5 142.7 -21.5 1.80E-03 000.4 112.5 -88.6 0.847551 0.849355 0.345707 hargrave 2020-01-23 12:33:39 
570.00 286.8  28.8 286.8  28.8 2.47E-04 000.4 250.7  55.8 0.116168 0.066990 0.138286 hargrave 2020-01-23 16:22:04 
575.00 293.0  29.1 293.0  29.1 2.17E-04 000.5 249.3  61.2 0.130873 0.098723 0.146829 hargrave 2020-01-24 11:21:42 
565.20 140.6 -21.7 140.6 -21.7 1.95E-03 000.4 094.1 -86.7 0.987917 0.897941 0.422546 hargrave 2020-01-24 15:17:06 
575.10 140.0 -22.1 140.0 -22.1 2.21E-03 000.4 087.7 -86.2 1.102644 1.084701 0.492619 hargrave 2020-01-25 14:53:52 
580.10 138.6 -22.7 138.6 -22.7 2.45E-03 000.4 080.7 -84.9 1.285186 1.135365 0.522341 hargrave 2020-01-26 12:55:54 
580.00 279.8  31.0 279.8  31.0 7.52E-05 000.7 247.5  49.6 0.084302 0.041064 0.047899 hargrave 2020-01-26 16:22:52 
585.00 289.7  32.8 289.7  32.8 7.80E-05 000.7 242.9  57.8 0.076025 0.037119 0.043584 hargrave 2020-01-27 13:06:42 
575.20 139.1 -21.7 139.1 -21.7 2.59E-03 000.4 093.4 -85.4 1.274481 1.235179 0.490626 hargrave 2020-01-28 09:04:29 
585.10 138.2 -22.0 138.2 -22.0 2.69E-03 000.4 089.3 -84.5 1.390320 1.261915 0.583844 hargrave 2020-01-30 13:14:53 
