BD6- 6b mag compass orientation (IGRF corrected)
      0  46.1  62.0   0.0   0.0   1.0
NRM    306.3  25.5 306.3  25.5 1.99E-03 000.3 283.9  80.9 0.764496 0.752235 0.104370 hargrave 2019-12-18 17:48:33 
100.00 306.0  26.5 306.0  26.5 1.98E-03 000.3 277.1  80.9 0.779772 0.828514 0.204330 hargrave 2019-12-19 10:48:26 
100.10 306.5  24.4 306.5  24.4 1.82E-03 000.3 290.7  80.7 0.654450 0.697445 0.145131 hargrave 2019-12-19 16:15:10 
200.10 306.9  25.1 306.9  25.1 1.68E-03 000.4 287.0  81.3 0.710992 0.749248 0.317382 hargrave 2019-12-20 11:00:26 
200.00 307.0  25.3 307.0  25.3 1.70E-03 000.4 286.5  81.4 0.665448 0.777791 0.364182 hargrave 2019-12-20 13:59:48 
300.00 307.6  24.3 307.6  24.3 1.71E-03 000.4 293.8  81.5 0.649109 0.764179 0.462966 hargrave 2019-12-20 17:54:49 
100.20 307.8  25.5 307.8  25.5 1.58E-03 000.3 286.8  82.1 0.613284 0.687152 0.332215 hargrave 2019-12-21 12:32:53 
300.10 307.2  25.3 307.2  25.3 1.52E-03 000.4 286.5  81.6 0.577993 0.691318 0.382325 hargrave 2019-12-21 15:49:21 
400.10 306.6  25.9 306.6  25.9 1.32E-03 000.4 282.1  81.3 0.525806 0.618597 0.374334 hargrave 2019-12-22 13:02:08 
400.00 307.3  25.3 307.3  25.3 1.37E-03 000.3 287.0  81.7 0.434953 0.584850 0.395715 hargrave 2019-12-22 15:32:54 
425.00 307.0  25.7 307.0  25.7 1.35E-03 000.4 283.5  81.6 0.490396 0.623611 0.418641 hargrave 2019-12-23 11:28:06 
300.20 306.2  26.4 306.2  26.4 1.20E-03 000.4 277.8  81.1 0.419035 0.585751 0.368581 hargrave 2019-12-23 14:41:48 
425.10 306.5  26.7 306.5  26.7 1.14E-03 000.4 276.6  81.3 0.389384 0.538884 0.390030 hargrave 2019-12-24 02:33:32 
450.10 306.9  26.9 306.9  26.9 1.08E-03 000.3 275.5  81.8 0.392913 0.487124 0.310914 hargrave 2019-12-24 12:33:23 
450.00 307.8  25.7 307.8  25.7 1.14E-03 000.3 285.5  82.2 0.373834 0.538116 0.378487 hargrave 2019-12-25 13:06:03 
475.00 307.8  25.1 307.8  25.1 1.15E-03 000.4 289.2  82.0 0.376561 0.540047 0.479722 hargrave 2019-12-25 16:43:48 
425.20 307.2  24.5 307.2  24.5 1.03E-03 000.4 291.6  81.3 0.324449 0.503543 0.502897 hargrave 2019-12-26 11:40:52 
475.10 305.2  26.8 305.2  26.8 9.62E-04 000.3 274.7  80.3 0.314850 0.409733 0.354760 hargrave 2019-12-26 15:39:21 
500.10 305.0  25.0 305.0  25.0 8.88E-04 000.4 284.4  79.6 0.341153 0.420315 0.367965 hargrave 2019-12-27 13:13:00 
500.00 307.1  24.8 307.1  24.8 9.91E-04 000.4 289.6  81.3 0.336652 0.490670 0.423738 hargrave 2019-12-27 17:03:04 
520.00 306.4  25.9 306.4  25.9 9.79E-04 000.3 281.6  81.1 0.312044 0.455611 0.394318 hargrave 2019-12-28 16:40:23 
475.20 302.2  25.4 302.2  25.4 7.32E-04 000.5 278.8  77.3 0.334093 0.409959 0.347056 hargrave 2019-12-29 15:22:54 
520.10 298.6  21.9 298.6  21.9 5.09E-04 000.5 287.3  73.0 0.199889 0.313798 0.263630 hargrave 2019-12-30 11:45:52 
530.10 296.0  21.0 296.0  21.0 4.24E-04 000.4 286.4  70.5 0.196007 0.234619 0.161345 hargrave 2019-12-30 15:41:58 
530.00 308.1  22.5 308.1  22.5 8.54E-04 000.3 305.5  80.9 0.322591 0.381756 0.165785 hargrave 2019-12-30 21:45:43 
540.00 308.3  21.9 308.3  21.9 8.44E-04 000.4 309.4  80.7 0.336410 0.415068 0.127478 hargrave 2020-01-01 10:51:56 
520.20 266.0  13.1 266.0  13.1 1.44E-04 000.7 277.1  41.2 0.089308 0.111652 0.108237 hargrave 2020-01-01 14:27:56 
540.10 161.9 -22.9 161.9 -22.9 2.86E-04 000.4 263.6 -66.2 0.085423 0.153755 0.087468 hargrave 2020-01-01 18:23:37 
550.10 148.4 -27.3 148.4 -27.3 7.90E-04 000.3 269.3 -79.1 0.205377 0.338428 0.097355 hargrave 2020-01-02 13:54:57 
550.00 307.6  25.5 307.6  25.5 5.67E-04 000.3 286.2  82.0 0.223949 0.250491 0.011004 hargrave 2020-01-02 18:14:32 
553.00 308.7  22.9 308.7  22.9 5.99E-04 000.4 305.6  81.7 0.250823 0.308187 0.026825 hargrave 2020-01-03 11:49:03 
540.20 144.5 -25.1 144.5 -25.1 8.17E-04 000.3 250.7 -82.0 0.250063 0.354152 0.060797 hargrave 2020-01-03 15:26:19 
553.10 145.1 -26.1 145.1 -26.1 1.36E-03 000.3 258.5 -81.8 0.526218 0.554085 0.114693 hargrave 2020-01-14 16:20:18 
556.10 145.0 -26.4 145.0 -26.4 1.52E-03 000.3 260.6 -82.0 0.452320 0.701747 0.343341 hargrave 2020-01-18 15:15:46 
556.00 308.5  23.0 308.5  23.0 4.59E-04 000.4 304.1  81.5 0.179916 0.241350 0.097941 hargrave 2020-01-19 11:32:15 
559.00 308.6  22.9 308.6  22.9 4.30E-04 000.4 305.6  81.5 0.203124 0.233453 0.100652 hargrave 2020-01-19 14:57:13 
553.20 140.3 -24.5 140.3 -24.5 1.66E-03 000.3 227.8 -84.9 0.491764 0.701801 0.361894 hargrave 2020-01-20 11:38:12 
559.10 143.3 -25.9 143.3 -25.9 1.76E-03 000.3 253.8 -83.3 0.622328 0.818737 0.443790 hargrave 2020-01-20 15:37:54 
562.10 140.5 -26.0 140.5 -26.0 1.80E-03 000.6 244.2 -85.6 1.525454 0.882744 0.336933 hargrave 2020-01-21 09:16:25 
562.00 307.8  20.3 307.8  20.3 3.89E-04 000.4 313.8  79.2 0.191499 0.196240 0.099435 hargrave 2020-01-21 13:00:15 
565.00 305.2  23.0 305.2  23.0 3.86E-04 000.4 294.4  79.0 0.220599 0.167462 0.069528 hargrave 2020-01-21 16:04:07 
559.20 141.3 -26.2 141.3 -26.2 1.84E-03 000.4 250.3 -85.0 0.720343 0.911620 0.384678 hargrave 2020-01-22 11:11:03 
565.10 141.1 -25.0 141.1 -25.0 1.94E-03 000.3 237.6 -84.7 0.621321 0.957483 0.370727 hargrave 2020-01-22 15:16:43 
570.10 141.9 -25.8 141.9 -25.8 2.19E-03 000.5 247.7 -84.4 1.353137 1.082226 0.457353 hargrave 2020-01-23 12:35:46 
570.00 298.6  23.9 298.6  23.9 1.93E-04 000.5 280.8  73.7 0.095792 0.128922 0.039598 hargrave 2020-01-23 16:23:39 
575.00 300.7  31.1 300.7  31.1 1.67E-04 000.5 253.2  76.2 0.106958 0.125854 0.074873 hargrave 2020-01-24 11:23:19 
565.20 140.4 -24.9 140.4 -24.9 2.26E-03 000.3 232.1 -85.0 0.762578 1.072699 0.425876 hargrave 2020-01-24 15:19:13 
575.10 140.8 -25.4 140.8 -25.4 2.47E-03 000.4 238.8 -85.1 1.048232 1.233326 0.473727 hargrave 2020-01-25 14:55:59 
580.10 140.7 -26.2 140.7 -26.2 2.64E-03 000.4 247.4 -85.6 1.133080 1.363196 0.520130 hargrave 2020-01-26 12:58:02 
580.00 285.5  35.4 285.5  35.4 6.25E-05 000.6 246.4  63.1 0.053596 0.052564 0.024016 hargrave 2020-01-26 16:24:28 
585.00 312.7  12.6 312.7  12.6 6.87E-05 001.3 347.5  74.3 0.071653 0.133394 0.015200 hargrave 2020-01-27 13:08:19 
575.20 139.6 -25.1 139.6 -25.1 2.65E-03 000.4 227.9 -85.7 1.109825 1.326289 0.450351 hargrave 2020-01-28 09:06:39 
585.10 140.7 -25.3 140.7 -25.3 2.72E-03 000.4 237.3 -85.1 1.144919 1.351055 0.529687 hargrave 2020-01-30 13:17:00 
