BD7- 6b mag compass orientation (IGRF corrected)
      0  25.1  90.0   0.0   0.0   1.0
NRM    289.2  55.5 289.2  55.5 5.24E-03 000.5 184.1  34.3 1.488611 2.694420 3.531444 hargrave 2019-12-18 18:05:39 
100.00 295.3  55.9 295.3  55.9 5.21E-03 000.4 179.9  34.1 0.456912 2.851165 3.139969 hargrave 2019-12-19 10:58:57 
100.10 297.7  55.9 297.7  55.9 4.82E-03 000.5 178.2  34.1 0.805342 2.340428 3.122089 hargrave 2019-12-19 16:28:38 
200.10 296.2  57.2 296.2  57.2 4.51E-03 000.4 179.3  32.8 0.375954 1.853557 2.708216 hargrave 2019-12-20 11:12:44 
200.00 297.1  57.2 297.1  57.2 4.50E-03 000.3 178.7  32.8 0.365835 1.507612 2.653716 hargrave 2019-12-20 14:10:17 
300.00 298.0  56.6 298.0  56.6 4.51E-03 000.4 178.1  33.4 0.515279 1.901755 2.670824 hargrave 2019-12-20 18:04:28 
100.20 301.3  55.7 301.3  55.7 4.38E-03 000.4 175.8  34.1 0.604082 1.546096 2.643393 hargrave 2019-12-21 12:46:02 
300.10 297.2  55.9 297.2  55.9 4.20E-03 000.4 178.6  34.0 0.462121 1.456680 2.613893 hargrave 2019-12-21 16:01:57 
400.10 303.9  56.2 303.9  56.2 3.96E-03 000.4 174.2  33.4 0.640139 1.364424 2.447769 hargrave 2019-12-22 13:14:26 
400.00 300.8  55.6 300.8  55.6 3.97E-03 000.4 176.1  34.2 0.708977 1.378104 2.412794 hargrave 2019-12-22 15:43:24 
425.00 299.5  55.3 299.5  55.3 3.93E-03 000.4 177.0  34.6 0.943398 2.045531 2.321549 hargrave 2019-12-23 11:37:46 
300.20 304.4  55.2 304.4  55.2 3.78E-03 000.4 173.6  34.3 1.072119 1.308749 2.259642 hargrave 2019-12-23 14:54:02 
425.10 304.2  56.1 304.2  56.1 3.61E-03 000.4 173.9  33.4 1.116204 1.046753 2.305933 hargrave 2019-12-24 02:45:58 
450.10 298.6  57.1 298.6  57.1 3.50E-03 000.4 177.7  32.8 1.131997 1.486313 2.257986 hargrave 2019-12-24 12:46:25 
450.00 300.4  55.3 300.4  55.3 3.53E-03 000.4 176.3  34.5 1.136125 1.425285 2.168377 hargrave 2019-12-25 13:16:32 
475.00 303.7  54.3 303.7  54.3 3.49E-03 000.5 173.8  35.3 1.182574 1.548169 2.212328 hargrave 2019-12-25 16:53:28 
425.20 307.4  55.4 307.4  55.4 3.34E-03 000.4 171.7  33.7 1.113176 1.161576 2.154768 hargrave 2019-12-26 11:53:58 
475.10 301.5  58.4 301.5  58.4 3.19E-03 000.5 176.1  31.4 1.003860 1.163003 2.221961 hargrave 2019-12-26 15:52:28 
500.10 299.5  66.7 299.5  66.7 2.64E-03 000.6 178.1  23.2 1.028213 1.208522 2.221735 hargrave 2019-12-27 13:25:16 
500.00 302.5  55.5 302.5  55.5 2.79E-03 000.5 174.9  34.2 0.935009 1.209033 1.932747 hargrave 2019-12-27 17:12:43 
520.00 298.5  54.9 298.5  54.9 1.93E-03 000.5 177.6  35.0 0.734453 0.780028 1.344485 hargrave 2019-12-28 16:50:02 
475.20 304.3  64.0 304.3  64.0 1.67E-03 000.5 175.5  25.6 0.600396 0.288033 1.264841 hargrave 2019-12-29 15:36:02 
520.10 117.6  37.7 117.6  37.7 2.34E-03 000.3 183.2 -52.2 0.552357 0.965688 0.864066 hargrave 2019-12-30 11:58:06 
530.10 115.0  28.4 115.0  28.4 2.59E-03 000.4 179.8 -61.6 0.901598 1.270611 0.521158 hargrave 2019-12-30 15:55:07 
530.00 292.0  66.9 292.0  66.9 1.35E-03 000.5 181.3  23.0 0.417781 0.401594 1.065809 hargrave 2019-12-30 21:55:18 
540.00 290.2  56.0 290.2  56.0 1.19E-03 000.5 183.3  33.8 0.410399 0.374340 0.860930 hargrave 2020-01-01 11:02:23 
520.20 114.4  21.1 114.4  21.1 2.20E-03 000.4 178.3 -68.8 0.985144 1.026379 0.413725 hargrave 2020-01-01 14:41:06 
540.10 116.2  11.3 116.2  11.3 3.86E-03 000.4 185.4 -78.7 1.839963 1.794001 0.595033 hargrave 2020-01-01 18:36:43 
550.10 114.8  03.2 114.8  03.2 6.13E-03 000.4 174.2 -86.7 2.764105 2.641768 0.915603 hargrave 2020-01-02 14:08:52 
550.00 114.5  38.9 114.5  38.9 6.92E-04 000.4 179.3 -51.1 0.335701 0.226102 0.348111 hargrave 2020-01-02 18:25:02 
553.00 148.2  83.3 148.2  83.3 3.21E-04 000.5 183.7 -05.6 0.108863 0.139590 0.243824 hargrave 2020-01-03 11:59:43 
540.20 116.3  01.0 116.3  01.0 4.70E-03 000.4 230.5 -88.4 2.151874 2.152390 0.869175 hargrave 2020-01-03 15:39:25 
553.10 118.3 -00.1 118.3 -00.1 7.79E-03 000.4 272.4 -86.8 3.551218 3.378793 1.590136 hargrave 2020-01-14 16:33:23 
556.10 114.9  00.5 114.9  00.5 8.52E-03 000.4 155.7 -89.5 3.942733 3.805525 1.812454 hargrave 2020-01-18 15:28:55 
556.00 113.1  06.7 113.1  06.7 4.34E-04 000.4 163.1 -83.0 0.213586 0.205766 0.092073 hargrave 2020-01-19 11:42:44 
559.00 105.9  13.1 105.9  13.1 2.37E-04 000.4 145.4 -74.0 0.118326 0.133462 0.036202 hargrave 2020-01-19 15:07:44 
553.20 114.4  00.0 114.4  00.0 8.44E-03 000.4 091.4 -89.3 3.933100 3.778509 1.732596 hargrave 2020-01-20 11:50:30 
559.10 115.5  00.3 115.5  00.3 9.22E-03 000.4 236.7 -89.5 4.327550 4.203034 1.998951 hargrave 2020-01-20 15:49:10 
562.10 114.2 -00.7 114.2 -00.7 9.34E-03 000.4 055.1 -88.9 4.769749 4.368584 3.856662 hargrave 2020-01-21 09:26:46 
562.00 114.3  08.2 114.3  08.2 4.04E-04 000.4 174.2 -81.8 0.245016 0.226119 0.197823 hargrave 2020-01-21 13:08:51 
565.00 113.9  08.3 113.9  08.3 3.71E-04 000.4 172.1 -81.6 0.180442 0.175027 0.110253 hargrave 2020-01-21 16:11:51 
559.20 113.6 -00.2 113.6 -00.2 9.23E-03 000.4 083.5 -88.5 4.661147 4.450941 3.049503 hargrave 2020-01-22 11:21:22 
565.10 116.1 -00.0 116.1 -00.0 9.67E-03 000.4 272.7 -89.0 4.755281 4.568214 3.230651 hargrave 2020-01-22 15:27:15 
570.10 114.6 -00.3 114.6 -00.3 9.99E-03 000.4 059.6 -89.4 4.992390 4.742866 3.271374 hargrave 2020-01-23 12:46:55 
570.00 114.6  05.9 114.6  05.9 5.20E-04 000.4 175.4 -84.1 0.287310 0.268831 0.156023 hargrave 2020-01-23 16:31:24 
575.00 112.0  05.7 112.0  05.7 3.76E-04 000.5 151.8 -83.6 0.230508 0.207088 0.202988 hargrave 2020-01-24 11:31:06 
565.20 115.1 -00.1 115.1 -00.1 1.01E-02 000.4 335.4 -89.9 5.190371 4.937492 3.886083 hargrave 2020-01-24 15:29:39 
575.10 115.3  00.0 115.3  00.0 1.04E-02 000.4 254.4 -89.8 5.351275 5.137868 3.317286 hargrave 2020-01-25 15:07:58 
580.10 115.3 -00.4 115.3 -00.4 1.07E-02 000.4 329.6 -89.5 5.409770 5.224868 3.122801 hargrave 2020-01-26 13:09:17 
580.00 114.0  05.2 114.0  05.2 4.42E-04 000.4 167.8 -84.7 0.239160 0.204455 0.135862 hargrave 2020-01-26 16:32:17 
585.00 118.0  05.3 118.0  05.3 3.95E-04 000.4 208.0 -83.9 0.206929 0.189549 0.104384 hargrave 2020-01-27 13:16:18 
575.20 115.1 -00.6 115.1 -00.6 1.10E-02 000.4 356.7 -89.4 5.373908 5.205072 2.927675 hargrave 2020-01-28 09:17:54 
585.10 116.8 -01.3 116.8 -01.3 1.12E-02 000.4 308.3 -87.9 5.523936 5.428272 3.335381 hargrave 2020-01-30 13:29:07 
