BD8- 4b sun compass orientation
      0  48.9  19.0   0.0   0.0   1.0
NRM    289.1  43.7 289.1  43.7 4.56E-03 000.2 315.7  59.0 1.860754 0.952778 0.896223 hargrave 2020-10-12 16:38:18
100.00 287.2  43.8 287.2  43.8 4.55E-03 000.3 313.1  58.7 1.476209 1.404488 0.896862 hargrave 2020-10-14 11:37:31
100.10 287.1  43.9 287.1  43.9 4.26E-03 000.3 312.9  58.8 1.710505 0.953508 0.942969 hargrave 2020-10-14 17:19:30
200.10 286.2  43.7 286.2  43.7 4.03E-03 000.2 311.9  58.4 1.127376 1.217929 0.988706 hargrave 2020-10-15 12:05:04
200.00 290.6  42.9 290.6  42.9 4.02E-03 000.2 318.2  58.6 1.378937 0.852767 1.171246 hargrave 2020-10-15 14:55:11
300.00 288.9  43.3 288.9  43.3 4.03E-03 000.2 315.7  58.6 1.241580 1.075327 1.073056 hargrave 2020-10-15 17:35:02
100.20 288.8  42.5 288.8  42.5 3.85E-03 000.2 316.0  57.9 1.230480 1.277404 1.058989 hargrave 2020-10-16 14:07:03
300.10 286.8  42.4 286.8  42.4 3.71E-03 000.3 313.5  57.3 1.762208 0.648876 0.875939 hargrave 2020-10-18 14:47:46
400.10 284.3  43.0 284.3  43.0 3.41E-03 000.2 309.9  57.3 1.311105 0.614762 0.828258 hargrave 2020-10-18 18:18:31
400.00 291.3  41.8 291.3  41.8 3.46E-03 000.3 319.7  57.7 1.488412 0.833582 0.734360 hargrave 2020-10-19 12:09:44
450.00 287.9  42.9 287.9  42.9 3.46E-03 000.2 314.6  58.0 1.222767 0.828331 0.728662 hargrave 2020-10-19 15:08:45
300.20 288.3  42.5 288.3  42.5 3.17E-03 000.3 315.4  57.7 1.368799 0.561390 0.754495 hargrave 2020-10-19 19:17:00
450.10 289.3  41.4 289.3  41.4 2.97E-03 000.3 317.3  56.9 1.310285 0.485057 0.738567 hargrave 2020-10-20 11:57:50
475.10 288.0  41.3 288.0  41.3 2.47E-03 000.2 315.6  56.5 1.077713 0.399297 0.657144 hargrave 2020-10-20 16:42:30
475.00 289.6  42.4 289.6  42.4 2.68E-03 000.3 317.1  57.9 1.071536 0.634726 0.678290 hargrave 2020-10-21 11:41:41
500.00 287.7  42.8 287.7  42.8 2.74E-03 000.2 314.4  57.9 1.022579 0.553949 0.641970 hargrave 2020-10-21 16:08:02
450.20 285.2  41.3 285.2  41.3 1.88E-03 000.3 312.0  55.9 0.750647 0.331125 0.600588 hargrave 2020-10-22 11:24:52
500.10 283.4  41.0 283.4  41.0 1.64E-03 000.2 309.9  55.1 0.626954 0.243355 0.518958 hargrave 2020-10-22 15:15:18
510.10 287.9  38.7 287.9  38.7 1.49E-03 000.3 316.8  54.0 0.606214 0.370084 0.508572 hargrave 2020-10-23 08:58:32
510.00 286.7  42.5 286.7  42.5 1.56E-03 000.2 313.3  57.4 0.519992 0.324314 0.455881 hargrave 2020-10-23 13:10:25
520.00 286.7  43.0 286.7  43.0 1.54E-03 000.2 313.0  57.8 0.474839 0.317200 0.476280 hargrave 2020-10-23 16:14:57
500.20 285.6  37.7 285.6  37.7 1.26E-03 000.3 314.4  52.5 0.464413 0.208635 0.495442 hargrave 2020-10-25 17:22:48
520.10 279.3  35.3 279.3  35.3 1.06E-03 000.3 308.0  48.6 0.176625 0.288725 0.530558 hargrave 2020-10-26 13:07:02 
530.10 281.5  24.5 281.5  24.5 9.35E-04 000.3 314.7  38.9 0.450832 0.182083 0.579072 hargrave 2020-10-26 19:09:37
530.00 285.4  39.3 285.4  39.3 1.07E-03 000.3 313.4  54.0 0.130569 0.349994 0.526085 hargrave 2020-10-27 11:14:49
540.00 287.2  39.9 287.2  39.9 1.07E-03 000.3 315.4  55.0 0.165439 0.365114 0.517688 hargrave 2020-10-27 14:12:56
520.20 277.2  20.5 277.2  20.5 7.43E-04 000.3 311.3  34.0 0.104881 0.203332 0.463803 hargrave 2020-10-27 17:31:46
540.10 274.2  07.6 274.2  07.6 6.10E-04 000.4 311.8  20.8 0.076214 0.201653 0.407703 hargrave 2020-10-28 10:21:01
550.10 245.6 -52.5 245.6 -52.5 6.22E-04 000.5 306.0 -43.9 0.287345 0.280993 0.374823 hargrave 2020-10-28 14:26:42
550.00 282.2  41.7 282.2  41.7 7.36E-04 000.3 308.0  55.4 0.084033 0.223640 0.339004 hargrave 2020-10-28 17:26:28
553.00 282.8  42.6 282.8  42.6 6.78E-04 000.3 308.3  56.4 0.126315 0.241002 0.316259 hargrave 2020-10-29 09:57:39
540.20 220.9 -69.2 220.9 -69.2 1.06E-03 000.4 306.1 -64.1 0.497102 0.504188 0.370913 hargrave 2020-10-31 10:41:06
553.10 179.5 -73.7 179.5 -73.7 1.63E-03 000.4 301.2 -77.7 0.790089 0.768239 0.342952 hargrave 2020-10-31 14:34:22
556.10 164.2 -74.2 164.2 -74.2 2.05E-03 000.4 305.0 -81.8 0.942172 0.908540 0.234935 hargrave 2020-10-31 18:08:47
556.00 277.0  34.5 277.0  34.5 4.10E-04 000.4 305.7  47.3 0.029760 0.183705 0.236821 hargrave 2020-11-01 09:46:29
559.00 280.5  36.5 280.5  36.5 3.92E-04 000.4 308.9  50.2 0.082191 0.190329 0.217264 hargrave 2020-11-01 12:56:15
553.20 152.0 -72.6 152.0 -72.6 2.58E-03 000.4 297.2 -85.6 1.136532 1.135570 0.305741 hargrave 2020-11-01 16:26:05
559.10 142.7 -71.3 142.7 -71.3 2.94E-03 000.3 285.7 -88.7 1.245106 1.242117 0.111648 hargrave 2020-11-02 10:19:29
562.10 145.7 -71.3 145.7 -71.3 3.20E-03 000.3 280.8 -87.8 1.364572 1.363330 0.247013 hargrave 2020-11-02 13:53:03
562.00 270.8  20.5 270.8  20.5 2.61E-04 000.5 304.4  32.3 0.034089 0.122983 0.187309 hargrave 2020-11-02 17:05:29
565.00 271.9  30.6 271.9  30.6 2.46E-04 000.5 301.7  42.3 0.107453 0.135217 0.140685 hargrave 2020-11-03 09:58:03
559.20 142.1 -71.5 142.1 -71.5 3.36E-03 000.4 295.2 -88.9 1.498844 1.502712 0.213247 hargrave 2020-11-03 13:26:36
565.10 140.8 -70.8 140.8 -70.8 3.67E-03 000.3 254.2 -89.4 1.554448 1.587370 0.142152 hargrave 2020-11-03 17:09:21
570.10 143.2 -69.6 143.2 -69.6 4.01E-03 000.4 226.8 -88.0 1.762778 1.805779 0.086414 hargrave 2020-11-04 10:25:08
570.00 253.0 -24.4 253.0 -24.4 1.48E-04 000.7 300.4 -15.6 0.113903 0.116214 0.099551 hargrave 2020-11-04 13:33:06
575.00 263.1  04.7 263.1  04.7 1.18E-04 000.6 301.4  15.0 0.055130 0.079425 0.084519 hargrave 2020-11-04 16:38:48
565.20 138.4 -71.5 138.4 -71.5 3.86E-03 000.4 016.2 -89.5 1.799567 1.885492 0.243494 hargrave 2020-11-04 20:22:25
575.10 137.6 -70.4 137.6 -70.4 4.20E-03 000.4 144.2 -89.3 1.785514 1.862039 0.218033 hargrave 2020-11-05 11:52:45
580.10 134.6 -69.3 134.6 -69.3 4.48E-03 000.3 136.2 -87.8 1.881767 1.981130 0.252364 hargrave 2020-11-05 15:22:53
580.00 235.9 -60.7 235.9 -60.7 9.51E-05 000.6 305.0 -53.6 0.052744 0.090427 0.040116 hargrave 2020-11-05 18:34:45
585.00 230.9 -30.9 230.9 -30.9 8.45E-05 000.8 282.9 -28.4 0.081180 0.116976 0.049910 hargrave 2020-11-06 09:52:51
575.20 136.3 -68.9 136.3 -68.9 4.41E-03 000.3 156.1 -87.7 1.730588 1.781152 0.157438 hargrave 2020-11-06 13:42:22
585.10 135.5 -68.6 135.5 -68.6 4.81E-03 000.3 152.6 -87.3 1.892249 1.938276 0.315360 hargrave 2020-11-06 18:08:52
