BD8- 9b sun compass orientation
      0  37.3  48.0   0.0   0.0   1.0
NRM    287.2  50.4 287.2  50.4 1.09E-02 000.5 231.8  73.8 6.658887 6.505333 3.601458 hargrave 2020-10-12 16:50:30 
100.00 287.5  51.0 287.5  51.0 1.09E-02 000.5 229.5  73.8 6.524943 7.072709 3.263063 hargrave 2020-10-14 11:46:58 
100.10 287.6  49.8 287.6  49.8 1.04E-02 000.5 233.6  74.3 6.135948 6.316567 4.256604 hargrave 2020-10-14 17:29:22 
200.10 287.4  50.0 287.4  50.0 1.01E-02 000.5 232.8  74.1 5.273310 5.767695 4.070677 hargrave 2020-10-15 12:16:20 
200.00 287.4  50.5 287.4  50.5 1.01E-02 000.5 231.3  73.9 4.909584 5.787515 4.030266 hargrave 2020-10-15 15:02:55 
300.00 287.7  50.4 287.7  50.4 9.97E-03 000.5 231.3  74.1 4.601984 5.573885 4.472821 hargrave 2020-10-15 17:43:35 
100.20 286.7  49.3 286.7  49.3 9.59E-03 000.5 236.0  73.9 4.973046 5.311451 4.747011 hargrave 2020-10-16 14:18:30 
300.10 286.2  48.7 286.2  48.7 9.32E-03 000.6 238.4  73.8 5.814780 6.048970 5.604025 hargrave 2020-10-18 14:59:10 
400.10 286.6  50.4 286.6  50.4 9.26E-03 000.5 232.4  73.5 5.265461 5.662854 4.626298 hargrave 2020-10-18 18:30:35 
400.00 287.3  50.6 287.3  50.6 9.27E-03 000.5 231.2  73.8 5.283571 6.131610 4.582620 hargrave 2020-10-19 12:19:13 
450.00 288.0  51.0 288.0  51.0 9.17E-03 000.6 229.2  74.1 5.436475 5.998360 4.611948 hargrave 2020-10-19 15:20:44 
300.20 286.0  49.5 286.0  49.5 8.57E-03 000.5 236.0  73.4 4.977187 5.290332 4.622621 hargrave 2020-10-19 19:30:06 
450.10 285.2  49.6 285.2  49.6 8.06E-03 000.5 236.0  72.9 4.598934 4.934716 4.432986 hargrave 2020-10-20 12:09:25 
475.10 283.2  50.4 283.2  50.4 6.82E-03 000.5 234.8  71.4 3.853218 4.065808 3.901363 hargrave 2020-10-20 16:54:54 
475.00 285.1  48.4 285.1  48.4 6.37E-03 000.6 240.1  73.2 3.785184 3.898552 3.739837 hargrave 2020-10-21 11:51:57 
500.00 283.6  48.4 283.6  48.4 5.44E-03 000.5 240.8  72.2 2.977275 3.308225 3.301529 hargrave 2020-10-21 16:18:21 
450.20 281.7  48.1 281.7  48.1 5.10E-03 000.5 242.4  71.0 2.843360 2.900654 2.657920 hargrave 2020-10-22 11:37:17 
500.10 279.2  51.5 279.2  51.5 4.23E-03 000.6 233.8  68.7 2.539997 2.634877 2.244961 hargrave 2020-10-22 15:26:54 
510.10 276.5  51.1 276.5  51.1 3.70E-03 000.6 235.8  67.2 2.243455 2.198013 2.062890 hargrave 2020-10-23 09:10:06 
510.00 277.4  48.6 277.4  48.6 2.80E-03 000.5 242.2  68.1 1.558525 1.734627 1.303382 hargrave 2020-10-23 13:19:54 
520.00 279.0  49.2 279.0  49.2 3.06E-03 000.5 240.2  69.1 1.569097 1.884279 1.386251 hargrave 2020-10-23 16:24:28 
500.20 271.7  51.2 271.7  51.2 3.12E-03 000.6 236.9  64.2 1.967103 1.887452 1.960273 hargrave 2020-10-25 17:32:46 
520.10 265.6  54.0 265.6  54.0 2.73E-03 000.6 231.7  60.2 1.560742 1.722867 1.738308 hargrave 2020-10-26 13:15:41 
530.10 258.5  50.8 258.5  50.8 2.28E-03 000.6 237.9  55.9 1.363634 1.338897 1.839821 hargrave 2020-10-26 19:21:13 
530.00 279.8  51.1 279.8  51.1 2.94E-03 000.4 234.7  69.2 0.761381 1.363792 1.291240 hargrave 2020-10-27 11:22:42 
540.00 284.3  51.7 284.3  51.7 3.25E-03 000.4 230.3  71.6 0.967470 1.596643 1.346925 hargrave 2020-10-27 14:20:54 
520.20 252.5  52.4 252.5  52.4 2.01E-03 000.6 234.7  52.3 0.819799 1.141360 1.664674 hargrave 2020-10-27 17:42:37 
540.10 229.0  46.3 229.0  46.3 1.59E-03 000.7 236.8  36.0 0.668131 0.916599 1.657022 hargrave 2020-10-28 10:31:50 
550.10 145.2 -19.7 145.2 -19.7 2.16E-03 000.3 219.7 -63.1 0.358866 0.661779 1.080206 hargrave 2020-10-28 14:37:27 
550.00 285.9  53.4 285.9  53.4 1.21E-03 000.4 224.2  71.8 0.465844 0.637892 0.476191 hargrave 2020-10-28 17:34:24 
553.00 284.2  54.3 284.2  54.3 7.89E-04 000.4 223.3  70.4 0.312939 0.297212 0.297858 hargrave 2020-10-29 10:05:28 
540.20 138.5 -34.8 138.5 -34.8 3.75E-03 000.3 233.9 -78.7 1.111610 1.525492 0.793572 hargrave 2020-10-31 10:51:44 
553.10 135.0 -38.8 135.0 -38.8 5.09E-03 000.3 244.1 -83.4 1.482427 2.201073 0.315867 hargrave 2020-10-31 14:45:08 
556.10 134.6 -39.1 134.6 -39.1 5.79E-03 000.3 245.2 -83.7 1.698998 2.408111 0.482292 hargrave 2020-10-31 18:20:18 
556.00 269.2  63.3 269.2  63.3 3.23E-04 000.4 213.0  59.4 0.193877 0.088914 0.148617 hargrave 2020-11-01 09:55:09 
559.00 272.9  57.9 272.9  57.9 3.04E-04 000.4 221.7  63.2 0.154404 0.096419 0.123286 hargrave 2020-11-01 13:05:41 
553.20 131.3 -40.2 131.3 -40.2 6.38E-03 000.3 240.5 -86.5 2.093323 2.817037 0.210292 hargrave 2020-11-01 16:36:48 
559.10 132.8 -40.8 132.8 -40.8 6.83E-03 000.3 255.4 -85.7 2.145476 2.924729 0.196971 hargrave 2020-11-02 10:30:12 
562.10 135.1 -41.7 135.1 -41.7 7.03E-03 000.3 269.5 -84.2 2.313646 3.065494 0.297003 hargrave 2020-11-02 14:03:48 
562.00 258.5  53.4 258.5  53.4 1.71E-04 000.6 233.3  56.0 0.137699 0.111929 0.092544 hargrave 2020-11-02 17:14:08 
565.00 263.0  49.7 263.0  49.7 1.87E-04 000.6 240.4  58.7 0.148437 0.111702 0.090480 hargrave 2020-11-03 10:06:45 
559.20 131.0 -40.0 131.0 -40.0 7.08E-03 000.3 236.0 -86.6 2.382208 3.230069 0.298279 hargrave 2020-11-03 13:38:06 
565.10 132.4 -39.7 132.4 -39.7 7.20E-03 000.3 241.4 -85.5 2.402934 3.243459 0.301784 hargrave 2020-11-03 17:20:05 
570.10 131.4 -40.1 131.4 -40.1 7.35E-03 000.3 240.4 -86.4 2.636543 3.414097 0.351316 hargrave 2020-11-04 10:36:40 
570.00 183.5  05.0 183.5  05.0 9.33E-05 000.8 242.2 -20.7 0.097370 0.091207 0.077216 hargrave 2020-11-04 13:41:44 
575.00 239.6  60.1 239.6  60.1 1.06E-04 000.8 221.7  46.1 0.150462 0.059079 0.077882 hargrave 2020-11-04 16:47:27 
565.20 134.0 -40.8 134.0 -40.8 6.96E-03 000.3 259.1 -84.9 2.592090 3.274022 0.229501 hargrave 2020-11-04 20:33:08 
575.10 133.7 -38.9 133.7 -38.9 7.07E-03 000.3 239.7 -84.2 2.280778 3.009711 0.440858 hargrave 2020-11-05 12:03:30 
580.10 132.3 -40.6 132.3 -40.6 7.29E-03 000.3 251.7 -86.0 2.403007 3.142144 0.300664 hargrave 2020-11-05 15:33:39 
580.00 169.9 -46.1 169.9 -46.1 6.03E-05 001.4 292.4 -59.5 0.085216 0.119810 0.039198 hargrave 2020-11-05 18:43:20 
585.00 182.0  10.7 182.0  10.7 5.12E-05 001.2 237.2 -17.3 0.099985 0.095785 0.041416 hargrave 2020-11-06 10:01:30 
575.20 134.1 -41.7 134.1 -41.7 6.88E-03 000.3 268.4 -84.9 2.198392 2.915792 0.354834 hargrave 2020-11-06 13:53:02 
585.10 131.2 -41.0 131.2 -41.0 7.19E-03 000.3 252.9 -86.9 2.331601 2.963497 0.204873 hargrave 2020-11-06 18:19:31 
