BD8- 2b sun compass orientation
      0  57.1  61.0   0.0   0.0   1.0
NRM    293.3  57.9 293.3  57.9 7.21E-03 000.4 209.3  52.8 3.401234 2.187695 3.710616 hargrave 2020-10-12 16:36:09 
100.00 286.8  47.5 286.8  47.5 7.22E-03 000.5 227.8  53.9 3.536702 3.412963 3.317736 hargrave 2020-10-14 11:35:51 
100.10 294.9  56.1 294.9  56.1 6.72E-03 000.4 210.9  54.6 3.557621 2.349937 3.189325 hargrave 2020-10-14 17:17:20 
200.10 297.4  57.3 297.4  57.3 6.45E-03 000.4 207.7  54.9 2.808916 1.685565 2.878152 hargrave 2020-10-15 12:02:51 
200.00 294.0  54.7 294.0  54.7 6.46E-03 000.4 213.4  55.0 3.031894 2.288074 2.989690 hargrave 2020-10-15 14:53:33 
300.00 295.1  55.2 295.1  55.2 6.41E-03 000.4 212.0  55.2 2.864844 2.359527 2.932444 hargrave 2020-10-15 17:32:31 
100.20 296.8  56.9 296.8  56.9 6.13E-03 000.4 208.7  54.9 2.907081 1.661080 2.761114 hargrave 2020-10-16 14:04:02 
300.10 293.6  54.5 293.6  54.5 5.88E-03 000.5 213.8  54.9 3.691590 2.750827 3.277565 hargrave 2020-10-18 14:45:37 
400.10 295.3  56.8 295.3  56.8 5.75E-03 000.5 209.7  54.4 3.314714 2.099497 2.840332 hargrave 2020-10-18 18:16:23 
400.00 297.8  57.6 297.8  57.6 5.86E-03 000.5 207.1  54.9 3.217241 2.244615 3.051024 hargrave 2020-10-19 12:08:11 
450.00 297.6  57.7 297.6  57.7 6.02E-03 000.5 207.1  54.7 2.973842 2.089269 3.198210 hargrave 2020-10-19 15:07:12 
300.20 293.6  55.3 293.6  55.3 5.50E-03 000.5 212.8  54.5 3.195456 2.406350 2.649175 hargrave 2020-10-19 19:14:58 
450.10 294.7  56.7 294.7  56.7 5.18E-03 000.5 210.1  54.1 2.995333 1.952764 2.644406 hargrave 2020-10-20 11:55:46 
475.10 293.7  56.4 293.7  56.4 4.07E-03 000.5 211.2  53.9 2.361335 1.431472 2.159888 hargrave 2020-10-20 16:40:25 
475.00 293.7  54.4 293.7  54.4 4.48E-03 000.5 214.0  55.0 2.422197 1.738445 2.479728 hargrave 2020-10-21 11:40:09 
500.00 294.6  55.9 294.6  55.9 4.45E-03 000.5 211.3  54.6 2.521045 1.815229 2.383977 hargrave 2020-10-21 16:06:30 
450.20 290.6  55.1 290.6  55.1 2.78E-03 000.5 214.6  53.1 1.689007 1.049509 1.497661 hargrave 2020-10-22 11:22:46 
500.10 285.2  54.4 285.2  54.4 2.37E-03 000.5 217.8  50.7 1.428889 0.947854 1.324115 hargrave 2020-10-22 15:13:13 
510.10 282.8  55.3 282.8  55.3 2.16E-03 000.5 217.3  49.1 1.348238 0.833109 1.247386 hargrave 2020-10-23 08:56:28 
510.00 288.2  53.9 288.2  53.9 1.90E-03 000.5 217.4  52.4 1.046263 0.853430 1.104804 hargrave 2020-10-23 13:08:52 
520.00 289.1  53.6 289.1  53.6 1.90E-03 000.5 217.5  53.0 1.037885 0.879871 1.115494 hargrave 2020-10-23 16:13:24 
500.20 283.5  56.4 283.5  56.4 1.75E-03 000.5 215.6  48.9 1.077691 0.550747 1.064329 hargrave 2020-10-25 17:20:42 
520.10 278.7  58.8 278.7  58.8 1.56E-03 000.4 213.7  45.7 0.773992 0.342546 0.875763 hargrave 2020-10-26 12:44:23 
530.10 268.5  59.4 268.5  59.4 1.42E-03 000.5 214.8  40.5 0.828795 0.331961 0.905568 hargrave 2020-10-26 19:07:33 
530.00 292.1  52.3 292.1  52.3 1.30E-03 000.4 218.0  55.3 0.415486 0.462270 0.709121 hargrave 2020-10-27 11:13:16 
540.00 297.8  51.9 297.8  51.9 1.33E-03 000.4 215.2  58.4 0.457307 0.433504 0.723982 hargrave 2020-10-27 14:11:22 
520.20 263.9  61.6 263.9  61.6 1.26E-03 000.4 212.5  37.9 0.569442 0.271423 0.783060 hargrave 2020-10-27 17:29:42 
540.10 246.1  55.3 246.1  55.3 1.09E-03 000.5 219.8  28.4 0.524285 0.291116 0.732972 hargrave 2020-10-28 10:18:58 
550.10 183.0  22.2 183.0  22.2 8.03E-04 000.4 218.1 -28.3 0.237984 0.298796 0.561894 hargrave 2020-10-28 14:24:37 
550.00 288.6  51.6 288.6  51.6 7.60E-04 000.4 220.7  53.6 0.193816 0.303659 0.446955 hargrave 2020-10-28 17:24:55 
553.00 287.4  49.8 287.4  49.8 5.48E-04 000.4 224.1  53.6 0.130203 0.177670 0.323232 hargrave 2020-10-29 09:56:07 
540.20 167.5 -13.7 167.5 -13.7 1.29E-03 000.4 235.2 -65.7 0.536926 0.533346 0.386409 hargrave 2020-10-31 10:38:56 
553.10 158.0 -21.3 158.0 -21.3 1.99E-03 000.3 234.3 -77.5 0.886068 0.866975 0.471966 hargrave 2020-10-31 14:31:27 
556.10 154.5 -25.0 154.5 -25.0 2.46E-03 000.4 240.4 -82.3 1.101266 1.114661 0.445150 hargrave 2020-10-31 18:06:44 
556.00 268.1  55.5 268.1  55.5 3.44E-04 000.4 220.0  40.9 0.111128 0.090683 0.238049 hargrave 2020-11-01 09:44:55 
559.00 276.1  48.5 276.1  48.5 3.12E-04 000.4 228.7  46.7 0.096140 0.078246 0.184654 hargrave 2020-11-01 12:54:44 
553.20 151.6 -28.1 151.6 -28.1 2.96E-03 000.3 257.9 -86.0 1.308697 1.248279 0.413906 hargrave 2020-11-01 16:24:02 
559.10 150.5 -26.8 150.5 -26.8 3.27E-03 000.3 235.2 -86.3 1.343675 1.314346 0.471945 hargrave 2020-11-02 10:17:25 
562.10 151.1 -28.2 151.1 -28.2 3.48E-03 000.3 258.2 -86.4 1.522020 1.375862 0.492575 hargrave 2020-11-02 13:50:59 
562.00 250.3  48.5 250.3  48.5 1.85E-04 000.5 227.9  29.7 0.081123 0.051627 0.149197 hargrave 2020-11-02 17:03:56 
565.00 250.6  56.7 250.6  56.7 1.68E-04 000.5 218.6  31.2 0.093836 0.024796 0.132126 hargrave 2020-11-03 09:56:29 
559.20 150.1 -29.0 150.1 -29.0 3.67E-03 000.3 270.2 -87.4 1.634801 1.523693 0.446249 hargrave 2020-11-03 13:24:33 
565.10 149.7 -29.3 149.7 -29.3 3.92E-03 000.4 277.1 -87.7 1.832307 1.680631 0.600016 hargrave 2020-11-03 17:07:17 
570.10 149.8 -28.4 149.8 -28.4 4.17E-03 000.4 256.4 -87.5 1.983453 1.815722 0.661267 hargrave 2020-11-04 10:23:04 
570.00 196.7  27.0 196.7  27.0 1.20E-04 000.6 225.1 -16.5 0.118329 0.053518 0.056712 hargrave 2020-11-04 13:31:33 
575.00 186.7  55.5 186.7  55.5 6.73E-05 000.9 201.1  01.0 0.099053 0.056239 0.057931 hargrave 2020-11-04 16:36:25 
565.20 149.7 -29.8 149.7 -29.8 4.01E-03 000.4 290.4 -87.6 1.842797 1.734587 0.459536 hargrave 2020-11-04 20:20:21 
575.10 149.6 -30.2 149.6 -30.2 4.29E-03 000.3 299.2 -87.5 1.928155 1.761681 0.571946 hargrave 2020-11-05 11:50:41 
580.10 148.5 -29.5 148.5 -29.5 4.44E-03 000.3 290.8 -88.7 1.961643 1.850578 0.433397 hargrave 2020-11-05 15:20:49 
580.00 171.1  13.2 171.1  13.2 7.71E-05 000.8 212.1 -41.9 0.117201 0.053932 0.034883 hargrave 2020-11-05 18:33:14 
585.00 169.2  16.3 169.2  16.3 5.42E-05 000.9 208.1 -39.9 0.077785 0.057327 0.023129 hargrave 2020-11-06 09:51:19 
575.20 149.2 -30.4 149.2 -30.4 4.36E-03 000.3 306.6 -87.7 1.850231 1.702470 0.394287 hargrave 2020-11-06 13:40:18 
585.10 148.4 -29.2 148.4 -29.2 4.62E-03 000.3 278.8 -88.9 1.948745 1.862353 0.426414 hargrave 2020-11-06 18:06:49 
