BD8- 5b sun compass orientation
      0  45.6  38.0   0.0   0.0   1.0
NRM    277.0  48.3 277.0  48.3 1.62E-02 000.4 263.2  65.3 8.324802 6.086143 5.586131 hargrave 2020-10-12 16:41:12
100.00 279.6  46.1 279.6  46.1 1.62E-02 000.4 269.7  65.9 7.631022 6.648988 5.810493 hargrave 2020-10-14 11:39:57
100.10 278.9  47.4 278.9  47.4 1.53E-02 000.4 266.3  66.1 7.665360 6.101245 5.655024 hargrave 2020-10-14 17:21:36
200.10 277.0  48.9 277.0  48.9 1.50E-02 000.3 261.8  65.5 3.778525 4.427255 6.777018 hargrave 2020-10-15 12:08:36
200.00 278.6  47.1 278.6  47.1 1.47E-02 000.3 266.8  65.8 5.259412 5.183767 6.023270 hargrave 2020-10-15 14:56:45 
300.00 277.9  48.0 277.9  48.0 1.47E-02 000.4 264.3  65.7 5.571018 5.347320 6.025954 hargrave 2020-10-15 17:37:25
100.20 278.2  47.1 278.2  47.1 1.41E-02 000.4 266.6  65.5 5.688541 5.233855 6.035505 hargrave 2020-10-16 14:09:09
300.10 277.9  46.2 277.9  46.2 1.37E-02 000.5 268.2  65.0 7.539631 6.608232 6.548500 hargrave 2020-10-18 14:49:52
400.10 277.2  47.4 277.2  47.4 1.35E-02 000.4 265.3  65.0 6.495416 5.914738 5.759526 hargrave 2020-10-18 18:21:24
400.00 277.4  47.6 277.4  47.6 1.38E-02 000.5 265.0  65.3 6.531476 6.570312 7.138280 hargrave 2020-10-19 12:13:10
450.00 277.3  48.3 277.3  48.3 1.41E-02 000.5 263.3  65.5 6.923117 6.696452 6.830146 hargrave 2020-10-19 15:11:23
300.20 277.4  47.2 277.4  47.2 1.28E-02 000.5 265.7  65.1 5.908222 6.071621 6.942218 hargrave 2020-10-19 19:20:08
450.10 276.5  47.6 276.5  47.6 1.20E-02 000.4 264.2  64.7 5.485628 5.344794 6.165255 hargrave 2020-10-20 12:00:10
475.10 275.7  47.4 275.7  47.4 9.28E-03 000.4 264.3  64.1 4.040884 4.382113 5.081168 hargrave 2020-10-20 16:45:39
475.00 276.1  49.3 276.1  49.3 1.02E-02 000.5 260.4  65.1 4.945111 5.003002 5.502763 hargrave 2020-10-21 11:43:29
500.00 277.0  48.8 277.0  48.8 1.00E-02 000.5 262.0  65.5 4.890865 4.862506 5.242928 hargrave 2020-10-21 16:10:41
450.20 275.6  47.9 275.6  47.9 5.81E-03 000.5 263.2  64.3 2.600751 2.829532 3.327418 hargrave 2020-10-22 11:27:12
500.10 275.6  49.6 275.6  49.6 4.74E-03 000.5 259.5  64.9 2.420719 2.387207 2.553257 hargrave 2020-10-22 15:17:38
510.10 275.1  47.4 275.1  47.4 4.18E-03 000.5 263.8  63.8 1.892473 2.047538 2.389742 hargrave 2020-10-23 09:00:51
510.00 275.4  50.5 275.4  50.5 3.28E-03 000.5 257.3  65.2 1.755941 1.823904 1.914961 hargrave 2020-10-23 13:13:03
520.00 275.1  51.6 275.1  51.6 3.19E-03 000.5 254.7  65.2 1.620353 1.809589 2.016119 hargrave 2020-10-23 16:16:46
500.20 274.2  47.5 274.2  47.5 3.38E-03 000.5 263.0  63.2 1.658490 1.586798 1.908800 hargrave 2020-10-25 17:25:08
520.10 272.4  46.5 272.4  46.5 3.03E-03 000.5 263.9  61.7 1.232979 1.524493 2.054120 hargrave 2020-10-26 13:09:21
530.10 271.1  43.1 271.1  43.1 2.67E-03 000.5 268.9  59.2 0.920831 1.221020 1.852053 hargrave 2020-10-26 19:11:56
530.00 273.8  49.2 273.8  49.2 2.06E-03 000.3 259.4  63.7 0.407411 0.727319 1.142515 hargrave 2020-10-27 11:16:37
540.00 276.0  46.5 276.0  46.5 2.27E-03 000.3 266.3  63.9 0.410396 0.772880 1.263093 hargrave 2020-10-27 14:14:45
520.20 267.5  47.1 267.5  47.1 2.37E-03 000.4 259.6  59.0 0.553306 0.951485 1.535012 hargrave 2020-10-27 17:34:07
540.10 263.7  43.1 263.7  43.1 2.03E-03 000.4 263.5  54.7 0.476626 0.773774 1.363074 hargrave 2020-10-28 10:23:20
550.10 213.7  04.5 213.7  04.5 7.28E-04 000.6 257.9 -03.7 0.175881 0.382787 0.773500 hargrave 2020-10-28 14:29:01
550.00 276.8  45.6 276.8  45.6 1.12E-03 000.3 268.7  64.0 0.154363 0.376390 0.676115 hargrave 2020-10-28 17:28:21
553.00 275.0  47.6 275.0  47.6 8.38E-04 000.4 263.2  63.8 0.213138 0.342816 0.433827 hargrave 2020-10-29 09:59:27
540.20 155.9 -51.9 155.9 -51.9 1.42E-03 000.4 277.5 -77.5 0.624723 0.591779 0.289637 hargrave 2020-10-31 10:43:12
553.10 142.4 -51.2 142.4 -51.2 2.68E-03 000.3 261.7 -85.7 1.045597 1.039743 0.386834 hargrave 2020-10-31 14:36:41
556.10 140.0 -53.0 140.0 -53.0 3.43E-03 000.3 293.0 -87.1 1.362799 1.332106 0.368214 hargrave 2020-10-31 18:11:07
556.00 271.3  49.2 271.3  49.2 5.34E-04 000.3 258.0  62.1 0.099350 0.166551 0.277862 hargrave 2020-11-01 09:48:17
559.00 285.0  47.7 285.0  47.7 5.09E-04 000.3 270.2  70.0 0.049437 0.240627 0.197643 hargrave 2020-11-01 12:58:03
553.20 134.5 -51.3 134.5 -51.3 4.12E-03 000.3 136.8 -89.0 1.490703 1.640053 0.756237 hargrave 2020-11-01 16:28:25
559.10 132.7 -51.9 132.7 -51.9 4.67E-03 000.3 093.5 -88.2 1.661465 1.802107 0.815693 hargrave 2020-11-02 10:21:48
562.10 135.8 -52.9 135.8 -52.9 4.95E-03 000.3 350.5 -89.1 1.903287 1.910063 0.655462 hargrave 2020-11-02 13:55:22
562.00 261.4  44.2 261.4  44.2 2.90E-04 000.4 260.3  53.9 0.065887 0.080001 0.193172 hargrave 2020-11-02 17:07:17
565.00 262.9  45.6 262.9  45.6 3.47E-04 000.4 259.2  55.5 0.054174 0.151600 0.212074 hargrave 2020-11-03 09:59:51
559.20 130.9 -52.5 130.9 -52.5 5.40E-03 000.3 079.3 -87.1 2.082040 2.176107 0.901352 hargrave 2020-11-03 13:28:55
565.10 131.3 -50.7 131.3 -50.7 5.72E-03 000.3 114.7 -87.0 2.086345 2.302508 1.037679 hargrave 2020-11-03 17:11:41
570.10 131.5 -50.2 131.5 -50.2 6.11E-03 000.3 123.3 -86.9 2.340349 2.580081 1.079498 hargrave 2020-11-04 10:27:27
570.00 245.0  18.7 245.0  18.7 1.76E-04 000.4 273.2  26.5 0.019449 0.068808 0.108255 hargrave 2020-11-04 13:34:53
575.00 244.2  30.5 244.2  30.5 1.83E-04 000.5 263.3  34.7 0.079800 0.047420 0.154244 hargrave 2020-11-04 16:40:36
565.20 133.3 -52.5 133.3 -52.5 5.92E-03 000.3 068.0 -88.5 2.457827 2.580234 0.842342 hargrave 2020-11-04 20:24:44
575.10 130.8 -50.7 130.8 -50.7 6.41E-03 000.3 111.8 -86.7 2.411341 2.622764 1.273037 hargrave 2020-11-05 11:55:04
580.10 132.5 -51.4 132.5 -51.4 6.66E-03 000.3 107.4 -88.0 2.538665 2.722438 1.258741 hargrave 2020-11-05 15:25:12
580.00 236.1 -27.6 236.1 -27.6 7.97E-05 001.0 295.3 -15.4 0.101875 0.091894 0.043277 hargrave 2020-11-05 18:36:33
585.00 196.9  04.2 196.9  04.2 9.38E-05 000.9 244.3 -13.7 0.098184 0.081108 0.078574 hargrave 2020-11-06 09:54:39
575.20 133.9 -52.4 133.9 -52.4 6.53E-03 000.3 067.9 -88.9 2.311023 2.512471 0.944409 hargrave 2020-11-06 13:44:41
585.10 134.3 -51.1 134.3 -51.1 7.01E-03 000.3 138.3 -88.7 2.583666 2.765360 0.917135 hargrave 2020-11-06 18:11:11
