BD9- 6b sun compass orientation
      0  20.5  72.0   0.0   0.0   1.0
NRM    279.6  43.1 279.6  43.1 1.04E-03 000.3 197.9  63.3 0.376466 0.349706 0.446865 hargrave 2020-10-12 17:02:04 
100.00 278.6  42.5 278.6  42.5 1.05E-03 000.4 199.8  63.5 0.376803 0.469907 0.419776 hargrave 2020-10-14 11:56:50 
100.10 281.4  43.3 281.4  43.3 9.26E-04 000.4 195.0  63.6 0.368829 0.399271 0.368685 hargrave 2020-10-14 17:40:59 
200.10 278.9  42.5 278.9  42.5 8.58E-04 000.3 199.5  63.6 0.260560 0.333718 0.348121 hargrave 2020-10-15 12:27:55 
200.00 279.7  42.8 279.7  42.8 8.60E-04 000.4 198.0  63.5 0.249646 0.353916 0.355132 hargrave 2020-10-15 15:11:58 
300.00 279.4  42.4 279.4  42.4 8.41E-04 000.3 198.8  63.8 0.239505 0.305231 0.335437 hargrave 2020-10-15 17:52:34 
100.20 284.1  42.3 284.1  42.3 8.29E-04 000.3 191.3  65.1 0.277973 0.304008 0.348989 hargrave 2020-10-16 14:30:53 
300.10 279.8  42.9 279.8  42.9 7.64E-04 000.5 197.8  63.5 0.348915 0.351152 0.407145 hargrave 2020-10-18 15:10:47 
400.10 281.7  42.0 281.7  42.0 6.80E-04 000.4 195.6  64.8 0.265424 0.301333 0.281937 hargrave 2020-10-18 18:42:03 
400.00 279.8  40.9 279.8  40.9 6.78E-04 000.4 199.6  65.3 0.295651 0.328716 0.305702 hargrave 2020-10-19 12:27:39 
450.00 282.7  41.3 282.7  41.3 6.38E-04 000.4 194.4  65.8 0.276187 0.324894 0.275436 hargrave 2020-10-19 15:29:13 
300.20 279.7  40.3 279.7  40.3 6.41E-04 000.4 200.5  65.9 0.300300 0.286544 0.291283 hargrave 2020-10-19 19:41:06 
450.10 277.2  41.2 277.2  41.2 5.93E-04 000.4 203.3  64.2 0.242194 0.234791 0.269785 hargrave 2020-10-20 12:20:32 
475.10 280.2  40.4 280.2  40.4 5.22E-04 000.5 199.5  65.9 0.254926 0.247808 0.245832 hargrave 2020-10-20 17:05:57 
475.00 283.1  40.3 283.1  40.3 5.16E-04 000.4 194.4  66.8 0.234157 0.249102 0.224607 hargrave 2020-10-21 12:00:24 
500.00 281.3  39.5 281.3  39.5 4.93E-04 000.4 198.5  67.1 0.193856 0.240992 0.209186 hargrave 2020-10-21 16:26:48 
450.20 281.6  41.5 281.6  41.5 4.59E-04 000.4 196.1  65.3 0.200576 0.207365 0.227823 hargrave 2020-10-22 11:48:24 
500.10 282.9  42.4 282.9  42.4 3.91E-04 000.5 193.2  64.8 0.171983 0.203706 0.200287 hargrave 2020-10-22 15:38:03 
510.10 281.1  49.0 281.1  49.0 3.26E-04 000.5 191.7  58.1 0.162485 0.133061 0.192778 hargrave 2020-10-23 09:21:12 
510.00 280.6  42.1 280.6  42.1 3.82E-04 000.5 197.2  64.4 0.203844 0.239464 0.206087 hargrave 2020-10-23 13:28:22 
520.00 284.2  43.0 284.2  43.0 3.40E-04 000.5 190.8  64.5 0.182442 0.136554 0.171948 hargrave 2020-10-23 16:32:59 
500.20 248.6  69.0 248.6  69.0 1.94E-04 000.7 196.5  32.8 0.118537 0.089719 0.184159 hargrave 2020-10-25 17:43:49 
520.10 158.5  42.7 158.5  42.7 1.36E-04 000.8 214.4 -15.0 0.044324 0.132742 0.167931 hargrave 2020-10-26 13:30:05 
530.10 114.1  03.2 114.1  03.2 2.94E-04 000.3 189.9 -68.5 0.075882 0.133335 0.107408 hargrave 2020-10-26 19:32:17 
530.00 292.6  47.9 292.6  47.9 2.03E-04 000.4 177.2  60.1 0.063079 0.106144 0.088959 hargrave 2020-10-27 11:31:10 
540.00 279.9  42.6 279.9  42.6 1.44E-04 000.4 197.9  63.8 0.054968 0.076069 0.065268 hargrave 2020-10-27 14:29:27 
520.20 114.3 -08.5 114.3 -08.5 5.46E-04 000.3 201.9 -79.8 0.188710 0.223771 0.091227 hargrave 2020-10-27 17:53:46 
540.10 112.5 -16.3 112.5 -16.3 8.83E-04 000.3 228.5 -87.5 0.340868 0.370322 0.046283 hargrave 2020-10-28 10:43:00 
550.10 112.7 -18.7 112.7 -18.7 1.24E-03 000.3 289.4 -87.8 0.534946 0.492224 0.089162 hargrave 2020-10-28 14:48:35 
550.00 280.0  47.1 280.0  47.1 9.52E-05 000.8 194.1  59.6 0.138398 0.040373 0.039580 hargrave 2020-10-28 17:42:53 
553.00 285.5  49.9 285.5  49.9 1.01E-04 000.6 186.0  57.8 0.114836 0.037063 0.048137 hargrave 2020-10-29 10:13:56 
540.20 110.2 -17.5 110.2 -17.5 1.69E-03 000.4 147.8 -89.4 0.717261 0.804127 0.143800 hargrave 2020-10-31 11:03:22 
553.10 111.1 -19.8 111.1 -19.8 1.97E-03 000.3 344.0 -88.1 0.817446 0.840715 0.210197 hargrave 2020-10-31 14:56:17 
556.10 111.9 -21.4 111.9 -21.4 2.24E-03 000.3 338.8 -86.3 0.960010 0.963696 0.210827 hargrave 2020-10-31 18:32:13 
556.00 271.6  40.8 271.6  40.8 8.55E-05 000.6 211.6  62.0 0.065784 0.074157 0.041450 hargrave 2020-11-01 10:03:38 
559.00 278.8  53.7 278.8  53.7 6.93E-05 000.9 191.5  53.1 0.116887 0.043521 0.034685 hargrave 2020-11-01 13:14:07 
553.20 110.0 -18.8 110.0 -18.8 2.75E-03 000.4 029.8 -89.1 1.212090 1.250951 0.250906 hargrave 2020-11-01 16:47:52 
559.10 111.4 -21.1 111.4 -21.1 2.99E-03 000.3 344.0 -86.8 1.239838 1.237438 0.256623 hargrave 2020-11-02 10:41:13 
562.10 113.7 -23.0 113.7 -23.0 3.16E-03 000.3 330.1 -84.2 1.324878 1.262947 0.337396 hargrave 2020-11-02 14:14:51 
562.00 096.2  42.9 096.2  42.9 1.68E-05 002.1 168.2 -27.7 0.069216 0.052773 0.005695 hargrave 2020-11-02 17:22:38 
565.00 297.7  56.5 297.7  56.5 4.57E-05 000.9 173.6  51.1 0.070220 0.035748 0.019835 hargrave 2020-11-03 10:15:18 
559.20 110.7 -20.9 110.7 -20.9 3.51E-03 000.4 356.8 -87.1 1.555011 1.538687 0.380051 hargrave 2020-11-03 13:50:49 
565.10 111.4 -20.1 111.4 -20.1 3.65E-03 000.4 338.9 -87.8 1.590638 1.629219 0.341421 hargrave 2020-11-03 17:31:10 
570.10 112.2 -22.5 112.2 -22.5 3.84E-03 000.4 341.2 -85.2 1.738534 1.677696 0.443755 hargrave 2020-11-04 10:47:46 
570.00 165.1  14.9 165.1  14.9 3.89E-05 001.5 242.0 -27.0 0.102152 0.053311 0.039115 hargrave 2020-11-04 13:50:14 
575.00 191.0 -02.0 191.0 -02.0 2.04E-05 002.2 268.9 -09.7 0.080997 0.171036 0.010922 hargrave 2020-11-04 16:56:46 
565.20 111.7 -21.9 111.7 -21.9 3.97E-03 000.4 344.8 -85.9 1.821273 1.829244 0.523198 hargrave 2020-11-04 20:44:12 
575.10 111.5 -21.1 111.5 -21.1 4.12E-03 000.4 343.4 -86.8 1.854312 1.856863 0.392444 hargrave 2020-11-05 12:14:41 
580.10 111.0 -21.6 111.0 -21.6 4.19E-03 000.4 352.2 -86.3 1.892641 1.935637 0.610894 hargrave 2020-11-05 15:44:53 
580.00 132.8  06.4 132.8  06.4 2.83E-05 001.8 224.0 -57.1 0.072866 0.068421 0.010888 hargrave 2020-11-05 18:51:45 
585.00 182.6  44.1 182.6  44.1 2.67E-05 001.9 223.1  00.3 0.092766 0.087450 0.021071 hargrave 2020-11-06 10:09:58 
575.20 111.3 -24.0 111.3 -24.0 4.37E-03 000.3 352.6 -84.0 1.834314 1.816832 0.633439 hargrave 2020-11-06 14:04:54 
585.10 111.2 -21.8 111.2 -21.8 4.44E-03 000.3 349.7 -86.1 1.909402 1.900901 0.513497 hargrave 2020-11-06 18:30:30 
