BD9- 7b sun compass orientation
      0  14.8  70.0   0.0   0.0   1.0
NRM    281.7  35.6 281.7  35.6 3.40E-03 000.3 189.4  74.2 1.233614 1.411012 0.938756 hargrave 2020-10-12 17:04:18 
100.00 281.4  35.4 281.4  35.4 3.41E-03 000.4 190.4  74.3 1.333774 1.574282 0.881747 hargrave 2020-10-14 11:58:34 
100.10 280.9  35.4 280.9  35.4 3.09E-03 000.4 191.7  74.3 1.230295 1.413765 0.739951 hargrave 2020-10-14 17:43:14 
200.10 280.9  35.7 280.9  35.7 2.80E-03 000.3 191.4  73.9 0.975065 1.167736 0.736667 hargrave 2020-10-15 12:30:59 
200.00 280.8  35.5 280.8  35.5 2.83E-03 000.3 192.0  74.1 0.918312 1.147055 0.750097 hargrave 2020-10-15 15:13:41 
300.00 281.8  35.4 281.8  35.4 2.84E-03 000.3 189.0  74.4 0.930956 1.069341 0.732014 hargrave 2020-10-15 17:54:17 
100.20 280.4  35.4 280.4  35.4 2.64E-03 000.3 193.1  74.1 0.897832 0.961720 0.743074 hargrave 2020-10-16 14:33:55 
300.10 279.9  34.4 279.9  34.4 2.47E-03 000.4 195.7  75.0 1.079387 1.013432 0.766646 hargrave 2020-10-18 15:13:51 
400.10 282.2  34.3 282.2  34.3 2.21E-03 000.4 188.5  75.5 0.929364 0.941116 0.531775 hargrave 2020-10-18 18:44:16 
400.00 280.4  33.6 280.4  33.6 2.23E-03 000.4 195.0  75.8 0.944363 1.009832 0.568510 hargrave 2020-10-19 12:29:13 
450.00 281.6  33.8 281.6  33.8 2.16E-03 000.4 191.0  75.9 0.965192 0.978613 0.550196 hargrave 2020-10-19 15:31:37 
300.20 280.3  34.6 280.3  34.6 2.01E-03 000.4 194.2  74.9 0.853119 0.862868 0.514461 hargrave 2020-10-19 19:43:11 
450.10 281.5  34.7 281.5  34.7 1.85E-03 000.4 190.5  75.0 0.771421 0.780662 0.456316 hargrave 2020-10-20 12:22:38 
475.10 280.5  35.2 280.5  35.2 1.73E-03 000.4 193.1  74.3 0.824818 0.768302 0.507605 hargrave 2020-10-20 17:08:02 
475.00 280.5  34.1 280.5  34.1 1.81E-03 000.4 194.1  75.4 0.750316 0.802814 0.499402 hargrave 2020-10-21 12:01:58 
500.00 280.5  33.5 280.5  33.5 1.79E-03 000.4 195.1  76.0 0.797624 0.800187 0.474724 hargrave 2020-10-21 16:29:13 
450.20 281.6  36.2 281.6  36.2 1.58E-03 000.4 189.2  73.6 0.669465 0.684553 0.421021 hargrave 2020-10-22 11:50:32 
500.10 282.0  37.8 282.0  37.8 1.43E-03 000.4 187.3  72.1 0.611205 0.563512 0.399800 hargrave 2020-10-22 15:40:09 
510.10 281.8  39.3 281.8  39.3 1.31E-03 000.4 187.1  70.5 0.589602 0.538855 0.400309 hargrave 2020-10-23 09:23:18 
510.00 282.3  35.9 282.3  35.9 1.51E-03 000.4 187.4  73.9 0.668521 0.669411 0.444717 hargrave 2020-10-23 13:29:56 
520.00 279.3  34.8 279.3  34.8 1.47E-03 000.4 197.0  74.4 0.645821 0.626748 0.402653 hargrave 2020-10-23 16:34:34 
500.20 279.8  42.2 279.8  42.2 9.99E-04 000.4 189.7  67.4 0.435286 0.392780 0.318634 hargrave 2020-10-25 17:45:55 
520.10 276.6  47.8 276.6  47.8 8.09E-04 000.3 191.5  61.4 0.307898 0.265269 0.283473 hargrave 2020-10-26 13:34:17 
530.10 269.6  56.1 269.6  56.1 5.89E-04 000.4 193.9  52.2 0.226464 0.142481 0.298120 hargrave 2020-10-26 19:34:22 
530.00 278.4  34.5 278.4  34.5 1.17E-03 000.3 199.8  74.4 0.353758 0.369681 0.287734 hargrave 2020-10-27 11:32:44 
540.00 278.9  34.1 278.9  34.1 9.97E-04 000.3 199.1  74.9 0.283373 0.313267 0.258144 hargrave 2020-10-27 14:31:02 
520.20 190.2  84.7 190.2  84.7 3.35E-04 000.5 185.6  19.5 0.141834 0.110984 0.268186 hargrave 2020-10-27 17:55:52 
540.10 112.2  07.8 112.2  07.8 4.91E-04 000.3 195.3 -61.3 0.206103 0.123918 0.190059 hargrave 2020-10-28 10:45:07 
550.10 104.7 -09.2 104.7 -09.2 1.28E-03 000.3 179.5 -79.2 0.453711 0.457353 0.194584 hargrave 2020-10-28 14:50:42 
550.00 278.5  37.2 278.5  37.2 6.47E-04 000.3 196.4  71.9 0.207867 0.216746 0.200473 hargrave 2020-10-28 17:44:28 
553.00 275.4  38.6 275.4  38.6 6.36E-04 000.3 201.7  69.7 0.210051 0.237553 0.209434 hargrave 2020-10-29 10:15:30 
540.20 107.2 -08.7 107.2 -08.7 1.61E-03 000.3 191.9 -78.4 0.672397 0.612345 0.331472 hargrave 2020-10-31 11:06:26 
553.10 106.0 -14.6 106.0 -14.6 1.89E-03 000.3 192.3 -84.5 0.745279 0.701206 0.146137 hargrave 2020-10-31 14:58:24 
556.10 106.9 -17.2 106.9 -17.2 2.06E-03 000.3 215.3 -86.5 0.802921 0.786777 0.116789 hargrave 2020-10-31 18:34:18 
556.00 276.1  37.9 276.1  37.9 4.50E-04 000.3 201.1  70.5 0.177708 0.166079 0.143650 hargrave 2020-11-01 10:05:12 
559.00 275.7  36.3 275.7  36.3 4.64E-04 000.4 204.3  71.9 0.172041 0.192572 0.147247 hargrave 2020-11-01 13:15:41 
553.20 109.1 -12.8 109.1 -12.8 2.24E-03 000.3 210.5 -81.7 0.910022 0.829055 0.247625 hargrave 2020-11-01 16:49:58 
559.10 106.3 -16.7 106.3 -16.7 2.42E-03 000.3 203.0 -86.4 0.893542 0.857183 0.135425 hargrave 2020-11-02 10:43:19 
562.10 106.9 -18.8 106.9 -18.8 2.51E-03 000.3 238.1 -87.7 0.910997 0.874790 0.096842 hargrave 2020-11-02 14:16:53 
562.00 278.9  42.7 278.9  42.7 3.37E-04 000.3 191.0  66.8 0.124208 0.117266 0.129328 hargrave 2020-11-02 17:24:12 
565.00 277.2  39.5 277.2  39.5 3.47E-04 000.4 196.9  69.4 0.145040 0.136641 0.114387 hargrave 2020-11-03 10:16:53 
559.20 104.1 -16.4 104.1 -16.4 2.54E-03 000.3 169.3 -86.3 0.970546 1.019897 0.169740 hargrave 2020-11-03 13:52:55 
565.10 105.8 -17.2 105.8 -17.2 2.68E-03 000.3 198.5 -87.0 1.050458 1.028840 0.178164 hargrave 2020-11-03 17:33:17 
570.10 105.2 -20.3 105.2 -20.3 2.95E-03 000.3 306.7 -89.6 1.219849 1.204160 0.200877 hargrave 2020-11-04 10:49:51 
570.00 267.5  51.3 267.5  51.3 2.08E-04 000.5 199.4  55.9 0.082009 0.120118 0.093309 hargrave 2020-11-04 13:51:48 
575.00 266.0  41.3 266.0  41.3 1.44E-04 000.5 212.7  63.3 0.096210 0.066606 0.068491 hargrave 2020-11-04 16:58:20 
565.20 108.1 -18.4 108.1 -18.4 2.87E-03 000.3 243.9 -86.5 1.247746 1.168432 0.115834 hargrave 2020-11-04 20:47:07 
575.10 105.7 -17.7 105.7 -17.7 3.14E-03 000.3 199.7 -87.5 1.211842 1.177487 0.219502 hargrave 2020-11-05 12:16:50 
580.10 104.2 -19.7 104.2 -19.7 3.35E-03 000.3 113.1 -89.3 1.315939 1.303380 0.234151 hargrave 2020-11-05 15:46:59 
580.00 286.9  54.5 286.9  54.5 4.51E-05 001.1 177.8  55.5 0.090262 0.045229 0.021141 hargrave 2020-11-05 18:53:19 
585.00 264.1  53.3 264.1  53.3 3.94E-05 002.1 200.6  53.1 0.136230 0.095398 0.021848 hargrave 2020-11-06 10:11:32 
575.20 106.3 -21.0 106.3 -21.0 3.31E-03 000.3 305.4 -88.2 1.242730 1.179995 0.147595 hargrave 2020-11-06 14:06:59 
585.10 106.1 -18.5 106.1 -18.5 3.52E-03 000.3 219.6 -88.1 1.301767 1.284975 0.190004 hargrave 2020-11-06 18:32:34 
