BD9- 4b sun compass orientation
      0  81.5  46.0   0.0   0.0   1.0
NRM    276.4  43.8 276.4  43.8 3.56E-03 000.6 242.2  37.9 2.754953 0.644925 2.229132 hargrave 2020-10-12 16:57:27 
100.00 274.7  46.2 274.7  46.2 3.56E-03 000.5 238.7  38.0 2.235645 0.531858 2.154569 hargrave 2020-10-14 11:53:14 
100.10 276.3  44.3 276.3  44.3 3.04E-03 000.6 241.5  38.1 2.291772 0.749015 1.867038 hargrave 2020-10-14 17:36:21 
200.10 281.3  38.4 281.3  38.4 2.76E-03 000.6 250.4  38.5 1.988039 1.430385 1.824825 hargrave 2020-10-15 12:23:17 
200.00 279.5  41.1 279.5  41.1 2.74E-03 000.6 246.5  38.6 1.726647 1.172847 1.736960 hargrave 2020-10-15 15:08:22 
300.00 278.2  43.3 278.2  43.3 2.74E-03 000.5 243.4  38.9 1.816522 0.785357 1.760122 hargrave 2020-10-15 17:49:00 
100.20 281.4  37.8 281.4  37.8 2.55E-03 000.6 251.1  38.2 1.942807 1.365544 1.724487 hargrave 2020-10-16 14:25:28 
300.10 280.4  36.0 280.4  36.0 2.41E-03 000.9 252.5  36.6 2.776912 2.046772 1.889297 hargrave 2020-10-18 15:06:09 
400.10 278.2  38.5 278.2  38.5 2.22E-03 000.7 248.8  36.5 1.811869 1.294431 1.556825 hargrave 2020-10-18 18:37:29 
400.00 279.8  38.4 279.8  38.4 2.18E-03 000.7 249.6  37.5 1.585344 1.334381 1.502795 hargrave 2020-10-19 12:24:21 
450.00 282.2  36.2 282.2  36.2 2.13E-03 000.7 253.3  38.0 1.481642 1.441564 1.462013 hargrave 2020-10-19 15:25:54 
300.20 277.1  40.9 277.1  40.9 2.03E-03 000.7 245.7  36.9 1.762572 1.053224 1.406478 hargrave 2020-10-19 19:36:47 
450.10 277.3  38.2 277.3  38.2 1.96E-03 000.8 248.6  35.7 1.794644 1.410304 1.461131 hargrave 2020-10-20 12:16:10 
475.10 276.5  40.4 276.5  40.4 1.81E-03 000.7 245.9  36.3 1.612279 0.817004 1.251891 hargrave 2020-10-20 17:01:37 
475.00 281.1  37.7 281.1  37.7 1.69E-03 000.7 251.1  38.0 1.290540 1.037254 1.174156 hargrave 2020-10-21 11:57:06 
500.00 279.3  40.9 279.3  40.9 1.61E-03 000.6 246.7  38.4 1.191420 0.867002 1.108347 hargrave 2020-10-21 16:23:29 
450.20 277.8  39.9 277.8  39.9 1.68E-03 000.7 247.1  36.9 1.488864 0.801018 1.151471 hargrave 2020-10-22 11:44:00 
500.10 272.3  40.5 272.3  40.5 1.53E-03 000.7 243.8  33.6 1.383266 0.510638 1.085512 hargrave 2020-10-22 15:33:40 
510.10 271.1  39.0 271.1  39.0 1.48E-03 000.7 244.6  32.0 1.289828 0.590235 1.057365 hargrave 2020-10-23 09:16:50 
510.00 278.3  38.7 278.3  38.7 1.22E-03 000.6 248.5  36.6 0.908099 0.673262 0.851027 hargrave 2020-10-23 13:25:03 
520.00 276.0  42.3 276.0  42.3 1.14E-03 000.6 243.6  36.9 0.812754 0.395086 0.782312 hargrave 2020-10-23 16:29:39 
500.20 266.0  38.0 266.0  38.0 1.29E-03 000.7 243.0  28.1 1.237636 0.471670 0.960392 hargrave 2020-10-25 17:39:28 
520.10 261.8  33.4 261.8  33.4 1.22E-03 000.8 244.8  22.7 1.369214 0.315633 0.982080 hargrave 2020-10-26 13:22:51 
530.10 251.6  19.6 251.6  19.6 1.08E-03 000.6 249.1  06.7 1.010061 0.480028 0.862833 hargrave 2020-10-26 19:27:56 
530.00 275.5  39.8 275.5  39.8 7.45E-04 000.5 246.1  35.3 0.321770 0.198788 0.465810 hargrave 2020-10-27 11:27:52 
540.00 281.0  39.5 281.0  39.5 3.89E-04 000.4 249.0  38.9 0.141214 0.110891 0.236169 hargrave 2020-10-27 14:26:07 
520.20 242.1  07.1 242.1  07.1 7.98E-04 000.4 251.3 -08.7 0.411943 0.336837 0.604353 hargrave 2020-10-27 17:49:20 
540.10 204.7 -22.6 204.7 -22.6 1.27E-03 000.2 242.8 -55.4 0.150655 0.414687 0.522491 hargrave 2020-10-28 10:38:34 
550.10 179.7 -34.1 179.7 -34.1 2.29E-03 000.2 215.4 -78.2 0.632412 0.693018 0.336195 hargrave 2020-10-28 14:44:12 
550.00 276.5  47.3 276.5  47.3 2.12E-04 000.4 238.2  39.5 0.086942 0.086524 0.102215 hargrave 2020-10-28 17:39:34 
553.00 271.1  53.6 271.1  53.6 1.57E-04 000.5 228.9  39.1 0.118806 0.090524 0.083624 hargrave 2020-10-29 10:10:37 
540.20 172.4 -39.3 172.4 -39.3 2.69E-03 000.3 188.4 -85.3 1.056792 0.966804 0.281876 hargrave 2020-10-31 10:58:43 
553.10 174.7 -39.2 174.7 -39.2 3.02E-03 000.3 207.4 -84.7 1.080897 1.137789 0.239077 hargrave 2020-10-31 14:51:54 
556.10 173.3 -40.8 173.3 -40.8 3.33E-03 000.3 202.4 -86.5 1.274257 1.234949 0.244788 hargrave 2020-10-31 18:27:02 
556.00 265.7  27.3 265.7  27.3 1.68E-04 000.5 252.2  21.5 0.124893 0.061831 0.103609 hargrave 2020-11-01 10:00:19 
559.00 266.7  46.4 266.7  46.4 1.64E-04 000.5 235.2  33.3 0.103111 0.108314 0.092198 hargrave 2020-11-01 13:10:49 
553.20 169.8 -40.6 169.8 -40.6 3.65E-03 000.3 159.2 -86.4 1.396857 1.381828 0.371550 hargrave 2020-11-01 16:43:29 
559.10 172.5 -42.1 172.5 -42.1 3.84E-03 000.3 201.7 -88.0 1.489724 1.453729 0.241649 hargrave 2020-11-02 10:36:54 
562.10 175.0 -42.7 175.0 -42.7 3.96E-03 000.3 243.9 -87.1 1.440608 1.475821 0.142639 hargrave 2020-11-02 14:10:29 
562.00 243.9  49.9 243.9  49.9 1.11E-04 000.6 221.9  23.0 0.092370 0.102589 0.046510 hargrave 2020-11-02 17:19:17 
565.00 231.5  36.7 231.5  36.7 1.36E-04 000.5 224.4  07.3 0.099942 0.044221 0.079916 hargrave 2020-11-03 10:11:57 
559.20 168.3 -42.3 168.3 -42.3 4.13E-03 000.3 124.6 -87.1 1.648230 1.660341 0.375672 hargrave 2020-11-03 13:46:28 
565.10 169.4 -42.2 169.4 -42.2 4.24E-03 000.3 138.3 -87.6 1.715989 1.783469 0.383179 hargrave 2020-11-03 17:26:48 
570.10 171.4 -43.7 171.4 -43.7 4.38E-03 000.3 167.2 -89.7 1.823236 1.791540 0.288579 hargrave 2020-11-04 10:43:23 
570.00 247.0  18.2 247.0  18.2 9.06E-05 000.9 247.0  02.6 0.117940 0.160063 0.028872 hargrave 2020-11-04 13:46:54 
575.00 278.4  23.4 278.4  23.4 4.44E-05 001.4 263.5  27.8 0.100506 0.114920 0.015140 hargrave 2020-11-04 16:53:27 
565.20 169.2 -43.2 169.2 -43.2 4.42E-03 000.4 113.7 -88.1 1.879397 1.934760 0.391475 hargrave 2020-11-04 20:39:51 
575.10 170.1 -42.2 170.1 -42.2 4.48E-03 000.3 150.3 -88.0 1.789204 1.819690 0.266159 hargrave 2020-11-05 12:10:16 
580.10 169.3 -43.0 169.3 -43.0 4.55E-03 000.3 121.1 -88.1 1.752073 1.869019 0.351118 hargrave 2020-11-05 15:40:24 
580.00 237.9  10.3 237.9  10.3 5.22E-05 000.5 245.9 -09.2 0.061374 0.058397 0.020094 hargrave 2020-11-05 18:48:28 
585.00 257.4  02.6 257.4  02.6 3.57E-05 001.4 265.3 -01.1 0.093525 0.081148 0.021990 hargrave 2020-11-06 10:06:39 
575.20 169.1 -44.8 169.1 -44.8 4.56E-03 000.3 064.2 -88.1 1.728739 1.707906 0.329255 hargrave 2020-11-06 14:00:33 
585.10 168.4 -42.5 168.4 -42.5 4.67E-03 000.3 123.3 -87.3 1.747544 1.910576 0.372300 hargrave 2020-11-06 18:26:10 
