BD9- 8b sun compass orientation
      0  11.8  51.0   0.0   0.0   1.0
NRM    277.8  45.5 277.8  45.5 3.58E-03 000.4 202.9  82.9 1.661139 2.041549 1.167562 hargrave 2020-10-12 17:06:27 
100.00 278.9  45.1 278.9  45.1 3.59E-03 000.4 198.4  83.5 1.692377 2.088238 0.998284 hargrave 2020-10-14 12:00:12 
100.10 278.8  45.0 278.8  45.0 3.15E-03 000.4 199.5  83.6 1.519738 1.835038 0.905317 hargrave 2020-10-14 17:46:13 
200.10 278.4  44.4 278.4  44.4 2.87E-03 000.4 204.1  84.0 1.205479 1.450011 0.518826 hargrave 2020-10-15 12:33:07 
200.00 278.4  44.7 278.4  44.7 2.88E-03 000.4 203.2  83.8 1.211151 1.546352 0.635715 hargrave 2020-10-15 15:15:21 
300.00 277.9  44.0 277.9  44.0 2.89E-03 000.4 209.2  84.2 1.204721 1.428729 0.523405 hargrave 2020-10-15 17:55:57 
100.20 277.2  44.2 277.2  44.2 2.66E-03 000.4 211.9  83.7 1.068631 1.285121 0.474932 hargrave 2020-10-16 14:36:03 
300.10 276.2  43.1 276.2  43.1 2.48E-03 000.4 223.5  84.1 1.229666 1.218014 0.513524 hargrave 2020-10-18 15:16:00 
400.10 276.6  43.5 276.6  43.5 2.23E-03 000.4 219.5  84.1 1.065821 1.142848 0.307894 hargrave 2020-10-18 18:46:26 
400.00 277.4  43.2 277.4  43.2 2.24E-03 000.4 216.7  84.6 1.068269 1.156290 0.210206 hargrave 2020-10-19 12:30:57 
450.00 277.6  43.1 277.6  43.1 2.19E-03 000.4 216.3  84.8 1.040951 1.145565 0.227704 hargrave 2020-10-19 15:33:22 
300.20 275.8  44.1 275.8  44.1 2.05E-03 000.4 219.2  83.2 0.985297 1.071089 0.247737 hargrave 2020-10-19 19:45:26 
450.10 276.4  44.5 276.4  44.5 1.90E-03 000.4 214.8  83.2 0.891305 1.000229 0.237015 hargrave 2020-10-20 12:24:55 
475.10 276.2  44.0 276.2  44.0 1.77E-03 000.4 218.1  83.5 0.832323 0.885543 0.216322 hargrave 2020-10-20 17:10:19 
475.00 277.6  44.1 277.6  44.1 1.81E-03 000.4 210.5  84.0 0.861730 0.958470 0.231866 hargrave 2020-10-21 12:03:42 
500.00 277.2  43.9 277.2  43.9 1.80E-03 000.4 213.7  84.0 0.859545 0.942121 0.226441 hargrave 2020-10-21 16:30:59 
450.20 275.9  43.9 275.9  43.9 1.60E-03 000.4 220.4  83.4 0.766691 0.821552 0.184583 hargrave 2020-10-22 11:52:50 
500.10 275.6  43.2 275.6  43.2 1.44E-03 000.4 225.8  83.7 0.697582 0.755831 0.156326 hargrave 2020-10-22 15:42:26 
510.10 276.9  43.4 276.9  43.4 1.28E-03 000.4 218.4  84.3 0.599236 0.682507 0.189694 hargrave 2020-10-23 09:25:34 
510.00 278.9  43.9 278.9  43.9 1.45E-03 000.4 203.3  84.7 0.678656 0.777496 0.169599 hargrave 2020-10-23 13:31:41 
520.00 277.5  43.3 277.5  43.3 1.40E-03 000.4 215.3  84.6 0.664086 0.724808 0.167233 hargrave 2020-10-23 16:36:20 
500.20 275.0  43.1 275.0  43.1 9.30E-04 000.4 228.9  83.4 0.376695 0.464289 0.139176 hargrave 2020-10-25 17:48:11 
520.10 273.0  46.1 273.0  46.1 6.90E-04 000.4 219.4  80.4 0.285935 0.372819 0.155090 hargrave 2020-10-26 13:36:33 
530.10 266.5  50.5 266.5  50.5 2.90E-04 000.3 218.1  74.2 0.094481 0.116794 0.095558 hargrave 2020-10-26 19:36:38 
530.00 280.2  42.9 280.2  42.9 9.20E-04 000.3 196.5  85.9 0.286068 0.342902 0.063944 hargrave 2020-10-27 11:34:30 
540.00 279.7  42.4 279.7  42.4 6.47E-04 000.2 205.2  86.3 0.195867 0.200973 0.005559 hargrave 2020-10-27 14:32:47 
520.20 110.8 -25.6 110.8 -25.6 2.29E-04 000.4 212.1 -74.6 0.128205 0.048643 0.098713 hargrave 2020-10-27 17:58:10 
540.10 100.8 -38.0 100.8 -38.0 1.27E-03 000.3 141.5 -88.7 0.458156 0.514966 0.073799 hargrave 2020-10-28 10:47:24 
550.10 101.2 -38.6 101.2 -38.6 2.08E-03 000.3 128.4 -89.4 0.769236 0.825658 0.099293 hargrave 2020-10-28 14:52:58 
550.00 277.4  43.2 277.4  43.2 3.76E-04 000.3 217.0  84.7 0.117017 0.118583 0.015886 hargrave 2020-10-28 17:46:13 
553.00 280.4  48.8 280.4  48.8 3.35E-04 000.3 185.5  80.1 0.113938 0.120245 0.016322 hargrave 2020-10-29 10:17:16 
540.20 105.4 -32.8 105.4 -32.8 2.30E-03 000.3 206.0 -83.2 0.985867 0.898767 0.493088 hargrave 2020-10-31 11:08:37 
553.10 103.9 -37.4 103.9 -37.4 2.52E-03 000.3 227.1 -87.7 1.031809 0.996267 0.248503 hargrave 2020-10-31 15:00:41 
556.10 102.4 -37.1 102.4 -37.1 2.68E-03 000.3 194.8 -88.0 1.054709 1.079973 0.228582 hargrave 2020-10-31 18:36:33 
556.00 271.6  41.7 271.6  41.7 2.10E-04 000.3 247.3  81.8 0.076970 0.088337 0.042705 hargrave 2020-11-01 10:07:49 
559.00 283.7  44.5 283.7  44.5 2.31E-04 000.4 165.9  84.3 0.109730 0.094320 0.018415 hargrave 2020-11-01 13:17:26 
553.20 103.6 -37.6 103.6 -37.6 2.74E-03 000.3 225.8 -88.0 1.110144 1.098806 0.220242 hargrave 2020-11-01 16:52:15 
559.10 103.8 -37.1 103.8 -37.1 2.88E-03 000.3 220.0 -87.5 1.144851 1.160404 0.242714 hargrave 2020-11-02 10:45:36 
562.10 103.4 -37.9 103.4 -37.9 2.97E-03 000.3 230.1 -88.3 1.151052 1.127965 0.213413 hargrave 2020-11-02 14:19:11 
562.00 285.6  46.4 285.6  46.4 1.60E-04 000.5 160.8  82.1 0.108731 0.106757 0.016794 hargrave 2020-11-02 17:25:57 
565.00 267.7  41.5 267.7  41.5 1.77E-04 000.3 252.2  79.0 0.066072 0.076780 0.028460 hargrave 2020-11-03 10:18:40 
559.20 104.8 -36.8 104.8 -36.8 3.03E-03 000.3 228.3 -86.7 1.270420 1.245902 0.335092 hargrave 2020-11-03 13:55:12 
565.10 105.0 -38.2 105.0 -38.2 3.17E-03 000.3 253.9 -87.4 1.325888 1.326722 0.303092 hargrave 2020-11-03 17:35:34 
570.10 104.1 -37.8 104.1 -37.8 3.28E-03 000.3 237.1 -87.9 1.410737 1.372362 0.245642 hargrave 2020-11-04 10:52:09 
570.00 257.2  44.6 257.2  44.6 8.66E-05 000.8 244.9  70.9 0.086734 0.088573 0.027715 hargrave 2020-11-04 13:53:35 
575.00 238.4  61.0 238.4  61.0 7.53E-05 000.9 216.0  55.5 0.080904 0.080605 0.023342 hargrave 2020-11-04 17:00:05 
565.20 105.1 -37.5 105.1 -37.5 3.25E-03 000.4 241.6 -87.0 1.445057 1.428557 0.357677 hargrave 2020-11-04 20:49:24 
575.10 105.5 -36.5 105.5 -36.5 3.40E-03 000.3 230.1 -86.2 1.468474 1.407214 0.335413 hargrave 2020-11-05 12:19:06 
580.10 105.5 -37.3 105.5 -37.3 3.49E-03 000.3 241.2 -86.6 1.475891 1.470151 0.326562 hargrave 2020-11-05 15:49:18 
580.00 121.3 -50.0 121.3 -50.0 1.10E-05 006.5 314.9 -72.4 0.064685 0.112097 0.015207 hargrave 2020-11-05 18:55:03 
585.00 142.8  49.0 142.8  49.0 3.49E-05 001.7 205.6  05.2 0.126936 0.088624 0.026253 hargrave 2020-11-06 10:13:16 
575.20 106.3 -37.8 106.3 -37.8 3.50E-03 000.3 251.9 -86.3 1.360586 1.373938 0.359525 hargrave 2020-11-06 14:09:16 
585.10 105.4 -38.5 105.4 -38.5 3.65E-03 000.3 260.8 -87.2 1.471911 1.497714 0.319521 hargrave 2020-11-06 18:34:49 
