AX1- 7a sun compass orientation
      0 100.7  86.0   0.0   0.0   1.0
NRM    297.9  44.8 297.9  44.8 2.94E-04 000.5 224.5  14.9 0.188836 0.064986 0.229229 hargrave 2019-12-20 14:47:45 
100.00 298.9  46.2 298.9  46.2 2.93E-04 000.6 223.0  15.5 0.163324 0.121390 0.224415 hargrave 2019-12-22 10:49:09 
100.10 299.0  45.6 299.0  45.6 2.83E-04 000.5 223.6  15.6 0.136616 0.118261 0.213982 hargrave 2019-12-22 16:16:06 
200.10 298.7  50.3 298.7  50.3 2.70E-04 000.5 218.9  14.5 0.094385 0.144022 0.196324 hargrave 2019-12-23 15:12:45 
200.00 299.8  48.1 299.8  48.1 2.70E-04 000.6 221.0  15.6 0.061696 0.162767 0.220479 hargrave 2019-12-24 13:56:24 
300.00 302.3  53.0 302.3  53.0 2.62E-04 000.6 215.7  16.1 0.061884 0.162091 0.201896 hargrave 2019-12-25 14:22:41 
100.20 299.8  47.1 299.8  47.1 2.51E-04 000.6 222.0  15.9 0.078901 0.172241 0.198219 hargrave 2019-12-26 13:02:47 
300.10 296.9  48.5 296.9  48.5 2.45E-04 000.6 220.9  13.7 0.103075 0.134032 0.205195 hargrave 2019-12-26 16:58:40 
400.10 287.7  49.2 287.7  49.2 1.93E-04 000.6 220.8  07.6 0.068052 0.113210 0.168978 hargrave 2019-12-27 14:36:01 
400.00 297.5  44.0 297.5  44.0 1.88E-04 000.6 225.4  14.8 0.073054 0.127889 0.163902 hargrave 2019-12-28 14:33:21 
425.00 298.0  46.2 298.0  46.2 1.70E-04 000.6 223.1  14.8 0.073857 0.087202 0.133185 hargrave 2019-12-29 13:06:24 
300.20 287.5  51.3 287.5  51.3 1.68E-04 000.5 218.7  07.4 0.074650 0.082222 0.139734 hargrave 2019-12-29 17:15:10 
425.10 269.2  46.1 269.2  46.1 1.56E-04 000.5 223.0 -05.0 0.068299 0.051715 0.129256 hargrave 2019-12-30 13:07:18 
450.10 255.4  47.1 255.4  47.1 1.46E-04 000.7 219.3 -13.8 0.070870 0.206264 0.102141 hargrave 2019-12-30 18:11:51 
450.00 292.8  49.4 292.8  49.4 1.40E-04 000.6 220.4  10.9 0.091104 0.045865 0.121139 hargrave 2019-12-31 19:24:37 
475.00 293.3  46.1 293.3  46.1 1.22E-04 000.5 223.7  11.6 0.036202 0.046529 0.092316 hargrave 2020-01-01 12:07:07 
425.20 249.8  38.8 249.8  38.8 1.28E-04 000.5 225.7 -20.9 0.051138 0.057871 0.088733 hargrave 2020-01-01 15:49:33 
475.10 233.0  35.7 233.0  35.7 1.46E-04 000.4 221.2 -33.9 0.045598 0.009700 0.098262 hargrave 2020-01-02 11:13:37 
500.10 206.3  16.5 206.3  16.5 2.03E-04 000.4 216.5 -64.3 0.084213 0.076269 0.082893 hargrave 2020-01-02 15:27:43 
500.00 269.7  50.8 269.7  50.8 8.22E-05 000.6 218.5 -03.8 0.032927 0.042515 0.070224 hargrave 2020-01-03 13:04:02 
520.00 280.7  44.4 280.7  44.4 5.26E-05 000.7 225.7  02.8 0.047682 0.039266 0.040988 hargrave 2020-01-03 17:32:00 
475.20 198.4  06.5 198.4  06.5 2.32E-04 000.4 216.0 -77.0 0.117558 0.086401 0.068005 hargrave 2020-01-14 13:43:01 
520.10 192.2  02.9 192.2  02.9 4.20E-04 000.4 192.6 -82.9 0.195145 0.192053 0.108899 hargrave 2020-01-18 12:45:48 
530.10 191.3 -02.3 191.3 -02.3 6.19E-04 000.4 199.7 -88.2 0.327226 0.278672 0.117582 hargrave 2020-01-18 16:36:51 
530.00 211.3  21.8 211.3  21.8 6.00E-05 000.7 217.1 -57.2 0.073920 0.026046 0.017735 hargrave 2020-01-19 12:51:31 
540.00 217.3  37.5 217.3  37.5 2.57E-05 001.1 208.4 -41.7 0.053262 0.016879 0.012205 hargrave 2020-01-19 16:20:56 
520.20 187.6 -01.8 187.6 -01.8 7.67E-04 000.4 125.0 -86.2 0.357815 0.378214 0.147863 hargrave 2020-01-20 12:58:10 
540.10 187.5 -01.8 187.5 -01.8 1.04E-03 000.4 124.4 -86.2 0.492205 0.507329 0.207775 hargrave 2020-01-20 16:58:50 
550.10 187.9 -02.4 187.9 -02.4 1.24E-03 000.4 119.0 -86.8 0.599184 0.603518 0.247179 hargrave 2020-01-21 10:55:46 
550.00 197.3  12.5 197.3  12.5 3.12E-05 000.7 201.7 -72.2 0.034822 0.016128 0.002456 hargrave 2020-01-21 14:23:12 
555.00 198.7  18.6 198.7  18.6 1.61E-05 000.8 199.1 -66.1 0.022014 0.009890 0.001474 hargrave 2020-01-21 17:57:37 
540.20 186.4 -02.1 186.4 -02.1 1.48E-03 000.4 113.3 -85.3 0.795343 0.771789 0.308862 hargrave 2020-01-22 12:57:40 
555.10 187.7 -02.1 187.7 -02.1 1.66E-03 000.4 122.5 -86.4 0.815989 0.794051 0.288887 hargrave 2020-01-23 10:05:49 
560.10 188.6 -02.2 188.6 -02.2 1.78E-03 000.4 130.2 -87.2 0.903619 0.855711 0.356105 hargrave 2020-01-23 14:25:38 
560.00 189.3  11.4 189.3  11.4 1.57E-05 000.6 174.9 -74.6 0.015628 0.008631 0.001280 hargrave 2020-01-24 09:20:05 
562.00 198.2  17.7 198.2  17.7 1.07E-05 000.9 198.6 -67.1 0.015613 0.008442 0.001569 hargrave 2020-01-24 13:08:25 
555.20 187.7 -01.8 187.7 -01.8 1.96E-03 000.4 126.4 -86.3 0.970356 0.969170 0.359121 hargrave 2020-01-24 17:07:04 
562.10 188.5 -04.5 188.5 -04.5 2.02E-03 000.4 076.6 -87.8 1.049900 1.061811 0.448512 hargrave 2020-01-25 12:54:38 
564.10 188.8 -02.5 188.8 -02.5 2.12E-03 000.4 128.8 -87.6 1.087468 1.045146 0.453014 hargrave 2020-01-25 16:49:54 
564.00 197.5  05.3 197.5  05.3 9.46E-06 001.1 216.4 -78.5 0.012368 0.014164 0.002615 hargrave 2020-01-26 14:44:12 
566.00 195.2  15.4 195.2  15.4 8.11E-06 000.9 192.9 -70.0 0.010175 0.007572 0.001294 hargrave 2020-01-26 18:00:00 
562.20 187.6 -02.9 187.6 -02.9 2.22E-03 000.4 108.6 -86.7 1.093231 1.056672 0.387815 hargrave 2020-01-27 11:10:57 
566.10 187.2 -02.5 187.2 -02.5 2.26E-03 000.4 112.8 -86.2 1.135906 1.076452 0.377572 hargrave 2020-01-27 14:57:36 
570.10 187.0 -01.8 187.0 -01.8 2.32E-03 000.4 121.0 -85.7 1.132851 1.104277 0.317936 hargrave 2020-01-28 11:15:37 
570.00 190.0  05.9 190.0  05.9 2.64E-05 000.5 176.0 -80.0 0.021306 0.012039 0.003622 hargrave 2020-01-28 17:22:54 
575.00 188.0  13.3 188.0  13.3 1.05E-05 000.8 171.1 -72.5 0.012082 0.008138 0.000869 hargrave 2020-01-29 10:55:04 
566.20 187.5 -01.5 187.5 -01.5 2.39E-03 000.4 127.8 -85.9 1.226351 1.144110 0.682960 hargrave 2020-01-29 14:34:13 
575.10 187.0 -02.7 187.0 -02.7 2.43E-03 000.4 109.4 -86.1 1.218310 1.149350 0.305615 hargrave 2020-01-30 11:10:48 
580.10 192.8 -00.9 192.8 -00.9 2.45E-03 000.4 214.5 -86.3 1.185230 1.150488 0.379498 hargrave 2020-01-30 15:03:29 
580.00 228.8  04.3 228.8  04.3 7.70E-06 001.4 258.1 -51.0 0.013806 0.016554 0.003963 hargrave 2020-01-31 10:53:45 
585.00 161.8  41.2 161.8  41.2 6.26E-06 000.7 152.7 -37.7 0.008535 0.005824 0.003281 hargrave 2020-01-31 14:29:28 
575.20 189.0 -02.2 189.0 -02.2 2.49E-03 000.4 136.3 -87.5 1.176150 1.110485 0.325989 hargrave 2020-01-31 18:16:54 
585.10 187.3 -03.9 187.3 -03.9 2.52E-03 000.4 091.2 -86.6 1.218474 1.225085 0.341174 hargrave 2020-02-01 13:09:21 
