AX11- 9a sun compass orientation
      0  11.2  81.0   0.0   0.0   1.0
NRM    284.8  25.7 284.8  25.7 3.51E-04 000.2 169.0  72.9 0.088765 0.109567 0.018797 hargrave 2019-12-20 15:31:24 
100.00 284.4  26.1 284.4  26.1 3.51E-04 000.3 170.4  72.6 0.097355 0.123887 0.018897 hargrave 2019-12-22 11:12:51 
100.10 284.9  26.1 284.9  26.1 3.50E-04 000.3 168.8  72.6 0.134619 0.126666 0.021491 hargrave 2019-12-22 16:47:25 
200.10 285.3  25.5 285.3  25.5 3.43E-04 000.3 167.2  73.0 0.140217 0.098728 0.027741 hargrave 2019-12-23 15:43:57 
200.00 285.9  23.7 285.9  23.7 3.45E-04 000.3 163.4  74.7 0.147656 0.134828 0.034386 hargrave 2019-12-24 14:21:48 
300.00 284.8  23.5 284.8  23.5 3.39E-04 000.3 167.0  75.1 0.128487 0.132344 0.039748 hargrave 2019-12-25 14:48:52 
100.20 285.1  23.4 285.1  23.4 3.34E-04 000.3 165.8  75.2 0.115342 0.127564 0.051831 hargrave 2019-12-26 13:35:58 
300.10 285.1  23.4 285.1  23.4 3.28E-04 000.3 166.0  75.2 0.123709 0.118345 0.058994 hargrave 2019-12-26 17:31:49 
400.10 285.0  23.4 285.0  23.4 3.03E-04 000.3 166.1  75.2 0.118070 0.095202 0.070778 hargrave 2019-12-27 15:09:00 
400.00 285.0  22.8 285.0  22.8 3.11E-04 000.4 165.6  75.8 0.144045 0.127207 0.073624 hargrave 2019-12-28 14:58:44 
425.00 285.2  22.9 285.2  22.9 3.09E-04 000.4 164.9  75.6 0.156046 0.114209 0.092948 hargrave 2019-12-29 13:31:42 
300.20 282.5  23.7 282.5  23.7 3.02E-04 000.4 175.3  75.2 0.139440 0.137025 0.098748 hargrave 2019-12-29 17:48:15 
425.10 283.3  24.0 283.3  24.0 2.93E-04 000.4 172.7  74.8 0.145314 0.135219 0.108350 hargrave 2019-12-30 13:42:05 
450.10 284.0  23.8 284.0  23.8 2.85E-04 000.4 170.0  75.0 0.139465 0.097331 0.115440 hargrave 2019-12-30 19:57:47 
450.00 283.4  23.1 283.4  23.1 2.96E-04 000.4 171.6  75.7 0.109167 0.149167 0.157044 hargrave 2019-12-31 19:52:42 
475.00 281.6  23.7 281.6  23.7 2.92E-04 000.4 178.5  75.3 0.147555 0.118384 0.105208 hargrave 2020-01-01 12:34:12 
425.20 283.1  24.5 283.1  24.5 2.80E-04 000.3 173.6  74.4 0.104193 0.098816 0.110090 hargrave 2020-01-01 16:23:40 
475.10 282.7  25.4 282.7  25.4 2.70E-04 000.3 175.2  73.5 0.083886 0.097177 0.094163 hargrave 2020-01-02 11:47:32 
500.10 283.0  26.6 283.0  26.6 2.53E-04 000.3 174.7  72.4 0.069503 0.095805 0.086931 hargrave 2020-01-02 16:01:49 
500.00 283.6  25.1 283.6  25.1 2.75E-04 000.3 172.1  73.7 0.071405 0.129930 0.084687 hargrave 2020-01-03 13:30:14 
520.00 282.9  25.4 282.9  25.4 2.60E-04 000.4 174.5  73.5 0.096803 0.125042 0.048219 hargrave 2020-01-03 17:58:12 
475.20 284.7  26.3 284.7  26.3 2.40E-04 000.4 169.5  72.4 0.074194 0.133410 0.045078 hargrave 2020-01-14 14:16:59 
520.10 282.9  26.8 282.9  26.8 2.12E-04 000.4 175.1  72.1 0.095467 0.087537 0.127004 hargrave 2020-01-18 13:19:38 
530.10 284.2  27.1 284.2  27.1 1.95E-04 000.4 171.4  71.6 0.086093 0.093370 0.090263 hargrave 2020-01-18 17:10:48 
530.00 283.2  24.6 283.2  24.6 2.32E-04 000.4 173.2  74.3 0.106441 0.121181 0.103224 hargrave 2020-01-19 13:17:36 
540.00 284.8  24.6 284.8  24.6 2.13E-04 000.5 168.1  74.1 0.106530 0.114837 0.095080 hargrave 2020-01-19 16:46:58 
520.20 284.5  27.9 284.5  27.9 1.77E-04 000.4 171.2  70.8 0.084088 0.085884 0.083273 hargrave 2020-01-20 13:31:18 
540.10 285.9  28.8 285.9  28.8 1.55E-04 000.4 168.1  69.7 0.072958 0.053617 0.075539 hargrave 2020-01-20 17:32:03 
550.10 291.2  34.1 291.2  34.1 1.05E-04 000.6 161.3  63.3 0.058739 0.084220 0.061685 hargrave 2020-01-21 11:28:51 
550.00 284.8  25.2 284.8  25.2 1.68E-04 000.5 168.4  73.5 0.072917 0.109540 0.077534 hargrave 2020-01-21 14:49:17 
555.00 282.8  25.5 282.8  25.5 1.51E-04 000.6 175.0  73.4 0.096985 0.109089 0.069392 hargrave 2020-01-21 18:23:44 
540.20 291.5  32.8 291.5  32.8 9.67E-05 000.6 159.7  64.4 0.051423 0.086939 0.052737 hargrave 2020-01-22 13:30:52 
555.10 296.3  38.6 296.3  38.6 7.13E-05 000.6 157.8  57.4 0.034603 0.052471 0.042587 hargrave 2020-01-23 10:39:47 
560.10 307.6  54.8 307.6  54.8 4.63E-05 000.7 160.6  39.6 0.025200 0.038442 0.038646 hargrave 2020-01-23 15:04:32 
560.00 287.2  24.9 287.2  24.9 1.22E-04 000.4 160.9  73.1 0.056661 0.064130 0.051939 hargrave 2020-01-24 09:46:56 
562.00 286.7  25.0 286.7  25.0 1.21E-04 000.4 162.6  73.2 0.055173 0.060394 0.052661 hargrave 2020-01-24 13:34:19 
555.20 306.9  50.4 306.9  50.4 4.55E-05 000.7 157.7  43.5 0.027063 0.040129 0.028808 hargrave 2020-01-24 17:40:57 
562.10 339.7  55.7 339.7  55.7 3.41E-05 000.7 148.0  24.8 0.026378 0.023493 0.021942 hargrave 2020-01-25 13:29:25 
564.10 013.9  57.7 013.9  57.7 3.11E-05 000.8 147.6  06.2 0.023883 0.028568 0.021223 hargrave 2020-01-25 17:24:03 
564.00 283.9  26.3 283.9  26.3 1.05E-04 000.6 172.0  72.5 0.079174 0.062654 0.046838 hargrave 2020-01-26 15:09:30 
566.00 286.9  26.0 286.9  26.0 1.05E-04 000.5 163.2  72.2 0.056250 0.060609 0.047746 hargrave 2020-01-26 18:25:21 
562.20 013.5  63.8 013.5  63.8 2.86E-05 000.6 153.6  07.0 0.021497 0.016514 0.017663 hargrave 2020-01-27 11:44:54 
566.10 057.3  61.0 057.3  61.0 2.52E-05 001.4 159.9 -12.0 0.037326 0.055871 0.016100 hargrave 2020-01-27 15:32:19 
570.10 089.2  16.8 089.2  16.8 4.25E-05 000.8 155.2 -61.6 0.036218 0.048750 0.008815 hargrave 2020-01-28 11:50:35 
570.00 286.1  27.2 286.1  27.2 7.81E-05 000.7 166.4  71.2 0.034370 0.079144 0.034547 hargrave 2020-01-28 17:49:09 
575.00 284.5  26.7 284.5  26.7 7.67E-05 000.6 170.4  72.0 0.044086 0.067188 0.035799 hargrave 2020-01-29 11:20:23 
566.20 080.9  15.6 080.9  15.6 4.07E-05 000.8 140.6 -58.2 0.027914 0.050625 0.008420 hargrave 2020-01-29 15:09:14 
575.10 092.4  01.9 092.4  01.9 4.94E-05 000.5 140.8 -76.0 0.026388 0.035675 0.012498 hargrave 2020-01-30 11:46:50 
580.10 096.1  01.6 096.1  01.6 6.34E-05 000.5 154.2 -78.2 0.041971 0.039059 0.017652 hargrave 2020-01-30 15:38:35 
580.00 284.9  27.1 284.9  27.1 5.99E-05 000.7 169.6  71.6 0.048186 0.056023 0.030041 hargrave 2020-01-31 11:19:10 
585.00 285.6  26.5 285.6  26.5 5.85E-05 000.8 167.1  72.0 0.053225 0.059638 0.025318 hargrave 2020-01-31 14:54:48 
575.20 093.7 -01.2 093.7 -01.2 6.54E-05 000.4 135.9 -79.1 0.030683 0.038528 0.015666 hargrave 2020-01-31 18:50:45 
585.10 095.9  01.7 095.9  01.7 6.83E-05 000.5 153.3 -78.1 0.043058 0.041904 0.023384 hargrave 2020-02-01 13:44:10 
