AX11- 5a sun compass orientation
      0  19.5  81.0   0.0   0.0   1.0
NRM    283.7  32.7 283.7  32.7 3.79E-04 000.2 191.9  65.6 0.026731 0.140191 0.048437 hargrave 2019-12-20 15:25:41 
100.00 282.3  32.0 282.3  32.0 3.79E-04 000.2 195.2  66.0 0.048326 0.140936 0.046321 hargrave 2019-12-22 11:09:51 
100.10 282.7  32.0 282.7  32.0 3.77E-04 000.2 194.4  66.2 0.035334 0.144152 0.057755 hargrave 2019-12-22 16:43:22 
200.10 281.7  31.2 281.7  31.2 3.72E-04 000.4 197.0  66.7 0.116192 0.182100 0.080800 hargrave 2019-12-23 15:39:57 
200.00 280.6  30.1 280.6  30.1 3.73E-04 000.4 200.4  67.3 0.086753 0.193221 0.112086 hargrave 2019-12-24 14:18:21 
300.00 282.6  31.0 282.6  31.0 3.68E-04 000.3 195.4  67.1 0.056048 0.157849 0.098308 hargrave 2019-12-25 14:45:24 
100.20 279.9  30.0 279.9  30.0 3.64E-04 000.4 201.8  67.2 0.089304 0.181378 0.134786 hargrave 2019-12-26 13:31:25 
300.10 282.1  31.1 282.1  31.1 3.60E-04 000.3 196.4  66.8 0.082750 0.165015 0.117526 hargrave 2019-12-26 17:27:21 
400.10 280.5  30.7 280.5  30.7 3.37E-04 000.3 199.9  66.8 0.102761 0.117178 0.131803 hargrave 2019-12-27 15:04:31 
400.00 281.7  30.6 281.7  30.6 3.44E-04 000.3 197.6  67.2 0.072950 0.164500 0.124550 hargrave 2019-12-28 14:55:16 
425.00 279.5  29.7 279.5  29.7 3.40E-04 000.4 203.0  67.3 0.128613 0.135952 0.136021 hargrave 2019-12-29 13:28:14 
300.20 281.8  30.9 281.8  30.9 3.36E-04 000.3 197.0  66.9 0.111679 0.120520 0.144860 hargrave 2019-12-29 17:43:45 
425.10 280.8  31.4 280.8  31.4 3.28E-04 000.4 198.7  66.2 0.139640 0.107068 0.151529 hargrave 2019-12-30 13:37:35 
450.10 280.2  31.5 280.2  31.5 3.18E-04 000.4 199.8  65.9 0.135800 0.071412 0.152188 hargrave 2019-12-30 19:51:02 
450.00 279.3  30.2 279.3  30.2 3.27E-04 000.4 202.8  66.8 0.146376 0.129387 0.205338 hargrave 2019-12-31 19:48:23 
475.00 278.8  30.4 278.8  30.4 3.21E-04 000.4 203.7  66.4 0.118148 0.133840 0.142384 hargrave 2020-01-01 12:30:44 
425.20 277.4  31.5 277.4  31.5 3.11E-04 000.3 204.9  64.9 0.103956 0.097113 0.134156 hargrave 2020-01-01 16:19:08 
475.10 279.3  33.1 279.3  33.1 2.99E-04 000.4 199.8  64.1 0.143550 0.122295 0.119815 hargrave 2020-01-02 11:42:59 
500.10 279.6  34.6 279.6  34.6 2.74E-04 000.3 198.1  62.8 0.038949 0.097795 0.114804 hargrave 2020-01-02 15:57:17 
500.00 280.1  32.4 280.1  32.4 2.96E-04 000.4 199.0  65.0 0.068549 0.166810 0.093827 hargrave 2020-01-03 13:26:47 
520.00 277.5  31.2 277.5  31.2 2.74E-04 000.3 205.0  65.2 0.047237 0.133159 0.084423 hargrave 2020-01-03 17:54:44 
475.20 279.3  34.1 279.3  34.1 2.55E-04 000.3 199.0  63.2 0.022003 0.137430 0.070762 hargrave 2020-01-14 14:12:27 
520.10 277.3  36.0 277.3  36.0 2.20E-04 000.4 200.5  60.9 0.082484 0.038978 0.162174 hargrave 2020-01-18 13:15:09 
530.10 278.7  37.3 278.7  37.3 1.93E-04 000.4 197.3  60.1 0.059453 0.084544 0.117475 hargrave 2020-01-18 17:06:18 
530.00 278.5  31.7 278.5  31.7 2.34E-04 000.4 202.6  65.1 0.074999 0.080452 0.126882 hargrave 2020-01-19 13:14:08 
540.00 280.6  32.4 280.6  32.4 2.06E-04 000.4 198.1  65.2 0.069399 0.084735 0.112459 hargrave 2020-01-19 16:43:32 
520.20 279.3  38.2 279.3  38.2 1.67E-04 000.4 195.9  59.4 0.056770 0.053338 0.101766 hargrave 2020-01-20 13:26:47 
540.10 274.7  41.5 274.7  41.5 1.40E-04 000.4 199.4  55.0 0.041797 0.041270 0.096178 hargrave 2020-01-20 17:27:34 
550.10 262.2  54.9 262.2  54.9 8.20E-05 000.9 199.9  39.2 0.089560 0.063838 0.068680 hargrave 2020-01-21 11:24:22 
550.00 279.8  33.3 279.8  33.3 1.50E-04 000.5 198.8  64.1 0.090392 0.071000 0.088194 hargrave 2020-01-21 14:45:49 
555.00 278.3  31.6 278.3  31.6 1.21E-04 000.7 203.1  65.1 0.096467 0.089819 0.067864 hargrave 2020-01-21 18:20:17 
540.20 265.7  56.2 265.7  56.2 6.22E-05 000.9 196.8  39.2 0.044952 0.070487 0.053183 hargrave 2020-01-22 13:26:22 
555.10 192.5  71.8 192.5  71.8 4.73E-05 000.7 198.2  06.4 0.036579 0.050293 0.037663 hargrave 2020-01-23 10:35:16 
560.10 119.2  25.5 119.2  25.5 5.34E-05 000.5 195.2 -54.2 0.036813 0.037856 0.016326 hargrave 2020-01-23 15:00:02 
560.00 280.1  30.9 280.1  30.9 7.40E-05 000.5 200.4  66.4 0.042251 0.042376 0.042507 hargrave 2020-01-24 09:43:29 
562.00 280.9  31.2 280.9  31.2 7.24E-05 000.5 198.7  66.4 0.038007 0.040165 0.043015 hargrave 2020-01-24 13:30:53 
555.20 120.0  20.0 120.0  20.0 4.78E-05 000.5 199.5 -59.2 0.030269 0.026926 0.015449 hargrave 2020-01-24 17:36:27 
562.10 109.7  05.7 109.7  05.7 6.91E-05 000.6 180.9 -75.3 0.062809 0.039657 0.010477 hargrave 2020-01-25 13:24:54 
564.10 109.7  05.2 109.7  05.2 8.09E-05 000.6 180.8 -75.8 0.070883 0.047159 0.009608 hargrave 2020-01-25 17:19:30 
564.00 282.9  31.3 282.9  31.3 5.08E-05 000.9 194.4  66.8 0.059791 0.043622 0.028955 hargrave 2020-01-26 15:06:03 
566.00 281.8  31.4 281.8  31.4 5.01E-05 000.8 196.6  66.5 0.061175 0.039806 0.027769 hargrave 2020-01-26 18:21:53 
562.20 108.7 -00.8 108.7 -00.8 7.79E-05 000.5 174.5 -81.8 0.054634 0.036575 0.015994 hargrave 2020-01-27 11:40:22 
566.10 111.6 -05.1 111.6 -05.1 8.75E-05 000.4 208.6 -85.6 0.055832 0.040613 0.024254 hargrave 2020-01-27 15:27:42 
570.10 110.7 -05.1 110.7 -05.1 1.09E-04 000.4 196.9 -85.9 0.067153 0.049331 0.023700 hargrave 2020-01-28 11:46:05 
570.00 283.8  32.9 283.8  32.9 3.03E-05 000.6 191.6  65.5 0.023110 0.027442 0.021250 hargrave 2020-01-28 17:45:41 
575.00 282.3  32.0 282.3  32.0 2.90E-05 000.6 195.2  66.1 0.022430 0.023497 0.021617 hargrave 2020-01-29 11:16:56 
566.20 108.3 -04.8 108.3 -04.8 1.08E-04 000.4 164.3 -85.6 0.063113 0.047963 0.037384 hargrave 2020-01-29 15:04:43 
575.10 111.6 -09.8 111.6 -09.8 1.14E-04 000.4 290.7 -87.8 0.058641 0.057674 0.033688 hargrave 2020-01-30 11:42:17 
580.10 111.4 -07.6 111.4 -07.6 1.21E-04 000.4 233.0 -87.7 0.070258 0.058675 0.035199 hargrave 2020-01-30 15:34:01 
580.00 280.8  34.4 280.8  34.4 2.24E-05 000.6 196.2  63.4 0.018289 0.019399 0.020661 hargrave 2020-01-31 11:15:41 
585.00 282.3  32.9 282.3  32.9 2.11E-05 000.7 194.5  65.2 0.017343 0.019561 0.018601 hargrave 2020-01-31 14:51:20 
575.20 108.4 -10.0 108.4 -10.0 1.22E-04 000.3 046.4 -88.5 0.051256 0.053706 0.030938 hargrave 2020-01-31 18:46:17 
585.10 111.3 -08.5 111.3 -08.5 1.24E-04 000.4 253.7 -88.1 0.068412 0.060587 0.027423 hargrave 2020-02-01 13:39:40 
