AX12- 12a mag compass orientation (IGRF corrected)
      0  12.3  46.0   0.0   0.0   1.0
NRM    302.0  43.3 302.0  43.3 3.13E-04 000.3 093.9  75.8 0.132509 0.119010 0.076360 hargrave 2020-10-12 15:21:43 
100.00 301.8  43.1 301.8  43.1 3.13E-04 000.4 093.0  75.8 0.160326 0.138167 0.068279 hargrave 2020-10-14 10:40:36 
100.10 301.6  42.3 301.6  42.3 3.10E-04 000.4 089.7  75.9 0.142123 0.137964 0.069971 hargrave 2020-10-14 16:01:44 
200.10 302.0  43.0 302.0  43.0 3.04E-04 000.3 092.7  75.7 0.126493 0.118238 0.061905 hargrave 2020-10-15 10:50:48 
200.00 301.7  42.5 301.7  42.5 3.03E-04 000.4 090.6  75.8 0.134857 0.119095 0.061208 hargrave 2020-10-15 13:55:13 
300.00 301.5  42.1 301.5  42.1 3.01E-04 000.4 089.1  75.9 0.140139 0.116492 0.061951 hargrave 2020-10-15 16:34:10 
100.20 301.7  42.1 301.7  42.1 2.99E-04 000.3 089.0  75.7 0.121031 0.111261 0.059040 hargrave 2020-10-16 12:49:09 
300.10 301.6  42.2 301.6  42.2 2.94E-04 000.4 089.4  75.8 0.161456 0.112553 0.059944 hargrave 2020-10-18 13:24:32 
400.10 302.1  42.6 302.1  42.6 2.79E-04 000.4 091.4  75.6 0.158918 0.103558 0.044435 hargrave 2020-10-18 16:59:03 
400.00 301.5  42.2 301.5  42.2 2.80E-04 000.4 089.5  75.9 0.166343 0.076255 0.045291 hargrave 2020-10-19 11:05:49 
450.00 301.9  42.7 301.9  42.7 2.74E-04 000.4 091.6  75.7 0.163697 0.070188 0.045448 hargrave 2020-10-19 14:03:11 
300.20 301.7  42.0 301.7  42.0 2.69E-04 000.4 088.7  75.7 0.151346 0.072462 0.049320 hargrave 2020-10-19 17:56:11 
450.10 302.4  42.9 302.4  42.9 2.64E-04 000.4 092.7  75.4 0.146677 0.065438 0.047778 hargrave 2020-10-20 10:35:12 
475.10 302.0  42.1 302.0  42.1 2.55E-04 000.4 089.2  75.5 0.139371 0.089761 0.046318 hargrave 2020-10-20 14:46:04 
475.00 301.6  42.1 301.6  42.1 2.58E-04 000.4 089.0  75.8 0.162457 0.085862 0.050416 hargrave 2020-10-21 10:37:09 
500.00 301.8  42.9 301.8  42.9 2.53E-04 000.4 092.5  75.8 0.154285 0.074232 0.041392 hargrave 2020-10-21 15:03:27 
450.20 302.3  42.9 302.3  42.9 2.46E-04 000.4 092.6  75.5 0.132795 0.077962 0.041009 hargrave 2020-10-22 10:06:11 
500.10 302.3  42.0 302.3  42.0 2.41E-04 000.4 089.1  75.3 0.138309 0.077634 0.044553 hargrave 2020-10-22 13:52:39 
510.10 302.7  42.9 302.7  42.9 2.39E-04 000.4 092.9  75.2 0.137326 0.074428 0.042521 hargrave 2020-10-22 17:35:48 
510.00 301.6  42.4 301.6  42.4 2.42E-04 000.4 090.4  75.9 0.141407 0.080731 0.042891 hargrave 2020-10-23 12:07:12 
520.00 301.7  43.0 301.7  43.0 2.39E-04 000.4 092.7  75.9 0.138426 0.074783 0.038020 hargrave 2020-10-23 15:11:12 
500.20 302.4  42.8 302.4  42.8 2.29E-04 000.3 092.3  75.4 0.114874 0.065290 0.040257 hargrave 2020-10-25 16:03:20 
520.10 302.9  43.4 302.9  43.4 2.24E-04 000.3 094.9  75.2 0.114452 0.060272 0.043319 hargrave 2020-10-26 10:36:14 
530.10 302.7  41.5 302.7  41.5 2.03E-04 000.3 087.5  74.8 0.095783 0.065321 0.040236 hargrave 2020-10-26 17:28:23 
530.00 300.9  43.3 300.9  43.3 2.18E-04 000.2 093.5  76.6 0.053133 0.046204 0.038410 hargrave 2020-10-27 10:15:53 
540.00 300.5  43.3 300.5  43.3 2.03E-04 000.4 093.2  76.8 0.121461 0.046991 0.037174 hargrave 2020-10-27 13:14:00 
520.20 301.8  42.2 301.8  42.2 1.90E-04 000.4 089.5  75.7 0.111105 0.050959 0.037152 hargrave 2020-10-27 16:13:08 
540.10 303.5  42.4 303.5  42.4 1.73E-04 000.4 091.6  74.5 0.106980 0.047520 0.035193 hargrave 2020-10-28 09:03:56 
550.10 309.7  41.3 309.7  41.3 9.22E-05 000.6 092.0  69.8 0.079701 0.042777 0.023865 hargrave 2020-10-28 13:07:31 
550.00 301.4  43.5 301.4  43.5 1.47E-04 000.5 094.6  76.3 0.104501 0.052006 0.026901 hargrave 2020-10-28 16:26:37 
553.00 299.8  44.1 299.8  44.1 1.54E-04 000.3 096.4  77.5 0.083329 0.038673 0.023359 hargrave 2020-10-29 08:57:02 
540.20 306.2  41.5 306.2  41.5 9.87E-05 000.5 090.2  72.3 0.073457 0.045788 0.022841 hargrave 2020-10-31 09:23:15 
553.10 332.1  27.9 332.1  27.9 3.28E-05 001.1 085.0  47.3 0.053730 0.063786 0.034856 hargrave 2020-10-31 13:14:56 
556.10 345.1  18.9 345.1  18.9 2.61E-05 001.3 085.4  32.4 0.052685 0.066772 0.034040 hargrave 2020-10-31 16:51:04 
556.00 300.9  45.2 300.9  45.2 1.09E-04 000.4 101.6  76.7 0.071696 0.039679 0.017979 hargrave 2020-11-01 08:47:15 
559.00 299.7  45.3 299.7  45.3 1.01E-04 000.4 102.1  77.6 0.063240 0.045055 0.015984 hargrave 2020-11-01 11:57:46 
553.20 083.5 -48.9 083.5 -48.9 6.06E-05 000.6 062.4 -76.2 0.040890 0.048616 0.025019 hargrave 2020-11-01 15:06:20 
559.10 090.4 -47.0 090.4 -47.0 6.82E-05 000.5 066.3 -81.2 0.035098 0.051114 0.021908 hargrave 2020-11-02 08:58:42 
562.10 101.7 -47.6 101.7 -47.6 1.20E-04 000.3 006.3 -86.4 0.032658 0.046462 0.017860 hargrave 2020-11-02 12:33:58 
562.00 299.7  45.6 299.7  45.6 3.41E-05 000.5 103.4  77.6 0.023233 0.017387 0.004459 hargrave 2020-11-02 16:04:40 
565.00 299.5  43.0 299.5  43.0 2.95E-05 000.6 091.6  77.5 0.024749 0.013377 0.004011 hargrave 2020-11-03 09:00:15 
559.20 103.6 -48.1 103.6 -48.1 1.16E-04 000.3 347.8 -85.8 0.035113 0.049320 0.017388 hargrave 2020-11-03 12:09:14 
565.10 104.3 -48.7 104.3 -48.7 1.47E-04 000.3 344.4 -85.1 0.044625 0.064099 0.018642 hargrave 2020-11-03 15:49:16 
570.10 105.8 -48.8 105.8 -48.8 1.80E-04 000.3 334.8 -84.7 0.064839 0.087651 0.017763 hargrave 2020-11-04 09:03:29 
570.00 300.9  44.0 300.9  44.0 1.05E-05 000.7 096.3  76.6 0.010049 0.006943 0.001378 hargrave 2020-11-04 12:35:52 
575.00 302.7  38.4 302.7  38.4 9.28E-06 000.6 076.8  73.7 0.009587 0.003179 0.002292 hargrave 2020-11-04 15:39:47 
565.20 105.4 -48.0 105.4 -48.0 1.91E-04 000.3 332.6 -85.5 0.068589 0.093109 0.017062 hargrave 2020-11-04 19:03:14 
575.10 106.6 -47.9 106.6 -47.9 2.08E-04 000.4 324.0 -85.0 0.080695 0.104886 0.017301 hargrave 2020-11-05 10:33:14 
580.10 105.9 -48.7 105.9 -48.7 2.18E-04 000.4 333.7 -84.6 0.089343 0.105283 0.019403 hargrave 2020-11-05 14:04:13 
580.00 282.8  17.4 282.8  17.4 3.81E-06 000.8 001.0  63.4 0.004128 0.003595 0.001571 hargrave 2020-11-05 17:36:02 
585.00 295.8  27.6 295.8  27.6 4.81E-06 000.8 038.0  70.4 0.005416 0.003194 0.001553 hargrave 2020-11-06 08:55:41 
575.20 106.2 -48.3 106.2 -48.3 2.41E-04 000.3 329.1 -84.9 0.120103 0.060898 0.018412 hargrave 2020-11-06 12:24:27 
585.10 105.9 -48.3 105.9 -48.3 2.52E-04 000.4 330.7 -85.1 0.129776 0.098770 0.021376 hargrave 2020-11-06 16:49:12 
