AX12- 15a mag compass orientation (IGRF corrected)
      0  62.3  67.0   0.0   0.0   1.0
NRM    304.7  40.7 304.7  40.7 3.67E-04 000.3 226.1  60.8 0.096071 0.103275 0.159024 hargrave 2020-10-12 15:27:26 
100.00 303.9  39.5 303.9  39.5 3.67E-04 000.4 228.8  60.9 0.129991 0.164203 0.154036 hargrave 2020-10-14 10:44:49 
100.10 304.5  40.3 304.5  40.3 3.61E-04 000.4 226.9  60.9 0.097847 0.143724 0.150774 hargrave 2020-10-14 16:07:31 
200.10 303.3  38.2 303.3  38.2 3.51E-04 000.3 231.8  61.0 0.086946 0.112698 0.155570 hargrave 2020-10-15 10:56:32 
200.00 304.3  39.8 304.3  39.8 3.50E-04 000.4 228.2  61.0 0.138048 0.156405 0.153244 hargrave 2020-10-15 14:00:13 
300.00 304.0  38.6 304.0  38.6 3.48E-04 000.4 230.5  61.3 0.100091 0.136460 0.161280 hargrave 2020-10-15 16:39:16 
100.20 304.6  39.1 304.6  39.1 3.44E-04 000.4 229.1  61.5 0.077892 0.145837 0.156845 hargrave 2020-10-16 12:55:50 
300.10 303.6  38.8 303.6  38.8 3.39E-04 000.4 230.5  61.0 0.121271 0.130202 0.182732 hargrave 2020-10-18 13:30:14 
400.10 303.8  40.0 303.8  40.0 3.16E-04 000.4 228.1  60.5 0.090544 0.125810 0.155111 hargrave 2020-10-18 17:04:48 
400.00 304.8  40.1 304.8  40.1 3.16E-04 000.3 227.1  61.1 0.066118 0.140027 0.114779 hargrave 2020-10-19 11:12:01 
450.00 304.4  39.3 304.4  39.3 3.12E-04 000.4 228.8  61.3 0.117082 0.120757 0.114477 hargrave 2020-10-19 14:11:50 
300.20 304.2  38.4 304.2  38.4 3.05E-04 000.4 230.7  61.6 0.109520 0.157670 0.111640 hargrave 2020-10-19 18:05:30 
450.10 303.6  38.7 303.6  38.7 2.99E-04 000.4 230.6  60.9 0.101098 0.148408 0.108333 hargrave 2020-10-20 10:44:34 
475.10 303.9  39.4 303.9  39.4 2.90E-04 000.4 229.0  60.8 0.049920 0.138292 0.110538 hargrave 2020-10-20 14:54:37 
475.00 305.8  40.8 305.8  40.8 2.91E-04 000.3 225.0  61.5 0.051110 0.110410 0.101850 hargrave 2020-10-21 10:44:06 
500.00 304.4  39.1 304.4  39.1 2.87E-04 000.4 229.2  61.4 0.120400 0.139582 0.103430 hargrave 2020-10-21 15:12:03 
450.20 304.7  40.0 304.7  40.0 2.80E-04 000.3 227.4  61.2 0.076904 0.112543 0.100859 hargrave 2020-10-22 10:14:41 
500.10 304.0  40.8 304.0  40.8 2.74E-04 000.4 226.4  60.3 0.062975 0.124671 0.100099 hargrave 2020-10-22 14:01:11 
510.10 303.4  40.6 303.4  40.6 2.71E-04 000.3 227.2  60.0 0.067655 0.112806 0.104849 hargrave 2020-10-22 17:44:19 
510.00 303.4  38.6 303.4  38.6 2.75E-04 000.4 230.9  60.9 0.107697 0.109662 0.101135 hargrave 2020-10-23 12:15:04 
520.00 305.0  41.0 305.0  41.0 2.72E-04 000.4 225.4  60.9 0.112480 0.149199 0.097047 hargrave 2020-10-23 15:19:00 
500.20 302.4  39.1 302.4  39.1 2.63E-04 000.4 230.6  60.0 0.104420 0.097524 0.110886 hargrave 2020-10-25 16:11:55 
520.10 302.2  39.5 302.2  39.5 2.59E-04 000.3 229.9  59.6 0.051734 0.072361 0.109735 hargrave 2020-10-26 10:43:53 
530.10 301.9  40.7 301.9  40.7 2.48E-04 000.3 228.1  58.9 0.080948 0.061831 0.108861 hargrave 2020-10-26 17:37:03 
530.00 303.9  39.4 303.9  39.4 2.58E-04 000.2 229.1  60.9 0.027723 0.067680 0.101301 hargrave 2020-10-27 10:22:02 
540.00 303.9  39.3 303.9  39.3 2.52E-04 000.3 229.3  60.9 0.043481 0.090938 0.109154 hargrave 2020-10-27 13:20:15 
520.20 303.8  41.7 303.8  41.7 2.42E-04 000.3 225.0  59.7 0.013209 0.099896 0.100540 hargrave 2020-10-27 16:20:52 
540.10 300.5  40.3 300.5  40.3 2.32E-04 000.3 229.5  58.1 0.042293 0.078700 0.099798 hargrave 2020-10-28 09:11:41 
550.10 295.3  42.3 295.3  42.3 1.91E-04 000.4 228.8  53.8 0.057168 0.070847 0.108334 hargrave 2020-10-28 13:16:19 
550.00 302.9  39.7 302.9  39.7 2.22E-04 000.3 229.1  60.0 0.077422 0.067159 0.090631 hargrave 2020-10-28 16:33:35 
553.00 302.3  38.4 302.3  38.4 2.11E-04 000.5 232.0  60.1 0.112788 0.104590 0.091921 hargrave 2020-10-29 09:04:01 
540.20 294.7  41.9 294.7  41.9 1.78E-04 000.6 229.8  53.5 0.119631 0.099521 0.098112 hargrave 2020-10-31 09:30:48 
553.10 278.0  45.8 278.0  45.8 1.31E-04 000.6 228.5  40.9 0.093344 0.072511 0.082114 hargrave 2020-10-31 13:23:29 
556.10 265.4  47.8 265.4  47.8 1.05E-04 000.5 226.8  32.2 0.049099 0.045693 0.076011 hargrave 2020-10-31 16:59:38 
556.00 302.4  40.4 302.4  40.4 1.62E-04 000.3 228.3  59.4 0.018221 0.063734 0.068315 hargrave 2020-11-01 08:53:24 
559.00 302.8  40.0 302.8  40.0 1.48E-04 000.6 228.7  59.9 0.107864 0.084409 0.062900 hargrave 2020-11-01 12:04:41 
553.20 232.6  44.5 232.6  44.5 7.56E-05 000.7 225.4  09.4 0.084007 0.018816 0.066279 hargrave 2020-11-01 15:14:51 
559.10 211.9  30.0 211.9  30.0 7.36E-05 000.6 229.8 -12.0 0.040430 0.048344 0.067615 hargrave 2020-11-02 09:06:23 
562.10 181.2  13.3 181.2  13.3 8.12E-05 000.5 220.8 -43.9 0.075438 0.039594 0.042948 hargrave 2020-11-02 12:41:39 
562.00 301.6  41.5 301.6  41.5 1.03E-04 000.5 226.9  58.4 0.023342 0.069115 0.046459 hargrave 2020-11-02 16:09:59 
565.00 301.0  41.1 301.0  41.1 8.33E-05 000.5 227.9  58.1 0.055296 0.028046 0.037483 hargrave 2020-11-03 09:05:36 
559.20 174.5 -00.4 174.5 -00.4 9.08E-05 000.6 226.7 -58.7 0.056346 0.064547 0.032291 hargrave 2020-11-03 12:17:44 
565.10 167.0 -06.0 167.0 -06.0 1.22E-04 000.5 222.1 -67.9 0.053254 0.077739 0.031683 hargrave 2020-11-03 15:57:46 
570.10 158.3 -16.7 158.3 -16.7 1.83E-04 000.4 222.8 -81.5 0.091752 0.078895 0.019183 hargrave 2020-11-04 09:11:11 
570.00 294.9  44.1 294.9  44.1 3.80E-05 001.1 226.3  52.8 0.067373 0.030325 0.020283 hargrave 2020-11-04 12:41:11 
575.00 292.6  40.5 292.6  40.5 2.56E-05 000.8 232.8  52.4 0.039620 0.008204 0.013942 hargrave 2020-11-04 15:45:09 
565.20 155.3 -17.2 155.3 -17.2 1.93E-04 000.5 206.9 -83.6 0.106375 0.112293 0.023545 hargrave 2020-11-04 19:10:55 
575.10 154.6 -18.2 154.6 -18.2 2.33E-04 000.4 204.3 -84.7 0.116080 0.127104 0.023980 hargrave 2020-11-05 10:41:47 
580.10 153.3 -20.2 153.3 -20.2 2.56E-04 000.4 198.1 -87.1 0.127705 0.103802 0.024250 hargrave 2020-11-05 14:12:47 
580.00 283.6  53.6 283.6  53.6 1.16E-05 001.0 217.2  42.4 0.023705 0.006095 0.006969 hargrave 2020-11-05 17:41:22 
585.00 275.3  46.6 275.3  46.6 8.26E-06 001.1 227.8  38.9 0.018528 0.003036 0.005022 hargrave 2020-11-06 09:00:59 
575.20 153.0 -20.0 153.0 -20.0 2.94E-04 000.4 191.5 -86.9 0.139406 0.113480 0.026276 hargrave 2020-11-06 12:32:07 
585.10 153.3 -20.0 153.3 -20.0 3.15E-04 000.4 197.2 -86.9 0.156304 0.124152 0.029377 hargrave 2020-11-06 16:57:40 
