AX12- 6a mag compass orientation (IGRF corrected)
      0  36.1  66.0   0.0   0.0   1.0
NRM    306.3  40.1 306.3  40.1 3.45E-04 000.3 179.6  73.9 0.091570 0.182514 0.032060 hargrave 2019-12-20 15:37:06 
100.00 307.9  39.9 307.9  39.9 3.45E-04 000.4 175.0  74.0 0.125684 0.209945 0.030281 hargrave 2019-12-22 11:15:49 
100.10 308.4  39.8 308.4  39.8 3.39E-04 000.4 173.5  74.1 0.126051 0.202911 0.030447 hargrave 2019-12-22 16:51:25 
200.10 308.8  39.3 308.8  39.3 3.32E-04 000.4 172.2  74.6 0.136702 0.194241 0.049112 hargrave 2019-12-23 15:47:57 
200.00 308.7  38.3 308.7  38.3 3.31E-04 000.4 171.7  75.5 0.128367 0.157637 0.054993 hargrave 2019-12-24 14:25:05 
300.00 309.7  38.0 309.7  38.0 3.27E-04 000.4 168.4  75.6 0.141609 0.154186 0.059484 hargrave 2019-12-25 14:52:10 
100.20 308.2  38.5 308.2  38.5 3.25E-04 000.4 173.6  75.4 0.119065 0.153073 0.085535 hargrave 2019-12-26 13:40:21 
300.10 308.4  38.1 308.4  38.1 3.22E-04 000.4 172.7  75.8 0.138913 0.151144 0.089714 hargrave 2019-12-26 17:36:09 
400.10 307.2  38.3 307.2  38.3 3.04E-04 000.4 176.6  75.7 0.142647 0.125497 0.102188 hargrave 2019-12-27 15:13:20 
400.00 306.8  38.3 306.8  38.3 3.04E-04 000.4 177.8  75.7 0.151277 0.138489 0.100925 hargrave 2019-12-28 15:02:02 
425.00 306.4  38.3 306.4  38.3 3.02E-04 000.5 179.1  75.7 0.163221 0.184402 0.109568 hargrave 2019-12-29 13:35:00 
300.20 307.3  38.1 307.3  38.1 2.99E-04 000.5 176.1  75.9 0.147332 0.191663 0.110458 hargrave 2019-12-29 17:52:39 
425.10 307.0  38.5 307.0  38.5 2.92E-04 000.5 177.1  75.5 0.153889 0.197037 0.117400 hargrave 2019-12-30 13:46:25 
450.10 305.3  38.9 305.3  38.9 2.88E-04 000.5 182.4  75.1 0.159096 0.157658 0.114240 hargrave 2019-12-30 20:02:07 
450.00 305.6  38.8 305.6  38.8 2.89E-04 000.4 181.5  75.2 0.099390 0.135084 0.152762 hargrave 2019-12-31 19:56:06 
475.00 305.6  39.2 305.6  39.2 2.87E-04 000.4 181.5  74.8 0.104962 0.142604 0.108416 hargrave 2020-01-01 12:37:30 
425.20 306.0  39.3 306.0  39.3 2.82E-04 000.4 180.2  74.7 0.107531 0.126589 0.102512 hargrave 2020-01-01 16:28:02 
475.10 306.8  39.9 306.8  39.9 2.76E-04 000.3 178.0  74.1 0.107293 0.110196 0.093769 hargrave 2020-01-02 11:51:52 
500.10 305.3  40.2 305.3  40.2 2.66E-04 000.4 182.1  73.8 0.110571 0.120856 0.078476 hargrave 2020-01-02 16:06:10 
500.00 308.1  39.7 308.1  39.7 2.70E-04 000.3 174.2  74.2 0.059190 0.117599 0.065080 hargrave 2020-01-03 13:33:32 
520.00 306.9  40.1 306.9  40.1 2.67E-04 000.4 177.8  73.8 0.119319 0.127435 0.053482 hargrave 2020-01-03 18:01:30 
475.20 305.6  40.4 305.6  40.4 2.59E-04 000.3 181.3  73.6 0.094625 0.108520 0.041550 hargrave 2020-01-14 14:21:19 
520.10 305.5  40.0 305.5  40.0 2.43E-04 000.5 181.7  74.0 0.137285 0.153537 0.153703 hargrave 2020-01-18 13:23:59 
530.10 304.9  40.7 304.9  40.7 2.31E-04 000.5 183.1  73.3 0.117295 0.117931 0.116819 hargrave 2020-01-18 17:15:08 
530.00 305.0  39.6 305.0  39.6 2.46E-04 000.5 183.3  74.4 0.125971 0.133368 0.120489 hargrave 2020-01-19 13:20:53 
540.00 302.8  39.4 302.8  39.4 2.30E-04 000.5 189.5  74.4 0.125868 0.146298 0.109087 hargrave 2020-01-19 16:50:17 
520.20 305.6  41.3 305.6  41.3 2.10E-04 000.5 181.3  72.7 0.115693 0.107739 0.111072 hargrave 2020-01-20 13:35:38 
540.10 303.9  43.7 303.9  43.7 1.77E-04 000.6 184.8  70.2 0.105872 0.107431 0.104319 hargrave 2020-01-20 17:36:23 
550.10 299.3  54.1 299.3  54.1 1.05E-04 000.6 187.9  59.5 0.068294 0.054506 0.079103 hargrave 2020-01-21 11:33:12 
550.00 302.3  41.3 302.3  41.3 1.72E-04 000.5 189.6  72.4 0.091895 0.085746 0.091932 hargrave 2020-01-21 14:52:34 
555.00 302.3  40.5 302.3  40.5 1.53E-04 000.6 190.1  73.2 0.086968 0.120611 0.081811 hargrave 2020-01-21 18:27:02 
540.20 298.8  55.2 298.8  55.2 8.86E-05 000.8 187.9  58.4 0.057325 0.095911 0.070668 hargrave 2020-01-22 13:35:13 
555.10 233.3  74.5 233.3  74.5 5.57E-05 001.0 196.7  27.7 0.040078 0.072256 0.063062 hargrave 2020-01-23 10:44:54 
560.10 144.2  22.8 144.2  22.8 5.47E-05 000.7 202.0 -40.0 0.058664 0.038395 0.032011 hargrave 2020-01-23 15:10:11 
560.00 307.5  41.4 307.5  41.4 9.60E-05 000.6 176.6  72.6 0.079471 0.058443 0.054160 hargrave 2020-01-24 09:50:14 
562.00 304.8  40.6 304.8  40.6 9.64E-05 000.6 183.5  73.4 0.060816 0.058660 0.054992 hargrave 2020-01-24 13:37:34 
555.20 143.2  01.5 143.2  01.5 7.16E-05 000.6 215.5 -59.6 0.069890 0.040297 0.023284 hargrave 2020-01-24 17:45:17 
562.10 131.1 -09.4 131.1 -09.4 1.01E-04 000.4 198.9 -74.6 0.062686 0.043020 0.010507 hargrave 2020-01-25 13:33:45 
564.10 129.5 -13.7 129.5 -13.7 1.42E-04 000.4 198.1 -79.2 0.084247 0.056017 0.015137 hargrave 2020-01-25 17:28:24 
564.00 301.4  41.2 301.4  41.2 5.22E-05 000.9 191.7  72.4 0.059593 0.043786 0.035825 hargrave 2020-01-26 15:12:47 
566.00 304.8  43.7 304.8  43.7 5.32E-05 000.8 182.7  70.2 0.055853 0.046592 0.034193 hargrave 2020-01-26 18:28:38 
562.20 129.8 -16.0 129.8 -16.0 1.66E-04 000.4 203.9 -81.3 0.090811 0.082087 0.020781 hargrave 2020-01-27 11:49:15 
566.10 131.4 -18.3 131.4 -18.3 1.95E-04 000.4 222.2 -82.5 0.108779 0.107262 0.031518 hargrave 2020-01-27 15:36:43 
570.10 132.9 -20.1 132.9 -20.1 2.61E-04 000.4 239.7 -82.6 0.137940 0.136146 0.049386 hargrave 2020-01-28 11:54:58 
570.00 295.1  57.9 295.1  57.9 1.08E-05 000.8 190.3  55.2 0.012080 0.011137 0.006156 hargrave 2020-01-28 17:52:27 
575.00 296.8  50.6 296.8  50.6 1.01E-05 000.7 192.8  62.5 0.008408 0.009956 0.005836 hargrave 2020-01-29 11:23:41 
566.20 128.1 -21.8 128.1 -21.8 2.82E-04 000.4 219.6 -87.1 0.163418 0.148532 0.103523 hargrave 2020-01-29 15:13:39 
575.10 130.8 -22.8 130.8 -22.8 3.03E-04 000.5 256.0 -85.5 0.157848 0.189670 0.060203 hargrave 2020-01-30 11:51:10 
580.10 128.4 -20.6 128.4 -20.6 3.21E-04 000.5 212.2 -86.0 0.167981 0.196922 0.056482 hargrave 2020-01-30 15:42:54 
580.00 347.2  84.2 347.2  84.2 5.27E-06 001.1 175.7  28.3 0.007771 0.009926 0.003865 hargrave 2020-01-31 11:22:29 
585.00 297.5  70.3 297.5  70.3 3.95E-06 000.9 184.0  43.5 0.005487 0.004579 0.002361 hargrave 2020-01-31 14:58:06 
575.20 128.8 -20.8 128.8 -20.8 3.49E-04 000.4 218.5 -85.9 0.179060 0.172611 0.051553 hargrave 2020-01-31 18:55:04 
585.10 127.9 -19.3 127.9 -19.3 3.63E-04 000.4 200.0 -85.0 0.171001 0.188826 0.049222 hargrave 2020-02-01 13:48:30 
