AX12- 8a mag compass orientation (IGRF corrected)
      0  44.3  61.0   0.0   0.0   1.0
NRM    297.6  38.7 297.6  38.7 4.97E-04 000.4 230.4  73.1 0.180612 0.243276 0.117228 hargrave 2020-10-12 15:12:57 
100.00 297.4  38.3 297.4  38.3 4.97E-04 000.4 232.0  73.2 0.216389 0.263311 0.116691 hargrave 2020-10-14 10:34:36 
100.10 297.4  37.9 297.4  37.9 4.90E-04 000.4 233.3  73.4 0.209290 0.249207 0.119470 hargrave 2020-10-14 15:53:47 
200.10 297.5  37.4 297.5  37.4 4.82E-04 000.3 234.8  73.6 0.173890 0.196714 0.118374 hargrave 2020-10-15 10:42:04 
200.00 298.0  38.2 298.0  38.2 4.82E-04 000.4 231.6  73.7 0.150244 0.241461 0.117684 hargrave 2020-10-15 13:48:31 
300.00 297.8  37.3 297.8  37.3 4.77E-04 000.3 234.7  73.9 0.134232 0.207076 0.123249 hargrave 2020-10-15 16:27:26 
100.20 297.6  37.1 297.6  37.1 4.72E-04 000.3 235.6  73.9 0.143684 0.212422 0.127496 hargrave 2020-10-16 12:40:25 
300.10 298.3  38.1 298.3  38.1 4.64E-04 000.5 231.5  73.9 0.222555 0.269371 0.160025 hargrave 2020-10-18 13:14:58 
400.10 297.3  36.9 297.3  36.9 4.44E-04 000.4 236.6  73.7 0.170067 0.257516 0.130236 hargrave 2020-10-18 16:51:07 
400.00 297.4  37.2 297.4  37.2 4.44E-04 000.4 235.5  73.7 0.153032 0.281389 0.131498 hargrave 2020-10-19 10:59:51 
450.00 297.4  37.1 297.4  37.1 4.34E-04 000.5 235.7  73.7 0.164207 0.288069 0.148385 hargrave 2020-10-19 13:57:17 
300.20 297.4  37.1 297.4  37.1 4.30E-04 000.5 235.9  73.7 0.180447 0.277103 0.143217 hargrave 2020-10-19 17:48:12 
450.10 297.2  37.6 297.2  37.6 4.21E-04 000.4 234.5  73.4 0.168644 0.257241 0.124294 hargrave 2020-10-20 10:27:11 
475.10 296.8  37.4 296.8  37.4 4.09E-04 000.4 235.5  73.1 0.169538 0.222321 0.126886 hargrave 2020-10-20 14:38:03 
475.00 296.8  36.5 296.8  36.5 4.13E-04 000.4 238.5  73.5 0.155358 0.196536 0.124580 hargrave 2020-10-21 10:31:13 
500.00 296.6  36.4 296.6  36.4 4.08E-04 000.4 239.0  73.4 0.155266 0.195844 0.132521 hargrave 2020-10-21 14:57:30 
450.20 296.4  36.5 296.4  36.5 4.01E-04 000.4 238.9  73.2 0.169643 0.190460 0.128147 hargrave 2020-10-22 09:58:08 
500.10 296.0  36.7 296.0  36.7 3.93E-04 000.4 238.5  72.9 0.158517 0.179919 0.118116 hargrave 2020-10-22 13:44:37 
510.10 296.6  37.8 296.6  37.8 3.87E-04 000.4 234.4  72.8 0.167050 0.211857 0.117365 hargrave 2020-10-22 17:27:43 
510.00 296.9  37.1 296.9  37.1 3.90E-04 000.4 236.4  73.3 0.154166 0.200756 0.124902 hargrave 2020-10-23 12:01:14 
520.00 296.5  37.0 296.5  37.0 3.79E-04 000.4 237.0  73.1 0.153672 0.189046 0.112294 hargrave 2020-10-23 15:05:17 
500.20 295.7  37.3 295.7  37.3 3.69E-04 000.4 236.9  72.4 0.142403 0.163389 0.119668 hargrave 2020-10-25 15:55:19 
520.10 295.2  37.9 295.2  37.9 3.57E-04 000.3 235.6  71.8 0.118748 0.157673 0.098069 hargrave 2020-10-26 10:28:15 
530.10 293.3  38.9 293.3  38.9 3.13E-04 000.3 234.7  70.1 0.076946 0.146592 0.095832 hargrave 2020-10-26 17:20:15 
530.00 295.7  37.2 295.7  37.2 3.40E-04 000.3 237.5  72.4 0.074059 0.159762 0.093215 hargrave 2020-10-27 10:09:06 
540.00 295.2  37.4 295.2  37.4 3.04E-04 000.3 237.2  72.0 0.061235 0.108520 0.092941 hargrave 2020-10-27 13:08:01 
520.20 293.3  38.4 293.3  38.4 2.79E-04 000.3 236.0  70.2 0.092753 0.099207 0.084497 hargrave 2020-10-27 16:05:06 
540.10 288.2  39.3 288.2  39.3 2.29E-04 000.4 237.5  66.2 0.071556 0.109405 0.085382 hargrave 2020-10-28 08:55:57 
550.10 267.9  47.3 267.9  47.3 1.10E-04 000.5 229.7  49.9 0.049419 0.060361 0.059899 hargrave 2020-10-28 12:59:28 
550.00 294.2  38.7 294.2  38.7 2.09E-04 000.3 234.5  70.8 0.064441 0.086691 0.068012 hargrave 2020-10-28 16:20:38 
553.00 294.4  40.0 294.4  40.0 1.79E-04 000.4 230.7  70.3 0.031693 0.102113 0.055141 hargrave 2020-10-29 08:51:08 
540.20 254.0  46.2 254.0  46.2 7.76E-05 000.5 232.2  40.5 0.023196 0.046578 0.049924 hargrave 2020-10-31 09:15:08 
553.10 175.8  23.2 175.8  23.2 6.00E-05 000.8 221.9 -24.3 0.071971 0.048196 0.049076 hargrave 2020-10-31 13:06:55 
556.10 149.3 -08.3 149.3 -08.3 9.94E-05 000.5 217.3 -65.0 0.070495 0.037774 0.032247 hargrave 2020-10-31 16:43:00 
556.00 294.0  41.6 294.0  41.6 1.10E-04 000.6 227.1  69.3 0.058172 0.082670 0.038083 hargrave 2020-11-01 08:41:21 
559.00 294.9  41.5 294.9  41.5 8.62E-05 000.7 226.3  69.9 0.029533 0.091249 0.030865 hargrave 2020-11-01 11:51:52 
553.20 138.5 -19.8 138.5 -19.8 1.42E-04 000.4 203.3 -80.0 0.095451 0.054464 0.019814 hargrave 2020-11-01 14:58:19 
559.10 138.0 -21.0 138.0 -21.0 1.91E-04 000.5 203.3 -81.3 0.123612 0.099607 0.024404 hargrave 2020-11-02 08:49:51 
562.10 137.0 -24.0 137.0 -24.0 2.23E-04 000.5 206.1 -84.5 0.118302 0.130855 0.023414 hargrave 2020-11-02 12:25:59 
562.00 290.5  43.3 290.5  43.3 4.16E-05 000.6 226.8  66.2 0.043082 0.015362 0.013951 hargrave 2020-11-02 15:58:44 
565.00 290.7  42.5 290.7  42.5 3.15E-05 000.6 228.2  66.7 0.030622 0.013221 0.011494 hargrave 2020-11-03 08:54:19 
559.20 135.2 -26.5 135.2 -26.5 2.65E-04 000.4 197.7 -87.3 0.134227 0.122994 0.030542 hargrave 2020-11-03 12:01:14 
565.10 134.0 -26.1 134.0 -26.1 2.92E-04 000.4 174.0 -87.1 0.138568 0.136462 0.033591 hargrave 2020-11-03 15:41:14 
570.10 133.9 -27.5 133.9 -27.5 3.23E-04 000.4 165.7 -88.5 0.144482 0.152420 0.035565 hargrave 2020-11-04 08:55:28 
570.00 279.7  46.1 279.7  46.1 1.45E-05 000.8 228.1  58.1 0.020183 0.005171 0.005994 hargrave 2020-11-04 12:29:57 
575.00 283.8  41.4 283.8  41.4 1.15E-05 000.7 235.1  62.3 0.013548 0.005079 0.004709 hargrave 2020-11-04 15:33:52 
565.20 133.1 -27.0 133.1 -27.0 3.49E-04 000.4 151.6 -87.8 0.152713 0.179272 0.041184 hargrave 2020-11-04 18:55:13 
575.10 133.5 -27.9 133.5 -27.9 3.70E-04 000.4 147.5 -88.7 0.152788 0.175916 0.053528 hargrave 2020-11-05 10:25:08 
580.10 132.4 -27.5 132.4 -27.5 3.90E-04 000.4 132.1 -87.7 0.146425 0.187145 0.047797 hargrave 2020-11-05 13:56:11 
580.00 278.2  38.6 278.2  38.6 8.15E-06 000.8 242.6  58.7 0.012305 0.003200 0.003866 hargrave 2020-11-05 17:30:07 
585.00 281.6  38.2 281.6  38.2 7.76E-06 000.8 242.6  61.4 0.010094 0.004393 0.003201 hargrave 2020-11-06 08:49:46 
575.20 132.7 -28.0 132.7 -28.0 4.38E-04 000.3 125.4 -88.3 0.146470 0.200477 0.056379 hargrave 2020-11-06 12:16:26 
585.10 132.7 -28.1 132.7 -28.1 4.64E-04 000.3 121.2 -88.4 0.149101 0.211349 0.060005 hargrave 2020-11-06 16:41:12 
