AX12- 9a mag compass orientation (IGRF corrected)
      0  42.3  67.0   0.0   0.0   1.0
NRM    302.2  38.0 302.2  38.0 5.01E-04 000.3 207.8  72.7 0.181998 0.198438 0.111176 hargrave 2020-10-12 15:15:01 
100.00 301.0  36.8 301.0  36.8 5.01E-04 000.4 212.7  73.0 0.207439 0.211978 0.097950 hargrave 2020-10-14 10:36:11 
100.10 303.0  37.5 303.0  37.5 4.97E-04 000.3 206.6  73.4 0.204871 0.193084 0.092361 hargrave 2020-10-14 15:55:51 
200.10 301.7  36.8 301.7  36.8 4.90E-04 000.3 211.2  73.4 0.180360 0.173622 0.101051 hargrave 2020-10-15 10:44:07 
200.00 302.1  37.0 302.1  37.0 4.90E-04 000.4 209.7  73.5 0.276454 0.172423 0.100865 hargrave 2020-10-15 13:50:05 
300.00 302.6  37.2 302.6  37.2 4.87E-04 000.3 208.4  73.6 0.170994 0.166455 0.097626 hargrave 2020-10-15 16:29:00 
100.20 301.1  36.2 301.1  36.2 4.82E-04 000.3 213.6  73.6 0.183780 0.192544 0.109833 hargrave 2020-10-16 12:42:29 
300.10 301.9  36.6 301.9  36.6 4.75E-04 000.4 211.1  73.7 0.230892 0.202854 0.121675 hargrave 2020-10-18 13:17:02 
400.10 301.1  36.4 301.1  36.4 4.52E-04 000.4 213.5  73.5 0.214572 0.203242 0.105727 hargrave 2020-10-18 16:53:10 
400.00 303.1  37.5 303.1  37.5 4.52E-04 000.4 206.5  73.5 0.169727 0.217125 0.075805 hargrave 2020-10-19 11:01:25 
450.00 301.9  36.8 301.9  36.8 4.42E-04 000.4 210.6  73.6 0.186769 0.193720 0.080731 hargrave 2020-10-19 13:58:50 
300.20 302.0  36.9 302.0  36.9 4.37E-04 000.4 210.3  73.5 0.190461 0.225602 0.074384 hargrave 2020-10-19 17:50:16 
450.10 300.8  36.3 300.8  36.3 4.29E-04 000.4 214.4  73.4 0.194526 0.166886 0.092475 hargrave 2020-10-20 10:29:16 
475.10 302.0  37.3 302.0  37.3 4.17E-04 000.3 209.4  73.2 0.166306 0.172201 0.075118 hargrave 2020-10-20 14:40:08 
475.00 301.8  36.8 301.8  36.8 4.20E-04 000.3 210.8  73.5 0.164344 0.176232 0.075081 hargrave 2020-10-21 10:32:47 
500.00 301.8  36.8 301.8  36.8 4.13E-04 000.3 210.9  73.5 0.156102 0.175302 0.075737 hargrave 2020-10-21 14:59:05 
450.20 300.5  36.1 300.5  36.1 4.09E-04 000.4 215.2  73.4 0.192260 0.196241 0.081791 hargrave 2020-10-22 10:00:13 
500.10 301.0  36.9 301.0  36.9 4.01E-04 000.4 212.6  73.0 0.185665 0.190440 0.080250 hargrave 2020-10-22 13:46:42 
510.10 301.3  37.1 301.3  37.1 3.95E-04 000.3 211.2  73.0 0.163615 0.158557 0.077953 hargrave 2020-10-22 17:29:51 
510.00 300.7  36.1 300.7  36.1 3.96E-04 000.4 214.9  73.4 0.173638 0.193274 0.074623 hargrave 2020-10-23 12:02:49 
520.00 300.2  35.8 300.2  35.8 3.83E-04 000.4 216.6  73.4 0.177218 0.189414 0.087418 hargrave 2020-10-23 15:06:50 
500.20 300.7  36.9 300.7  36.9 3.74E-04 000.4 213.0  72.9 0.150654 0.165244 0.080643 hargrave 2020-10-25 15:57:24 
520.10 300.9  37.7 300.9  37.7 3.61E-04 000.3 211.0  72.4 0.129737 0.134682 0.075885 hargrave 2020-10-26 10:30:19 
530.10 296.4  39.6 296.4  39.6 2.75E-04 000.3 215.5  68.6 0.093953 0.077371 0.074590 hargrave 2020-10-26 17:22:21 
530.00 300.2  37.2 300.2  37.2 3.13E-04 000.3 213.5  72.4 0.129001 0.091037 0.065875 hargrave 2020-10-27 10:10:40 
540.00 300.4  38.0 300.4  38.0 2.60E-04 000.4 211.3  71.8 0.109225 0.104363 0.055522 hargrave 2020-10-27 13:09:35 
520.20 298.3  40.0 298.3  40.0 2.32E-04 000.4 211.5  69.3 0.108925 0.097744 0.056163 hargrave 2020-10-27 16:07:11 
540.10 292.5  47.6 292.5  47.6 1.72E-04 000.3 207.9  60.7 0.077087 0.054101 0.056413 hargrave 2020-10-28 08:58:02 
550.10 158.7  41.4 158.7  41.4 6.17E-05 000.8 200.9 -21.1 0.062234 0.051829 0.044825 hargrave 2020-10-28 13:01:33 
550.00 298.1  42.2 298.1  42.2 1.33E-04 000.5 208.2  67.4 0.090490 0.068278 0.034412 hargrave 2020-10-28 16:22:12 
553.00 298.1  40.3 298.1  40.3 1.24E-04 000.5 211.3  68.9 0.083793 0.048177 0.030098 hargrave 2020-10-29 08:52:41 
540.20 156.1  32.1 156.1  32.1 5.44E-05 000.5 203.3 -30.4 0.066046 0.032859 0.037136 hargrave 2020-10-31 09:17:15 
553.10 137.1 -05.7 137.1 -05.7 1.30E-04 000.6 195.7 -72.0 0.114201 0.055558 0.022768 hargrave 2020-10-31 13:09:00 
556.10 136.2 -11.5 136.2 -11.5 1.61E-04 000.5 198.4 -77.9 0.117889 0.069801 0.021251 hargrave 2020-10-31 16:45:06 
556.00 297.5  41.7 297.5  41.7 6.19E-05 000.9 210.1  67.6 0.091575 0.043776 0.015627 hargrave 2020-11-01 08:42:55 
559.00 298.8  41.9 298.8  41.9 4.97E-05 000.8 207.6  68.0 0.062859 0.033346 0.014334 hargrave 2020-11-01 11:53:26 
553.20 133.0 -16.3 133.0 -16.3 2.06E-04 000.4 185.5 -83.2 0.128773 0.071457 0.022318 hargrave 2020-11-01 15:00:24 
559.10 132.2 -16.3 132.2 -16.3 2.33E-04 001.3 179.2 -83.3 0.500637 0.106950 0.025174 hargrave 2020-11-02 08:51:56 
562.10 132.6 -19.4 132.6 -19.4 2.61E-04 000.4 184.9 -86.4 0.140889 0.105753 0.023530 hargrave 2020-11-02 12:28:04 
562.00 295.2  42.5 295.2  42.5 1.89E-05 000.6 212.1  65.9 0.018484 0.008346 0.005281 hargrave 2020-11-02 16:00:19 
565.00 294.9  42.2 294.9  42.2 1.39E-05 000.5 213.0  66.0 0.012164 0.006994 0.004445 hargrave 2020-11-03 08:55:53 
559.20 132.2 -19.5 132.2 -19.5 2.83E-04 000.4 177.9 -86.5 0.153521 0.118997 0.030664 hargrave 2020-11-03 12:03:18 
565.10 131.1 -19.6 131.1 -19.6 3.02E-04 000.4 160.8 -86.4 0.160670 0.137896 0.034429 hargrave 2020-11-03 15:43:20 
570.10 131.1 -20.0 131.1 -20.0 3.19E-04 000.4 158.5 -86.8 0.166348 0.137826 0.029304 hargrave 2020-11-04 08:57:33 
570.00 290.8  41.3 290.8  41.3 9.36E-06 000.6 219.4  64.3 0.009223 0.004767 0.004115 hargrave 2020-11-04 12:31:31 
575.00 290.5  45.1 290.5  45.1 8.73E-06 000.7 213.5  61.6 0.009647 0.004651 0.003228 hargrave 2020-11-04 15:35:26 
565.20 130.2 -19.8 130.2 -19.8 3.43E-04 000.4 148.5 -86.2 0.185494 0.165865 0.033839 hargrave 2020-11-04 18:57:18 
575.10 130.1 -19.9 130.1 -19.9 3.58E-04 000.4 145.7 -86.3 0.184048 0.168129 0.041303 hargrave 2020-11-05 10:27:17 
580.10 129.6 -20.2 129.6 -20.2 3.73E-04 000.4 137.6 -86.3 0.152727 0.205848 0.036811 hargrave 2020-11-05 13:58:16 
580.00 285.4  40.3 285.4  40.3 6.35E-06 000.7 226.3  61.5 0.008401 0.001968 0.001900 hargrave 2020-11-05 17:31:41 
585.00 285.3  39.4 285.3  39.4 6.57E-06 000.6 228.1  61.9 0.007478 0.003063 0.002054 hargrave 2020-11-06 08:51:19 
575.20 129.8 -19.9 129.8 -19.9 4.02E-04 000.4 142.2 -86.1 0.195904 0.192319 0.040083 hargrave 2020-11-06 12:18:31 
585.10 130.1 -19.8 130.1 -19.8 4.19E-04 000.4 146.5 -86.2 0.215516 0.205528 0.052995 hargrave 2020-11-06 16:43:17 
