AX12- 13a mag compass orientation (IGRF corrected)
      0  32.3  51.0   0.0   0.0   1.0
NRM    295.8  40.3 295.8  40.3 3.35E-04 000.3 252.8  84.9 0.087886 0.132737 0.023444 hargrave 2020-10-12 15:23:35 
100.00 296.5  41.0 296.5  41.0 3.35E-04 000.3 243.6  85.1 0.093926 0.134645 0.021968 hargrave 2020-10-14 10:41:58 
100.10 296.1  40.5 296.1  40.5 3.31E-04 000.3 250.4  85.0 0.086253 0.134307 0.018756 hargrave 2020-10-14 16:03:37 
200.10 296.0  40.1 296.0  40.1 3.27E-04 000.3 255.1  85.0 0.081204 0.139233 0.024735 hargrave 2020-10-15 10:52:41 
200.00 296.1  39.9 296.1  39.9 3.26E-04 000.2 256.9  85.1 0.073380 0.110234 0.024530 hargrave 2020-10-15 13:56:34 
300.00 296.1  39.5 296.1  39.5 3.26E-04 000.3 261.5  85.2 0.073929 0.123485 0.035045 hargrave 2020-10-15 16:35:35 
100.20 295.9  39.5 295.9  39.5 3.23E-04 000.3 261.8  85.0 0.078099 0.139114 0.036498 hargrave 2020-10-16 12:51:03 
300.10 295.8  39.4 295.8  39.4 3.18E-04 000.3 263.6  85.0 0.081492 0.146891 0.046687 hargrave 2020-10-18 13:26:24 
400.10 295.4  39.7 295.4  39.7 3.03E-04 000.3 260.6  84.6 0.102379 0.149618 0.031363 hargrave 2020-10-18 17:00:56 
400.00 295.7  39.6 295.7  39.6 3.03E-04 000.3 261.3  84.8 0.105889 0.132687 0.049247 hargrave 2020-10-19 11:09:06 
450.00 295.7  39.7 295.7  39.7 2.98E-04 000.3 260.6  84.9 0.102763 0.122804 0.048866 hargrave 2020-10-19 14:07:15 
300.20 295.2  40.1 295.2  40.1 2.93E-04 000.3 256.5  84.5 0.107068 0.129911 0.038399 hargrave 2020-10-19 18:00:45 
450.10 295.4  40.1 295.4  40.1 2.87E-04 000.3 256.1  84.5 0.107329 0.097039 0.038763 hargrave 2020-10-20 10:39:48 
475.10 295.6  40.2 295.6  40.2 2.79E-04 000.3 254.6  84.7 0.106627 0.090587 0.035874 hargrave 2020-10-20 14:50:41 
475.00 295.5  39.9 295.5  39.9 2.82E-04 000.3 258.3  84.7 0.124960 0.088227 0.036112 hargrave 2020-10-21 10:41:14 
500.00 295.7  39.5 295.7  39.5 2.79E-04 000.3 262.7  84.9 0.090564 0.112250 0.037346 hargrave 2020-10-21 15:07:31 
450.20 295.5  39.9 295.5  39.9 2.75E-04 000.4 258.6  84.7 0.129337 0.110926 0.034401 hargrave 2020-10-22 10:10:45 
500.10 295.4  39.9 295.4  39.9 2.69E-04 000.3 257.9  84.6 0.090230 0.082212 0.036706 hargrave 2020-10-22 13:57:15 
510.10 295.4  39.8 295.4  39.8 2.66E-04 000.3 258.9  84.6 0.112542 0.105606 0.032470 hargrave 2020-10-22 17:40:24 
510.00 295.5  40.1 295.5  40.1 2.69E-04 000.3 255.6  84.7 0.117933 0.088765 0.035988 hargrave 2020-10-23 12:11:21 
520.00 295.4  39.8 295.4  39.8 2.67E-04 000.3 259.6  84.6 0.095876 0.109802 0.031952 hargrave 2020-10-23 15:15:17 
500.20 294.9  39.3 294.9  39.3 2.56E-04 000.3 264.3  84.2 0.074926 0.101151 0.041401 hargrave 2020-10-25 16:07:10 
520.10 294.6  40.1 294.6  40.1 2.50E-04 000.2 256.9  84.0 0.073076 0.065324 0.035058 hargrave 2020-10-26 10:39:59 
530.10 294.2  40.6 294.2  40.6 2.34E-04 000.2 252.7  83.6 0.068578 0.058367 0.034751 hargrave 2020-10-26 17:32:14 
530.00 294.5  40.6 294.5  40.6 2.48E-04 000.2 252.7  83.8 0.067418 0.062447 0.035594 hargrave 2020-10-27 10:19:10 
540.00 294.4  40.5 294.4  40.5 2.37E-04 000.2 253.7  83.7 0.065785 0.060155 0.034067 hargrave 2020-10-27 13:17:22 
520.20 293.7  40.6 293.7  40.6 2.24E-04 000.2 253.7  83.2 0.067117 0.056065 0.033923 hargrave 2020-10-27 16:16:56 
540.10 293.8  40.9 293.8  40.9 2.10E-04 000.2 250.8  83.2 0.070935 0.051959 0.029919 hargrave 2020-10-28 09:07:44 
550.10 291.0  40.9 291.0  40.9 1.39E-04 000.3 253.8  81.1 0.065156 0.032370 0.017322 hargrave 2020-10-28 13:11:26 
550.00 293.5  40.9 293.5  40.9 1.86E-04 000.3 251.5  83.0 0.068696 0.046589 0.027557 hargrave 2020-10-28 16:29:54 
553.00 293.1  41.0 293.1  41.0 1.86E-04 000.3 251.6  82.7 0.073617 0.049757 0.029928 hargrave 2020-10-29 09:00:19 
540.20 291.0  40.6 291.0  40.6 1.40E-04 000.3 256.0  81.2 0.055810 0.025105 0.019800 hargrave 2020-10-31 09:26:01 
553.10 282.5  44.4 282.5  44.4 6.55E-05 000.3 243.4  74.3 0.029431 0.025984 0.017396 hargrave 2020-10-31 13:18:43 
556.10 281.7  43.3 281.7  43.3 4.42E-05 000.4 247.9  73.9 0.020542 0.019484 0.012508 hargrave 2020-10-31 16:54:52 
556.00 293.7  42.1 293.7  42.1 1.29E-04 000.2 241.6  82.8 0.029663 0.045644 0.018253 hargrave 2020-11-01 08:50:32 
559.00 293.1  42.4 293.1  42.4 1.17E-04 000.2 240.8  82.2 0.027331 0.041220 0.019708 hargrave 2020-11-01 12:01:01 
553.20 136.7 -35.7 136.7 -35.7 2.79E-05 000.4 258.2 -78.1 0.017729 0.006926 0.008402 hargrave 2020-11-01 15:10:07 
559.10 137.4 -34.2 137.4 -34.2 3.95E-05 000.5 253.1 -76.9 0.032672 0.013232 0.011481 hargrave 2020-11-02 09:02:29 
562.10 122.6 -39.5 122.6 -39.5 1.01E-04 000.3 336.7 -89.4 0.033049 0.033053 0.002888 hargrave 2020-11-02 12:37:44 
562.00 293.3  42.3 293.3  42.3 4.77E-05 000.3 241.6  82.4 0.011556 0.018507 0.008582 hargrave 2020-11-02 16:07:08 
565.00 293.4  41.6 293.4  41.6 3.81E-05 000.3 246.1  82.7 0.009469 0.016820 0.006968 hargrave 2020-11-03 09:02:44 
559.20 123.1 -40.1 123.1 -40.1 1.03E-04 000.3 331.2 -88.8 0.036157 0.036756 0.002155 hargrave 2020-11-03 12:13:49 
565.10 123.4 -40.8 123.4 -40.8 1.33E-04 000.3 334.9 -88.0 0.047456 0.049763 0.002111 hargrave 2020-11-03 15:53:51 
570.10 121.6 -41.8 121.6 -41.8 1.71E-04 000.3 010.9 -87.2 0.057783 0.067379 0.006837 hargrave 2020-11-04 09:07:17 
570.00 290.8  37.7 290.8  37.7 1.51E-05 000.3 274.5  80.9 0.002911 0.007088 0.003698 hargrave 2020-11-04 12:38:20 
575.00 290.6  42.1 290.6  42.1 1.18E-05 000.3 247.1  80.6 0.002936 0.005202 0.002092 hargrave 2020-11-04 15:42:17 
565.20 121.0 -41.2 121.0 -41.2 1.77E-04 000.3 024.2 -87.5 0.061331 0.073287 0.006319 hargrave 2020-11-04 19:07:02 
575.10 121.7 -41.2 121.7 -41.2 1.97E-04 000.3 010.8 -87.7 0.071000 0.081285 0.009486 hargrave 2020-11-05 10:37:51 
580.10 121.3 -42.1 121.3 -42.1 2.07E-04 000.3 013.6 -86.8 0.066113 0.084157 0.010674 hargrave 2020-11-05 14:08:50 
580.00 289.0  41.3 289.0  41.3 5.06E-06 000.3 252.8  79.6 0.001730 0.002214 0.001221 hargrave 2020-11-05 17:38:31 
585.00 294.5  29.6 294.5  29.6 5.37E-06 000.4 323.4  78.6 0.001786 0.003227 0.001153 hargrave 2020-11-06 08:58:08 
575.20 120.7 -42.7 120.7 -42.7 2.24E-04 000.3 017.5 -86.1 0.061977 0.085206 0.013674 hargrave 2020-11-06 12:28:13 
585.10 121.9 -41.8 121.9 -41.8 2.33E-04 000.3 006.1 -87.2 0.074662 0.091536 0.009370 hargrave 2020-11-06 16:53:46 
