AX12- 11a mag compass orientation (IGRF corrected)
      0  79.3  64.0   0.0   0.0   1.0
NRM    299.3  46.7 299.3  46.7 3.85E-04 000.4 228.7  45.6 0.116687 0.106628 0.222896 hargrave 2020-10-12 15:19:49 
100.00 299.1  43.8 299.1  43.8 3.84E-04 000.4 232.9  45.9 0.141524 0.180235 0.209857 hargrave 2020-10-14 10:39:08 
100.10 300.4  47.8 300.4  47.8 3.79E-04 000.4 227.0  46.2 0.098684 0.153340 0.192561 hargrave 2020-10-14 15:59:49 
200.10 300.4  47.0 300.4  47.0 3.71E-04 000.3 228.1  46.4 0.085396 0.123262 0.202269 hargrave 2020-10-15 10:48:54 
200.00 300.3  46.7 300.3  46.7 3.70E-04 000.3 228.6  46.4 0.080987 0.115174 0.203934 hargrave 2020-10-15 13:53:50 
300.00 300.4  46.9 300.4  46.9 3.65E-04 000.4 228.2  46.4 0.055131 0.140184 0.203042 hargrave 2020-10-15 16:32:47 
100.20 300.4  46.4 300.4  46.4 3.60E-04 000.4 229.0  46.5 0.076723 0.115944 0.202374 hargrave 2020-10-16 12:47:15 
300.10 299.8  43.6 299.8  43.6 3.53E-04 000.4 233.1  46.5 0.129794 0.119719 0.222038 hargrave 2020-10-18 13:22:38 
400.10 299.7  45.5 299.7  45.5 3.35E-04 000.4 230.4  46.2 0.100032 0.087807 0.184242 hargrave 2020-10-18 16:57:09 
400.00 300.1  45.0 300.1  45.0 3.35E-04 000.4 231.0  46.5 0.069552 0.128495 0.195066 hargrave 2020-10-19 11:04:24 
450.00 300.2  44.0 300.2  44.0 3.28E-04 000.4 232.5  46.7 0.059246 0.146986 0.184387 hargrave 2020-10-19 14:01:48 
300.20 300.9  46.7 300.9  46.7 3.24E-04 000.4 228.4  46.7 0.089051 0.114374 0.174991 hargrave 2020-10-19 17:54:16 
450.10 299.9  47.2 299.9  47.2 3.17E-04 000.4 228.0  46.0 0.080023 0.085348 0.174445 hargrave 2020-10-20 10:33:16 
475.10 299.4  47.3 299.4  47.3 3.05E-04 000.4 227.9  45.6 0.077990 0.098855 0.168381 hargrave 2020-10-20 14:44:09 
475.00 300.8  48.1 300.8  48.1 3.08E-04 000.4 226.5  46.4 0.038020 0.110458 0.165344 hargrave 2020-10-21 10:35:45 
500.00 300.7  48.2 300.7  48.2 3.02E-04 000.4 226.3  46.3 0.083932 0.097006 0.162912 hargrave 2020-10-21 15:02:03 
450.20 299.2  45.8 299.2  45.8 2.95E-04 000.4 230.0  45.7 0.104872 0.117013 0.171579 hargrave 2020-10-22 10:04:15 
500.10 298.4  45.0 298.4  45.0 2.90E-04 000.4 231.3  45.3 0.077048 0.073468 0.161002 hargrave 2020-10-22 13:50:43 
510.10 298.8  47.7 298.8  47.7 2.87E-04 000.4 227.5  45.2 0.102311 0.119201 0.158323 hargrave 2020-10-22 17:33:52 
510.00 300.3  45.9 300.3  45.9 2.88E-04 000.4 229.7  46.5 0.092605 0.104765 0.160535 hargrave 2020-10-23 12:05:47 
520.00 300.2  45.6 300.2  45.6 2.83E-04 000.4 230.2  46.4 0.077425 0.100840 0.150995 hargrave 2020-10-23 15:09:48 
500.20 297.6  44.8 297.6  44.8 2.76E-04 000.4 231.7  44.7 0.070039 0.069284 0.161941 hargrave 2020-10-25 16:01:24 
520.10 296.1  45.2 296.1  45.2 2.70E-04 000.4 231.2  43.6 0.066344 0.058661 0.157097 hargrave 2020-10-26 10:34:19 
530.10 292.4  49.3 292.4  49.3 2.42E-04 000.3 226.2  40.7 0.053924 0.051077 0.149306 hargrave 2020-10-26 17:26:25 
530.00 298.9  42.7 298.9  42.7 2.53E-04 000.4 234.4  45.9 0.089069 0.071536 0.149978 hargrave 2020-10-27 10:13:38 
540.00 298.9  45.7 298.9  45.7 2.34E-04 000.4 230.2  45.6 0.085162 0.075322 0.133834 hargrave 2020-10-27 13:12:35 
520.20 294.2  49.8 294.2  49.8 2.21E-04 000.4 225.3  41.8 0.080353 0.072106 0.131396 hargrave 2020-10-27 16:11:13 
540.10 285.4  49.9 285.4  49.9 2.01E-04 000.5 225.8  36.2 0.081696 0.076403 0.127459 hargrave 2020-10-28 09:02:02 
550.10 250.9  47.5 250.9  47.5 1.27E-04 000.5 223.4  13.6 0.069194 0.044448 0.097326 hargrave 2020-10-28 13:05:35 
550.00 292.8  50.5 292.8  50.5 1.62E-04 000.4 224.5  40.8 0.068043 0.062823 0.098780 hargrave 2020-10-28 16:25:09 
553.00 296.7  49.8 296.7  49.8 1.69E-04 000.4 224.9  43.4 0.051573 0.066225 0.096652 hargrave 2020-10-29 08:55:39 
540.20 258.2  45.7 258.2  45.7 1.26E-04 000.5 227.1  17.6 0.069085 0.033108 0.092298 hargrave 2020-10-31 09:21:16 
553.10 216.8  21.7 216.8  21.7 9.83E-05 000.6 228.4 -23.7 0.069744 0.036816 0.059580 hargrave 2020-10-31 13:13:00 
556.10 209.3  18.4 209.3  18.4 9.87E-05 000.6 225.4 -31.0 0.109496 0.015383 0.055610 hargrave 2020-10-31 16:49:08 
556.00 295.4  47.6 295.4  47.6 1.12E-04 000.5 228.1  42.9 0.095400 0.032205 0.065204 hargrave 2020-11-01 08:45:52 
559.00 296.5  48.2 296.5  48.2 1.03E-04 000.5 227.1  43.5 0.053842 0.039656 0.059867 hargrave 2020-11-01 11:56:22 
553.20 184.7 -11.1 184.7 -11.1 1.35E-04 000.4 227.1 -69.1 0.076503 0.068539 0.024503 hargrave 2020-11-01 15:04:25 
559.10 181.9 -11.2 181.9 -11.2 1.45E-04 000.4 221.2 -71.0 0.075930 0.077904 0.027803 hargrave 2020-11-02 08:56:46 
562.10 175.2 -20.4 175.2 -20.4 1.83E-04 000.4 225.6 -82.2 0.089643 0.089917 0.014442 hargrave 2020-11-02 12:32:03 
562.00 286.1  47.0 286.1  47.0 3.26E-05 000.9 229.4  36.6 0.049159 0.030180 0.021745 hargrave 2020-11-02 16:03:16 
565.00 291.5  47.9 291.5  47.9 2.90E-05 001.4 228.1  40.3 0.066823 0.032747 0.017281 hargrave 2020-11-03 08:58:51 
559.20 173.7 -21.2 173.7 -21.2 1.79E-04 000.4 220.7 -83.7 0.119168 0.064847 0.015527 hargrave 2020-11-03 12:07:18 
565.10 172.7 -22.8 172.7 -22.8 2.16E-04 000.4 224.8 -85.5 0.126094 0.077758 0.016730 hargrave 2020-11-03 15:47:20 
570.10 170.7 -25.1 170.7 -25.1 2.42E-04 000.4 235.3 -88.4 0.116630 0.097530 0.017193 hargrave 2020-11-04 09:01:33 
570.00 278.5  49.2 278.5  49.2 1.48E-05 001.1 226.4  31.7 0.034294 0.005197 0.011291 hargrave 2020-11-04 12:34:28 
575.00 274.6  46.0 274.6  46.0 1.48E-05 001.2 229.8  28.7 0.038135 0.005582 0.009958 hargrave 2020-11-04 15:38:24 
565.20 169.6 -25.4 169.6 -25.4 2.60E-04 000.3 208.7 -89.4 0.115099 0.105756 0.022493 hargrave 2020-11-04 19:01:19 
575.10 169.4 -25.6 169.4 -25.6 2.78E-04 000.3 190.4 -89.6 0.115333 0.107007 0.024962 hargrave 2020-11-05 10:31:18 
580.10 168.7 -26.3 168.7 -26.3 2.91E-04 000.3 056.8 -89.4 0.108630 0.111998 0.028308 hargrave 2020-11-05 14:02:17 
580.00 265.5  37.3 265.5  37.3 1.09E-05 001.3 237.4  20.0 0.030551 0.006161 0.008335 hargrave 2020-11-05 17:34:38 
585.00 274.7  35.4 274.7  35.4 1.03E-05 001.2 241.6  26.7 0.025378 0.006365 0.006831 hargrave 2020-11-06 08:54:16 
575.20 167.8 -26.3 167.8 -26.3 3.25E-04 000.3 076.4 -88.6 0.117857 0.115841 0.031837 hargrave 2020-11-06 12:22:31 
585.10 168.4 -26.5 168.4 -26.5 3.41E-04 000.3 057.3 -89.0 0.115424 0.125076 0.026784 hargrave 2020-11-06 16:47:16 
