AX12- 10a mag compass orientation (IGRF corrected)
      0  74.3  67.0   0.0   0.0   1.0
NRM    296.2  37.6 296.2  37.6 4.11E-04 000.4 238.9  46.5 0.117213 0.142859 0.232690 hargrave 2020-10-12 15:17:50 
100.00 296.6  39.4 296.6  39.4 4.11E-04 000.4 236.3  46.6 0.110651 0.198739 0.218953 hargrave 2020-10-14 10:37:40 
100.10 297.0  38.8 297.0  38.8 4.08E-04 000.4 237.1  47.0 0.061541 0.147713 0.219930 hargrave 2020-10-14 15:57:52 
200.10 296.8  36.6 296.8  36.6 4.02E-04 000.4 240.4  47.1 0.082866 0.183609 0.226337 hargrave 2020-10-15 10:46:57 
200.00 297.0  36.2 297.0  36.2 4.01E-04 000.4 240.9  47.2 0.069248 0.158205 0.224415 hargrave 2020-10-15 13:51:34 
300.00 297.3  37.4 297.3  37.4 3.98E-04 000.4 239.2  47.4 0.062492 0.188078 0.226249 hargrave 2020-10-15 16:31:20 
100.20 297.3  38.4 297.3  38.4 3.94E-04 000.4 237.6  47.3 0.070020 0.155281 0.227190 hargrave 2020-10-16 12:45:18 
300.10 296.8  35.8 296.8  35.8 3.91E-04 000.4 241.5  47.1 0.123276 0.148836 0.238667 hargrave 2020-10-18 13:20:41 
400.10 296.1  33.4 296.1  33.4 3.78E-04 000.4 245.1  46.7 0.109679 0.179796 0.220570 hargrave 2020-10-18 16:55:12 
400.00 296.7  37.1 296.7  37.1 3.78E-04 000.4 239.6  46.9 0.033382 0.180642 0.234930 hargrave 2020-10-19 11:02:56 
450.00 296.3  35.0 296.3  35.0 3.70E-04 000.5 242.7  46.8 0.055832 0.207963 0.233533 hargrave 2020-10-19 14:00:20 
300.20 296.2  35.6 296.2  35.6 3.68E-04 000.5 241.9  46.6 0.100642 0.169368 0.229839 hargrave 2020-10-19 17:52:18 
450.10 295.7  36.5 295.7  36.5 3.63E-04 000.5 240.7  46.2 0.109996 0.169156 0.230641 hargrave 2020-10-20 10:31:18 
475.10 294.9  35.6 294.9  35.6 3.52E-04 000.5 241.9  45.6 0.111210 0.191267 0.230181 hargrave 2020-10-20 14:42:10 
475.00 296.2  38.1 296.2  38.1 3.55E-04 000.4 238.3  46.5 0.064300 0.167730 0.214811 hargrave 2020-10-21 10:34:18 
500.00 296.3  38.2 296.3  38.2 3.48E-04 000.5 238.1  46.5 0.073456 0.167475 0.220220 hargrave 2020-10-21 15:00:35 
450.20 295.1  36.0 295.1  36.0 3.43E-04 000.5 241.4  45.7 0.104071 0.164196 0.220414 hargrave 2020-10-22 10:02:17 
500.10 294.4  36.3 294.4  36.3 3.37E-04 000.5 241.0  45.1 0.101521 0.184173 0.215993 hargrave 2020-10-22 13:48:44 
510.10 294.2  37.8 294.2  37.8 3.32E-04 000.5 238.9  44.9 0.103770 0.144412 0.209527 hargrave 2020-10-22 17:31:53 
510.00 295.7  37.6 295.7  37.6 3.32E-04 000.4 239.0  46.1 0.058127 0.140988 0.205821 hargrave 2020-10-23 12:04:20 
520.00 295.3  34.4 295.3  34.4 3.24E-04 000.4 243.7  46.0 0.058533 0.144084 0.202706 hargrave 2020-10-23 15:08:21 
500.20 293.3  36.2 293.3  36.2 3.14E-04 000.4 241.1  44.3 0.100063 0.118078 0.188371 hargrave 2020-10-25 15:59:26 
520.10 292.1  37.3 292.1  37.3 3.07E-04 000.5 239.6  43.3 0.119772 0.134191 0.205020 hargrave 2020-10-26 10:32:20 
530.10 287.8  35.6 287.8  35.6 2.71E-04 000.5 242.0  39.8 0.099559 0.089680 0.189922 hargrave 2020-10-26 17:24:24 
530.00 294.3  34.4 294.3  34.4 2.85E-04 000.5 243.7  45.1 0.067024 0.133718 0.190378 hargrave 2020-10-27 10:12:11 
540.00 294.2  36.7 294.2  36.7 2.58E-04 000.5 240.4  45.0 0.076890 0.121604 0.169095 hargrave 2020-10-27 13:11:06 
520.20 288.4  37.0 288.4  37.0 2.41E-04 000.5 240.1  40.4 0.079278 0.112543 0.169819 hargrave 2020-10-27 16:09:13 
540.10 281.8  38.4 281.8  38.4 2.21E-04 000.4 238.3  35.1 0.066295 0.060212 0.155843 hargrave 2020-10-28 09:00:04 
550.10 249.9  36.3 249.9  36.3 1.17E-04 000.5 234.7  10.1 0.080982 0.035215 0.089412 hargrave 2020-10-28 13:03:36 
550.00 288.6  37.4 288.6  37.4 1.58E-04 000.6 239.6  40.5 0.100969 0.081552 0.114608 hargrave 2020-10-28 16:23:42 
553.00 292.9  39.5 292.9  39.5 1.58E-04 000.5 236.7  43.8 0.082648 0.055211 0.104395 hargrave 2020-10-29 08:54:12 
540.20 252.2  34.6 252.2  34.6 1.12E-04 000.5 237.0  11.2 0.075136 0.031310 0.075013 hargrave 2020-10-31 09:19:19 
553.10 198.7  06.8 198.7  06.8 9.16E-05 000.6 232.6 -45.0 0.096480 0.035278 0.042572 hargrave 2020-10-31 13:11:02 
556.10 188.3 -02.2 188.3 -02.2 1.00E-04 000.5 231.7 -58.7 0.073555 0.030600 0.032366 hargrave 2020-10-31 16:47:08 
556.00 293.2  40.0 293.2  40.0 7.44E-05 000.6 235.9  43.9 0.052929 0.034078 0.049853 hargrave 2020-11-01 08:44:25 
559.00 293.8  40.5 293.8  40.5 6.25E-05 000.8 235.1  44.3 0.064558 0.033368 0.041385 hargrave 2020-11-01 11:54:56 
553.20 169.3 -16.7 169.3 -16.7 1.42E-04 000.6 218.0 -82.1 0.124577 0.076361 0.018201 hargrave 2020-11-01 15:02:26 
559.10 168.2 -17.8 168.2 -17.8 1.60E-04 000.5 215.6 -83.6 0.114006 0.067139 0.022143 hargrave 2020-11-02 08:54:48 
562.10 163.7 -21.7 163.7 -21.7 1.86E-04 000.3 156.0 -88.6 0.079340 0.076562 0.031455 hargrave 2020-11-02 12:30:05 
562.00 282.8  42.4 282.8  42.4 1.44E-05 001.2 233.3  36.0 0.035129 0.005024 0.010054 hargrave 2020-11-02 16:01:49 
565.00 290.9  38.2 290.9  38.2 1.11E-05 001.0 238.5  42.3 0.021744 0.004180 0.006704 hargrave 2020-11-03 08:57:23 
559.20 162.8 -21.5 162.8 -21.5 1.95E-04 000.3 135.9 -88.0 0.080563 0.083060 0.034486 hargrave 2020-11-03 12:05:20 
565.10 162.5 -22.0 162.5 -22.0 2.15E-04 000.4 121.5 -88.0 0.104455 0.094107 0.039121 hargrave 2020-11-03 15:45:22 
570.10 162.1 -22.2 162.1 -22.2 2.31E-04 000.4 111.4 -87.8 0.113512 0.105633 0.044641 hargrave 2020-11-04 08:59:35 
570.00 278.6  43.0 278.6  43.0 7.62E-06 001.2 232.6  32.9 0.018108 0.002103 0.005410 hargrave 2020-11-04 12:33:01 
575.00 283.6  41.2 283.6  41.2 8.62E-06 001.2 234.9  36.6 0.021374 0.003324 0.005982 hargrave 2020-11-04 15:36:56 
565.20 161.9 -22.1 161.9 -22.1 2.50E-04 000.4 111.3 -87.6 0.122073 0.112896 0.045419 hargrave 2020-11-04 18:59:20 
575.10 161.9 -22.0 161.9 -22.0 2.61E-04 000.3 114.4 -87.5 0.099124 0.112633 0.043260 hargrave 2020-11-05 10:29:20 
580.10 161.3 -22.2 161.3 -22.2 2.74E-04 000.3 104.9 -87.1 0.112361 0.116842 0.040112 hargrave 2020-11-05 14:00:19 
580.00 269.5  33.7 269.5  33.7 5.81E-06 001.3 242.1  24.7 0.015825 0.004364 0.004677 hargrave 2020-11-05 17:33:11 
585.00 286.5  30.5 286.5  30.5 5.37E-06 001.1 248.4  38.4 0.011720 0.003651 0.003097 hargrave 2020-11-06 08:52:49 
575.20 161.2 -21.1 161.2 -21.1 3.03E-04 000.4 122.1 -86.5 0.125057 0.136995 0.047068 hargrave 2020-11-06 12:20:32 
585.10 161.8 -21.5 161.8 -21.5 3.15E-04 000.3 121.6 -87.2 0.117230 0.139981 0.040943 hargrave 2020-11-06 16:45:18 
