AX12- 14a mag compass orientation (IGRF corrected)
      0  18.3  45.0   0.0   0.0   1.0
NRM    299.7  37.7 299.7  37.7 3.05E-04 000.2 053.4  78.8 0.076316 0.094206 0.063991 hargrave 2020-10-12 15:25:29 
100.00 299.5  37.6 299.5  37.6 3.05E-04 000.3 052.5  78.8 0.093899 0.101339 0.061676 hargrave 2020-10-14 10:43:22 
100.10 300.2  37.3 300.2  37.3 3.04E-04 000.3 053.3  78.2 0.094590 0.093569 0.061741 hargrave 2020-10-14 16:05:32 
200.10 300.3  36.9 300.3  36.9 2.98E-04 000.2 052.5  77.9 0.074807 0.080358 0.051578 hargrave 2020-10-15 10:54:35 
200.00 300.2  36.8 300.2  36.8 2.97E-04 000.2 051.7  77.9 0.080099 0.082145 0.057170 hargrave 2020-10-15 13:57:57 
300.00 300.1  37.0 300.1  37.0 2.94E-04 000.2 052.0  78.1 0.085427 0.090203 0.050980 hargrave 2020-10-15 16:36:59 
100.20 299.1  36.2 299.1  36.2 2.87E-04 000.2 046.4  78.0 0.080340 0.080314 0.066158 hargrave 2020-10-16 12:53:53 
300.10 300.0  35.8 300.0  35.8 2.80E-04 000.3 047.9  77.2 0.068909 0.099593 0.035757 hargrave 2020-10-18 13:28:17 
400.10 299.4  36.1 299.4  36.1 2.66E-04 000.3 047.2  77.7 0.066710 0.094915 0.043582 hargrave 2020-10-18 17:02:50 
400.00 300.6  36.9 300.6  36.9 2.66E-04 000.4 053.2  77.7 0.136752 0.123521 0.040984 hargrave 2020-10-19 11:10:32 
450.00 299.5  36.5 299.5  36.5 2.60E-04 000.4 048.5  78.0 0.123781 0.121019 0.049220 hargrave 2020-10-19 14:08:40 
300.20 299.7  36.7 299.7  36.7 2.56E-04 000.4 050.1  78.0 0.113863 0.117058 0.046081 hargrave 2020-10-19 18:02:42 
450.10 300.5  37.1 300.5  37.1 2.49E-04 000.4 053.5  77.9 0.110062 0.110614 0.044414 hargrave 2020-10-20 10:41:44 
475.10 300.8  37.1 300.8  37.1 2.37E-04 000.4 054.3  77.7 0.100113 0.103665 0.039881 hargrave 2020-10-20 14:52:37 
475.00 298.7  36.3 298.7  36.3 2.41E-04 000.4 045.8  78.3 0.140883 0.094154 0.045263 hargrave 2020-10-21 10:42:38 
500.00 300.0  37.0 300.0  37.0 2.37E-04 000.2 051.7  78.1 0.081310 0.026813 0.042943 hargrave 2020-10-21 15:09:46 
450.20 299.7  36.1 299.7  36.1 2.32E-04 000.4 048.0  77.6 0.134566 0.097991 0.047052 hargrave 2020-10-22 10:12:42 
500.10 299.6  35.9 299.6  35.9 2.26E-04 000.4 047.2  77.5 0.121988 0.086572 0.043540 hargrave 2020-10-22 13:59:11 
510.10 299.2  36.1 299.2  36.1 2.24E-04 000.4 046.5  77.8 0.116774 0.083720 0.042487 hargrave 2020-10-22 17:42:20 
510.00 299.8  36.7 299.8  36.7 2.27E-04 000.4 050.0  78.0 0.130962 0.086377 0.041653 hargrave 2020-10-23 12:12:46 
520.00 300.0  36.9 300.0  36.9 2.24E-04 000.4 051.4  78.1 0.130641 0.093498 0.039097 hargrave 2020-10-23 15:16:42 
500.20 299.2  36.2 299.2  36.2 2.15E-04 000.4 046.8  77.9 0.104994 0.082534 0.040757 hargrave 2020-10-25 16:09:06 
520.10 298.5  35.6 298.5  35.6 2.11E-04 000.3 042.9  77.8 0.087620 0.091457 0.040067 hargrave 2020-10-26 10:41:55 
530.10 299.1  35.4 299.1  35.4 2.00E-04 000.3 044.5  77.4 0.080290 0.091399 0.039753 hargrave 2020-10-26 17:34:12 
530.00 297.8  36.2 297.8  36.2 2.12E-04 000.4 042.6  78.7 0.087737 0.098490 0.039027 hargrave 2020-10-27 10:20:34 
540.00 298.2  36.4 298.2  36.4 2.07E-04 000.4 044.4  78.6 0.094911 0.085181 0.034856 hargrave 2020-10-27 13:18:47 
520.20 300.2  36.8 300.2  36.8 1.97E-04 000.4 051.7  77.9 0.095700 0.111698 0.036420 hargrave 2020-10-27 16:18:52 
540.10 299.4  35.9 299.4  35.9 1.87E-04 000.4 046.7  77.6 0.099084 0.066096 0.035045 hargrave 2020-10-28 09:09:42 
550.10 300.2  33.8 300.2  33.8 1.36E-04 000.5 043.3  75.6 0.086254 0.073536 0.030138 hargrave 2020-10-28 13:13:25 
550.00 298.8  36.8 298.8  36.8 1.72E-04 000.5 047.8  78.6 0.102547 0.087064 0.028608 hargrave 2020-10-28 16:31:18 
553.00 298.3  37.2 298.3  37.2 1.68E-04 000.5 047.3  79.2 0.095237 0.091585 0.025471 hargrave 2020-10-29 09:01:44 
540.20 299.6  35.1 299.6  35.1 1.33E-04 000.5 044.8  76.9 0.075270 0.073326 0.026130 hargrave 2020-10-31 09:28:01 
553.10 301.2  31.8 301.2  31.8 8.25E-05 000.6 041.6  73.4 0.078275 0.030156 0.022825 hargrave 2020-10-31 13:20:39 
556.10 306.7  28.3 306.7  28.3 6.39E-05 000.8 047.4  67.8 0.084263 0.027452 0.022954 hargrave 2020-10-31 16:56:49 
556.00 297.6  38.2 297.6  38.2 1.31E-04 000.5 048.8  80.2 0.106309 0.031786 0.019753 hargrave 2020-11-01 08:51:56 
559.00 297.6  38.3 297.6  38.3 1.22E-04 000.5 049.3  80.4 0.098249 0.030693 0.018752 hargrave 2020-11-01 12:02:25 
553.20 316.6  10.1 316.6  10.1 3.15E-05 001.3 043.7  47.5 0.066207 0.044950 0.038421 hargrave 2020-11-01 15:12:03 
559.10 338.9 -12.5 338.9 -12.5 1.79E-05 001.8 051.9  16.5 0.050019 0.003972 0.033540 hargrave 2020-11-02 09:04:25 
562.10 077.8 -55.0 077.8 -55.0 3.96E-05 000.5 051.8 -68.3 0.031425 0.014025 0.026539 hargrave 2020-11-02 12:39:40 
562.00 297.4  38.4 297.4  38.4 8.25E-05 000.5 049.1  80.6 0.068802 0.030601 0.011430 hargrave 2020-11-02 16:08:32 
565.00 297.3  38.7 297.3  38.7 6.60E-05 000.5 049.6  80.8 0.054219 0.027281 0.007859 hargrave 2020-11-03 09:04:09 
559.20 097.4 -53.2 097.4 -53.2 5.60E-05 000.3 036.9 -79.1 0.017968 0.023312 0.024698 hargrave 2020-11-03 12:15:45 
565.10 100.2 -50.8 100.2 -50.8 8.32E-05 000.3 040.4 -82.1 0.020231 0.031263 0.024746 hargrave 2020-11-03 15:55:47 
570.10 105.9 -47.6 105.9 -47.6 1.39E-04 000.3 031.5 -86.9 0.040966 0.055526 0.023992 hargrave 2020-11-04 09:09:12 
570.00 300.1  37.0 300.1  37.0 3.26E-05 000.6 052.1  78.0 0.030503 0.013008 0.004233 hargrave 2020-11-04 12:39:44 
575.00 298.9  34.7 298.9  34.7 2.48E-05 000.7 041.9  76.9 0.026973 0.011554 0.003941 hargrave 2020-11-04 15:43:41 
565.20 107.7 -46.5 107.7 -46.5 1.49E-04 000.3 015.9 -88.5 0.053182 0.062369 0.020224 hargrave 2020-11-04 19:08:57 
575.10 108.4 -46.4 108.4 -46.4 1.84E-04 000.3 356.8 -88.6 0.073996 0.074921 0.022040 hargrave 2020-11-05 10:39:48 
580.10 107.6 -46.5 107.6 -46.5 2.06E-04 000.3 018.3 -88.4 0.070301 0.081501 0.027505 hargrave 2020-11-05 14:10:46 
580.00 301.1  30.4 301.1  30.4 1.05E-05 000.8 039.0  72.3 0.013224 0.005469 0.002682 hargrave 2020-11-05 17:39:56 
585.00 291.2  29.7 291.2  29.7 9.16E-06 000.7 009.5  74.5 0.008663 0.007556 0.001791 hargrave 2020-11-06 08:59:32 
575.20 108.6 -46.0 108.6 -46.0 2.38E-04 000.3 349.0 -89.0 0.078196 0.085769 0.025603 hargrave 2020-11-06 12:30:09 
585.10 108.9 -45.8 108.9 -45.8 2.55E-04 000.3 332.6 -89.1 0.090023 0.095962 0.028090 hargrave 2020-11-06 16:55:41 
