AX13- 7a mag compass orientation (IGRF corrected)
      0 243.0  98.0   0.0   0.0   1.0
NRM    290.4  24.0 290.4  24.0 4.01E-04 000.6 116.6 -46.2 0.180943 0.258131 0.260388 hargrave 2019-12-20 15:47:53 
100.00 290.2  21.7 290.2  21.7 4.01E-04 000.6 113.3 -46.6 0.183674 0.276779 0.251390 hargrave 2019-12-22 11:22:28 
100.10 290.1  20.1 290.1  20.1 4.00E-04 000.5 110.9 -46.8 0.154577 0.244316 0.241655 hargrave 2019-12-22 16:59:38 
200.10 290.3  20.0 290.3  20.0 3.97E-04 000.6 110.8 -47.1 0.169477 0.274689 0.253048 hargrave 2019-12-23 15:55:24 
200.00 290.5  21.9 290.5  21.9 3.96E-04 000.7 113.6 -46.9 0.101011 0.353529 0.332334 hargrave 2019-12-24 14:32:09 
300.00 290.3  21.5 290.3  21.5 3.91E-04 000.7 113.0 -46.7 0.084815 0.354483 0.341924 hargrave 2019-12-25 14:59:14 
100.20 290.7  23.6 290.7  23.6 3.88E-04 000.7 116.0 -46.6 0.140861 0.326070 0.334340 hargrave 2019-12-26 13:49:51 
300.10 290.6  22.0 290.6  22.0 3.89E-04 000.7 113.8 -46.9 0.113482 0.340610 0.341332 hargrave 2019-12-26 17:44:44 
400.10 290.3  18.0 290.3  18.0 3.76E-04 000.6 107.9 -47.3 0.062536 0.261772 0.287129 hargrave 2019-12-27 15:21:56 
400.00 292.1  29.4 292.1  29.4 3.70E-04 000.6 124.7 -46.1 0.073068 0.294885 0.272999 hargrave 2019-12-28 15:09:06 
425.00 289.5  22.4 289.5  22.4 3.64E-04 000.6 114.1 -45.8 0.153989 0.251646 0.235332 hargrave 2019-12-29 13:41:12 
300.20 290.2  23.4 290.2  23.4 3.65E-04 000.5 115.7 -46.2 0.090419 0.227116 0.245136 hargrave 2019-12-29 18:01:16 
425.10 290.9  22.7 290.9  22.7 3.68E-04 000.5 114.9 -47.0 0.118029 0.197750 0.217125 hargrave 2019-12-30 13:55:01 
450.10 293.0  29.2 293.0  29.2 3.64E-04 000.4 124.8 -46.9 0.146756 0.169539 0.180807 hargrave 2019-12-30 20:08:36 
450.00 288.8  20.4 288.8  20.4 3.51E-04 000.3 111.1 -45.6 0.077898 0.107007 0.184515 hargrave 2019-12-31 20:02:28 
475.00 289.7  23.8 289.7  23.8 3.43E-04 000.4 116.0 -45.7 0.113810 0.171265 0.174558 hargrave 2020-01-01 12:44:37 
425.20 290.1  19.4 290.1  19.4 3.51E-04 000.5 110.0 -46.9 0.175827 0.179477 0.162317 hargrave 2020-01-01 16:37:31 
475.10 291.4  19.2 291.4  19.2 3.51E-04 000.4 110.0 -48.1 0.145072 0.155552 0.166657 hargrave 2020-01-02 12:00:30 
500.10 293.2  19.1 293.2  19.1 3.37E-04 000.4 110.3 -49.9 0.136569 0.156102 0.162295 hargrave 2020-01-02 16:14:48 
500.00 290.3  19.9 290.3  19.9 3.11E-04 000.5 110.8 -47.0 0.121964 0.165213 0.169350 hargrave 2020-01-03 13:40:35 
520.00 290.9  23.9 290.9  23.9 2.80E-04 000.5 116.6 -46.7 0.124488 0.172629 0.168979 hargrave 2020-01-03 18:08:38 
475.20 292.6  17.7 292.6  17.7 2.97E-04 000.5 108.0 -49.6 0.151764 0.175337 0.145768 hargrave 2020-01-14 14:29:58 
520.10 296.9  20.5 296.9  20.5 2.94E-04 000.4 113.6 -53.0 0.127410 0.128999 0.127264 hargrave 2020-01-18 13:31:49 
530.10 299.6  19.8 299.6  19.8 2.73E-04 000.5 113.6 -55.6 0.123048 0.158665 0.123461 hargrave 2020-01-18 17:23:46 
530.00 288.4  21.8 288.4  21.8 2.13E-04 000.5 113.0 -44.9 0.054399 0.121541 0.113048 hargrave 2020-01-19 13:27:56 
540.00 287.7  23.3 287.7  23.3 1.70E-04 000.5 114.7 -44.0 0.051020 0.102308 0.088314 hargrave 2020-01-19 16:57:20 
520.20 299.5  19.0 299.5  19.0 2.20E-04 000.4 112.2 -55.7 0.063780 0.107837 0.088949 hargrave 2020-01-20 13:44:15 
540.10 305.0  18.4 305.0  18.4 2.38E-04 000.4 113.8 -60.9 0.074040 0.122784 0.094607 hargrave 2020-01-20 17:45:01 
550.10 308.3  17.3 308.3  17.3 2.20E-04 000.4 113.5 -64.2 0.077059 0.135574 0.074704 hargrave 2020-01-21 11:41:50 
550.00 288.3  21.2 288.3  21.2 1.28E-04 000.5 112.1 -44.9 0.045942 0.086173 0.061666 hargrave 2020-01-21 14:59:37 
555.00 288.6  29.8 288.6  29.8 1.10E-04 000.4 123.8 -43.1 0.035695 0.061521 0.049235 hargrave 2020-01-21 18:34:05 
540.20 308.8  18.4 308.8  18.4 1.95E-04 000.5 116.4 -64.3 0.092626 0.136406 0.062270 hargrave 2020-01-22 13:43:51 
555.10 311.2  16.1 311.2  16.1 2.09E-04 000.4 112.9 -67.2 0.090030 0.125324 0.049177 hargrave 2020-01-23 10:53:29 
560.10 313.2  17.2 313.2  17.2 2.02E-04 000.4 117.5 -68.6 0.064980 0.105081 0.037468 hargrave 2020-01-23 15:16:42 
560.00 286.7  23.7 286.7  23.7 8.91E-05 000.4 115.1 -43.1 0.008950 0.055646 0.036863 hargrave 2020-01-24 09:57:18 
562.00 286.4  21.2 286.4  21.2 8.85E-05 000.4 111.6 -43.2 0.027384 0.054890 0.038611 hargrave 2020-01-24 13:44:34 
555.20 314.0  15.5 314.0  15.5 1.94E-04 000.4 113.9 -70.0 0.072162 0.117613 0.045782 hargrave 2020-01-24 17:53:09 
562.10 314.1  15.9 314.1  15.9 1.98E-04 000.4 114.7 -69.9 0.077289 0.118302 0.034053 hargrave 2020-01-25 13:41:36 
564.10 314.4  14.6 314.4  14.6 1.95E-04 000.4 111.4 -70.6 0.065220 0.102983 0.036568 hargrave 2020-01-25 17:36:13 
564.00 286.2  23.0 286.2  23.0 7.41E-05 000.5 114.1 -42.8 0.020202 0.058369 0.025416 hargrave 2020-01-26 15:19:50 
566.00 286.6  24.6 286.6  24.6 7.39E-05 000.4 116.2 -42.8 0.040731 0.051647 0.028050 hargrave 2020-01-26 18:35:41 
562.20 314.8  14.9 314.8  14.9 1.88E-04 000.4 112.9 -70.9 0.065457 0.094539 0.031512 hargrave 2020-01-27 11:57:55 
566.10 316.1  14.6 316.1  14.6 1.90E-04 000.4 113.2 -72.1 0.089860 0.107186 0.033426 hargrave 2020-01-27 15:45:27 
570.10 319.7  14.1 319.7  14.1 1.82E-04 000.3 116.2 -75.5 0.053812 0.071114 0.017163 hargrave 2020-01-28 12:04:26 
570.00 287.1  22.3 287.1  22.3 5.60E-05 000.7 113.4 -43.7 0.011245 0.067437 0.021653 hargrave 2020-01-28 17:59:34 
575.00 287.2  24.5 287.2  24.5 5.45E-05 000.7 116.3 -43.3 0.009436 0.070322 0.022575 hargrave 2020-01-29 11:30:45 
566.20 318.0  13.6 318.0  13.6 1.81E-04 000.4 112.2 -74.2 0.056247 0.114472 0.024214 hargrave 2020-01-29 15:22:19 
575.10 319.7  11.5 319.7  11.5 1.79E-04 000.5 106.0 -76.4 0.065767 0.126082 0.022531 hargrave 2020-01-30 11:59:58 
580.10 322.6  13.6 322.6  13.6 1.76E-04 000.5 119.8 -78.4 0.079724 0.135393 0.021544 hargrave 2020-01-30 15:51:38 
580.00 287.3  25.6 287.3  25.6 4.35E-05 000.8 117.8 -43.2 0.010252 0.073395 0.015329 hargrave 2020-01-31 11:29:35 
585.00 288.0  26.4 288.0  26.4 4.14E-05 000.5 119.1 -43.6 0.027403 0.036209 0.013997 hargrave 2020-01-31 15:04:23 
575.20 324.3  15.6 324.3  15.6 1.74E-04 000.3 132.7 -78.6 0.053420 0.073877 0.019563 hargrave 2020-01-31 19:03:38 
585.10 323.5  15.0 323.5  15.0 1.76E-04 000.3 127.5 -78.4 0.066665 0.073498 0.016471 hargrave 2020-02-01 13:57:13 
