AX13- 9a mag compass orientation (IGRF corrected)
      0 223.0  90.0   0.0   0.0   1.0
NRM    293.5  24.0 293.5  24.0 7.10E-04 000.6 143.1 -59.5 0.367349 0.389314 0.530506 hargrave 2019-12-20 15:53:49 
100.00 294.0  24.4 294.0  24.4 7.10E-04 000.5 144.3 -59.4 0.288215 0.336687 0.518736 hargrave 2019-12-22 11:25:35 
100.10 294.6  25.0 294.6  25.0 7.09E-04 000.6 146.0 -59.3 0.340938 0.373444 0.566655 hargrave 2019-12-22 17:03:52 
200.10 294.0  24.7 294.0  24.7 7.07E-04 000.5 144.7 -59.2 0.281445 0.377284 0.533569 hargrave 2019-12-23 15:59:31 
200.00 293.6  25.3 293.6  25.3 7.06E-04 000.7 144.9 -58.5 0.290020 0.511641 0.617793 hargrave 2019-12-24 14:35:37 
300.00 298.3  28.3 298.3  28.3 7.00E-04 000.7 154.7 -58.4 0.351242 0.542537 0.577810 hargrave 2019-12-25 15:03:31 
100.20 298.0  28.1 298.0  28.1 6.97E-04 000.7 154.1 -58.5 0.303666 0.538847 0.559441 hargrave 2019-12-26 13:54:19 
300.10 298.7  28.3 298.7  28.3 6.98E-04 000.7 155.4 -58.5 0.279032 0.572348 0.526198 hargrave 2019-12-26 17:50:03 
400.10 297.0  27.3 297.0  27.3 6.82E-04 000.6 151.9 -58.6 0.202018 0.496207 0.485947 hargrave 2019-12-27 15:26:23 
400.00 294.6  26.1 294.6  26.1 6.76E-04 000.6 147.2 -58.4 0.215248 0.497148 0.480930 hargrave 2019-12-28 15:12:31 
425.00 297.9  28.3 297.9  28.3 6.70E-04 000.5 154.2 -58.2 0.188971 0.456217 0.381012 hargrave 2019-12-29 13:44:39 
300.20 297.6  28.1 297.6  28.1 6.71E-04 000.5 153.5 -58.3 0.173014 0.412915 0.334893 hargrave 2019-12-29 18:05:44 
425.10 293.7  25.3 293.7  25.3 6.71E-04 000.4 145.0 -58.5 0.186856 0.387551 0.310694 hargrave 2019-12-30 13:59:30 
450.10 292.3  24.1 292.3  24.1 6.66E-04 000.4 141.7 -58.6 0.194107 0.327684 0.297368 hargrave 2019-12-30 20:13:07 
450.00 290.2  22.9 290.2  22.9 6.55E-04 000.4 137.4 -58.1 0.228483 0.291657 0.221409 hargrave 2019-12-31 20:06:04 
475.00 292.5  24.7 292.5  24.7 6.43E-04 000.4 142.7 -58.3 0.255495 0.306100 0.240364 hargrave 2020-01-01 12:48:06 
425.20 291.5  23.3 291.5  23.3 6.50E-04 000.4 139.5 -58.7 0.284186 0.304877 0.244574 hargrave 2020-01-01 16:42:03 
475.10 292.1  22.9 292.1  22.9 6.48E-04 000.5 139.9 -59.4 0.327214 0.309238 0.264919 hargrave 2020-01-02 12:05:00 
500.10 290.9  20.2 290.9  20.2 6.24E-04 000.4 134.3 -60.4 0.270285 0.222886 0.237719 hargrave 2020-01-02 16:19:18 
500.00 294.3  24.2 294.3  24.2 5.93E-04 000.5 144.5 -59.8 0.258961 0.267628 0.314840 hargrave 2020-01-03 13:44:02 
520.00 295.7  25.0 295.7  25.0 5.54E-04 000.5 147.4 -59.9 0.244196 0.262748 0.335048 hargrave 2020-01-03 18:12:06 
475.20 294.1  22.3 294.1  22.3 5.71E-04 000.5 141.6 -61.1 0.249529 0.253851 0.346706 hargrave 2020-01-14 14:34:27 
520.10 293.8  20.5 293.8  20.5 5.75E-04 000.4 138.6 -62.2 0.250096 0.299366 0.146804 hargrave 2020-01-18 13:36:20 
530.10 295.9  19.9 295.9  19.9 5.40E-04 000.4 140.9 -64.0 0.217795 0.292007 0.161938 hargrave 2020-01-18 17:28:17 
530.00 290.8  23.1 290.8  23.1 4.64E-04 000.4 138.4 -58.4 0.182523 0.245417 0.170892 hargrave 2020-01-19 13:31:23 
540.00 292.1  25.7 292.1  25.7 3.59E-04 000.5 143.5 -57.3 0.159962 0.228797 0.135181 hargrave 2020-01-19 17:00:47 
520.20 295.1  20.5 295.1  20.5 4.20E-04 000.5 140.6 -63.0 0.220763 0.281460 0.131723 hargrave 2020-01-20 13:48:44 
540.10 299.6  15.2 299.6  15.2 4.51E-04 000.4 139.4 -69.9 0.198326 0.269425 0.123017 hargrave 2020-01-20 17:49:31 
550.10 303.9  10.6 303.9  10.6 3.84E-04 000.4 139.9 -76.0 0.180110 0.207911 0.080725 hargrave 2020-01-21 11:46:21 
550.00 292.6  23.8 292.6  23.8 2.10E-04 000.6 141.8 -59.0 0.124561 0.188698 0.076275 hargrave 2020-01-21 15:03:04 
555.00 295.4  30.0 295.4  30.0 1.53E-04 000.6 152.4 -55.6 0.111456 0.114106 0.055338 hargrave 2020-01-21 18:37:32 
540.20 304.6  11.5 304.6  11.5 3.04E-04 000.5 144.3 -75.8 0.135054 0.197431 0.061343 hargrave 2020-01-22 13:48:21 
555.10 307.3  08.1 307.3  08.1 3.52E-04 000.4 145.3 -80.1 0.176667 0.168597 0.041039 hargrave 2020-01-23 10:57:59 
560.10 306.8  06.0 306.8  06.0 3.35E-04 000.4 134.1 -81.4 0.153573 0.190120 0.090255 hargrave 2020-01-23 15:22:01 
560.00 288.0  25.7 288.0  25.7 9.99E-05 000.6 138.7 -54.7 0.061454 0.073539 0.034117 hargrave 2020-01-24 10:00:46 
562.00 289.3  26.6 289.3  26.6 9.91E-05 000.7 141.2 -54.9 0.074473 0.081995 0.036576 hargrave 2020-01-24 13:48:00 
555.20 308.8  03.8 308.8  03.8 3.17E-04 000.4 132.7 -84.3 0.145485 0.162980 0.041417 hargrave 2020-01-24 17:57:39 
562.10 307.6  04.2 307.6  04.2 3.26E-04 000.4 127.5 -83.2 0.164919 0.145167 0.039679 hargrave 2020-01-25 13:46:06 
564.10 309.7  03.3 309.7  03.3 3.15E-04 000.4 134.6 -85.4 0.146187 0.197743 0.036944 hargrave 2020-01-25 17:40:43 
564.00 292.1  28.7 292.1  28.7 5.74E-05 000.4 146.8 -55.0 0.008577 0.034172 0.020246 hargrave 2020-01-26 15:23:17 
566.00 289.6  26.8 289.6  26.8 5.79E-05 000.5 141.8 -55.0 0.008826 0.042389 0.019276 hargrave 2020-01-26 18:39:08 
562.20 309.9  02.3 309.9  02.3 2.96E-04 000.4 126.4 -86.1 0.147097 0.132449 0.024339 hargrave 2020-01-27 12:02:29 
566.10 310.3  01.1 310.3  01.1 3.05E-04 000.4 113.0 -87.1 0.147893 0.156656 0.025346 hargrave 2020-01-27 15:50:00 
570.10 312.9 -00.6 312.9 -00.6 2.94E-04 000.5 006.0 -89.4 0.147571 0.179514 0.040585 hargrave 2020-01-28 12:09:00 
570.00 295.3  25.9 295.3  25.9 2.95E-05 000.8 147.9 -59.0 0.023756 0.037650 0.009231 hargrave 2020-01-28 18:03:02 
575.00 292.9  27.1 292.9  27.1 2.74E-05 000.9 146.2 -56.8 0.021979 0.038130 0.009531 hargrave 2020-01-29 11:34:12 
566.20 312.0 -00.6 312.0 -00.6 2.91E-04 000.4 057.9 -88.8 0.180802 0.133400 0.073497 hargrave 2020-01-29 15:26:49 
575.10 311.7 -02.9 311.7 -02.9 2.91E-04 000.4 023.7 -86.8 0.164544 0.146453 0.036273 hargrave 2020-01-30 12:04:28 
580.10 314.0 -02.4 314.0 -02.4 2.88E-04 000.5 337.9 -87.4 0.147635 0.174539 0.031551 hargrave 2020-01-30 15:56:16 
580.00 294.9  29.7 294.9  29.7 1.79E-05 000.9 151.4 -55.7 0.016764 0.024864 0.006458 hargrave 2020-01-31 11:33:04 
585.00 296.2  31.1 296.2  31.1 1.62E-05 000.9 154.3 -55.1 0.015637 0.023446 0.005968 hargrave 2020-01-31 15:07:51 
575.20 315.1 -01.1 315.1 -01.1 2.87E-04 000.5 296.9 -87.6 0.155374 0.178859 0.039000 hargrave 2020-01-31 19:08:06 
585.10 315.1 -01.5 315.1 -01.5 2.89E-04 000.5 305.8 -87.4 0.158770 0.184961 0.030071 hargrave 2020-02-01 14:01:43 
