AX13- 6a mag compass orientation (IGRF corrected)
      0 241.0  92.0   0.0   0.0   1.0
NRM    290.9  16.3 290.9  16.3 6.49E-04 000.5 112.5 -48.0 0.220306 0.347205 0.387955 hargrave 2019-12-20 15:45:00 
100.00 291.6  16.5 291.6  16.5 6.49E-04 000.5 113.0 -48.6 0.141887 0.350613 0.391497 hargrave 2019-12-22 11:20:59 
100.10 291.9  17.1 291.9  17.1 6.47E-04 000.4 114.0 -48.7 0.136783 0.303966 0.374886 hargrave 2019-12-22 16:57:37 
200.10 292.0  17.4 292.0  17.4 6.43E-04 000.5 114.4 -48.8 0.116051 0.326541 0.394625 hargrave 2019-12-23 15:53:19 
200.00 292.6  19.6 292.6  19.6 6.40E-04 000.6 117.8 -48.6 0.112758 0.461477 0.538484 hargrave 2019-12-24 14:28:24 
300.00 292.7  20.5 292.7  20.5 6.34E-04 000.6 119.2 -48.3 0.155392 0.425978 0.529653 hargrave 2019-12-25 14:55:29 
100.20 292.6  20.5 292.6  20.5 6.30E-04 000.6 119.1 -48.2 0.227205 0.423698 0.539600 hargrave 2019-12-26 13:45:34 
300.10 292.3  19.5 292.3  19.5 6.31E-04 000.6 117.6 -48.3 0.152112 0.447882 0.556725 hargrave 2019-12-26 17:40:29 
400.10 293.1  20.5 293.1  20.5 6.16E-04 000.6 119.4 -48.6 0.049070 0.417436 0.528416 hargrave 2019-12-27 15:17:40 
400.00 293.2  22.5 293.2  22.5 6.10E-04 000.6 122.3 -48.0 0.140341 0.393377 0.481884 hargrave 2019-12-28 15:05:21 
425.00 292.1  20.7 292.1  20.7 6.05E-04 000.5 119.1 -47.7 0.123173 0.355091 0.405838 hargrave 2019-12-29 13:39:35 
300.20 291.6  18.7 291.6  18.7 6.06E-04 000.5 116.0 -47.9 0.185203 0.319618 0.369188 hargrave 2019-12-29 17:57:01 
425.10 292.5  20.4 292.5  20.4 6.09E-04 000.5 119.0 -48.2 0.200834 0.307696 0.353680 hargrave 2019-12-30 13:50:45 
450.10 291.8  18.7 291.8  18.7 6.04E-04 000.5 116.2 -48.1 0.257806 0.276961 0.319849 hargrave 2019-12-30 20:06:28 
450.00 291.7  21.0 291.7  21.0 5.91E-04 000.4 119.4 -47.3 0.254550 0.232278 0.285083 hargrave 2019-12-31 19:59:26 
475.00 292.4  22.3 292.4  22.3 5.80E-04 000.4 121.5 -47.4 0.231230 0.265642 0.276967 hargrave 2020-01-01 12:40:51 
425.20 294.0  23.2 294.0  23.2 5.88E-04 000.5 123.6 -48.3 0.349242 0.288481 0.273733 hargrave 2020-01-01 16:32:24 
475.10 292.4  17.9 292.4  17.9 5.88E-04 000.4 115.4 -49.0 0.303614 0.220164 0.255923 hargrave 2020-01-02 11:56:14 
500.10 293.5  17.0 293.5  17.0 5.71E-04 000.4 114.5 -50.2 0.243738 0.198123 0.259601 hargrave 2020-01-02 16:10:32 
500.00 292.9  20.4 292.9  20.4 5.44E-04 000.5 119.2 -48.5 0.215670 0.253660 0.272071 hargrave 2020-01-03 13:36:50 
520.00 293.4  21.2 293.4  21.2 5.11E-04 000.4 120.5 -48.7 0.140761 0.234125 0.278089 hargrave 2020-01-03 18:04:51 
475.20 294.7  19.2 294.7  19.2 5.29E-04 000.3 118.4 -50.5 0.194880 0.118788 0.281375 hargrave 2020-01-14 14:25:41 
520.10 295.9  18.6 295.9  18.6 5.27E-04 000.5 118.2 -51.8 0.310090 0.286954 0.237945 hargrave 2020-01-18 13:28:21 
530.10 297.9  18.1 297.9  18.1 4.97E-04 000.5 118.6 -53.7 0.240613 0.261441 0.218216 hargrave 2020-01-18 17:19:30 
530.00 291.8  20.8 291.8  20.8 4.29E-04 000.5 119.1 -47.4 0.206012 0.220235 0.204973 hargrave 2020-01-19 13:24:12 
540.00 290.5  18.8 290.5  18.8 3.40E-04 000.5 115.8 -47.0 0.176727 0.166186 0.155186 hargrave 2020-01-19 16:53:36 
520.20 297.2  17.4 297.2  17.4 3.92E-04 000.5 117.1 -53.4 0.214132 0.224940 0.159554 hargrave 2020-01-20 13:40:00 
540.10 302.9  14.5 302.9  14.5 4.25E-04 000.5 115.8 -59.6 0.218345 0.225674 0.143849 hargrave 2020-01-20 17:40:45 
550.10 310.9  14.6 310.9  14.6 3.69E-04 000.5 123.5 -66.5 0.171468 0.227317 0.107351 hargrave 2020-01-21 11:37:34 
550.00 291.9  17.7 291.9  17.7 2.25E-04 000.5 114.8 -48.6 0.100137 0.137373 0.074594 hargrave 2020-01-21 14:55:52 
555.00 290.8  21.3 290.8  21.3 1.75E-04 000.5 119.4 -46.4 0.072406 0.117103 0.076019 hargrave 2020-01-21 18:30:21 
540.20 309.9  14.2 309.9  14.2 3.00E-04 000.5 121.6 -65.9 0.150898 0.192959 0.095251 hargrave 2020-01-22 13:39:34 
555.10 313.6  11.8 313.6  11.8 3.41E-04 000.5 120.3 -70.1 0.161791 0.203126 0.094907 hargrave 2020-01-23 10:49:15 
560.10 316.2  10.7 316.2  10.7 3.22E-04 000.5 121.3 -72.9 0.164524 0.201844 0.104297 hargrave 2020-01-23 15:14:34 
560.00 290.3  21.0 290.3  21.0 1.17E-04 000.5 118.7 -46.0 0.027502 0.093368 0.047006 hargrave 2020-01-24 09:53:33 
562.00 290.4  21.1 290.4  21.1 1.16E-04 000.5 118.9 -46.1 0.031505 0.100077 0.044317 hargrave 2020-01-24 13:40:52 
555.20 317.3  07.7 317.3  07.7 3.03E-04 000.5 113.2 -75.2 0.150263 0.182101 0.067614 hargrave 2020-01-24 17:49:41 
562.10 318.4  09.9 318.4  09.9 3.13E-04 000.4 122.7 -75.2 0.145739 0.155160 0.063387 hargrave 2020-01-25 13:38:07 
564.10 319.0  07.2 319.0  07.2 3.06E-04 000.4 113.9 -77.0 0.136880 0.175925 0.066233 hargrave 2020-01-25 17:32:45 
564.00 291.2  22.7 291.2  22.7 8.53E-05 000.6 121.5 -46.2 0.027323 0.080361 0.031758 hargrave 2020-01-26 15:16:06 
566.00 290.7  21.1 290.7  21.1 8.60E-05 000.6 119.0 -46.4 0.025165 0.077708 0.032422 hargrave 2020-01-26 18:31:56 
562.20 321.3  08.1 321.3  08.1 2.94E-04 000.5 122.7 -78.6 0.150816 0.189536 0.038402 hargrave 2020-01-27 11:53:38 
566.10 322.5  07.5 322.5  07.5 3.01E-04 000.4 123.2 -79.9 0.118628 0.171007 0.042203 hargrave 2020-01-27 15:41:08 
570.10 323.9  05.2 323.9  05.2 2.89E-04 000.4 114.3 -82.2 0.119314 0.173818 0.039277 hargrave 2020-01-28 12:00:10 
570.00 293.2  21.6 293.2  21.6 5.45E-05 000.8 121.1 -48.3 0.017891 0.076495 0.023644 hargrave 2020-01-28 17:55:47 
575.00 291.8  22.2 291.8  22.2 5.19E-05 000.9 121.1 -46.9 0.017317 0.079262 0.024467 hargrave 2020-01-29 11:27:00 
566.20 324.0  06.1 324.0  06.1 2.84E-04 000.3 120.3 -81.9 0.122348 0.126850 0.069951 hargrave 2020-01-29 15:18:01 
575.10 326.0  03.3 326.0  03.3 2.85E-04 000.4 104.9 -84.9 0.099931 0.167793 0.041264 hargrave 2020-01-30 11:55:38 
580.10 328.1  05.2 328.1  05.2 2.80E-04 000.4 138.5 -85.7 0.134862 0.143453 0.032693 hargrave 2020-01-30 15:47:20 
580.00 291.5  21.0 291.5  21.0 3.43E-05 001.2 119.3 -47.1 0.045367 0.056677 0.014581 hargrave 2020-01-31 11:25:49 
585.00 290.0  22.8 290.0  22.8 3.14E-05 000.8 121.0 -45.2 0.006553 0.051259 0.014580 hargrave 2020-01-31 15:01:25 
575.20 326.9  05.7 326.9  05.7 2.78E-04 000.4 131.9 -84.5 0.100658 0.171450 0.024815 hargrave 2020-01-31 18:59:23 
585.10 330.7  06.5 330.7  06.5 2.79E-04 000.3 176.7 -85.5 0.122444 0.116744 0.022925 hargrave 2020-02-01 13:52:57 
