AX15- 8a sun compass orientation
      0  36.2  85.0   0.0   0.0   1.0
NRM    272.8  48.0 272.8  48.0 2.59E-05 001.4 208.0  38.4 0.056444 0.038290 0.015261 hargrave 2019-12-20 16:02:39 
100.00 281.1  52.1 281.1  52.1 2.60E-05 001.4 199.5  38.6 0.054135 0.042647 0.013713 hargrave 2019-12-22 11:30:22 
100.10 279.9  51.3 279.9  51.3 2.56E-05 001.5 200.8  38.8 0.056918 0.045501 0.014801 hargrave 2019-12-22 17:10:10 
200.10 278.4  50.5 278.4  50.5 2.48E-05 001.6 202.4  38.9 0.057092 0.048430 0.015051 hargrave 2019-12-23 16:05:48 
200.00 275.7  47.9 275.7  47.9 2.51E-05 001.1 206.3  39.8 0.048966 0.026759 0.014978 hargrave 2019-12-24 14:41:04 
300.00 279.9  50.2 279.9  50.2 2.42E-05 001.0 201.7  39.7 0.045701 0.026758 0.014298 hargrave 2019-12-25 15:08:57 
100.20 273.7  47.1 273.7  47.1 2.41E-05 001.1 208.3  39.5 0.047061 0.024279 0.015844 hargrave 2019-12-26 14:01:17 
300.10 276.6  49.2 276.6  49.2 2.36E-05 001.0 204.7  39.2 0.043145 0.024672 0.015912 hargrave 2019-12-26 17:57:03 
400.10 275.9  50.0 275.9  50.0 2.13E-05 001.0 204.4  38.3 0.039564 0.021579 0.014669 hargrave 2019-12-27 15:33:22 
400.00 274.5  47.4 274.5  47.4 2.16E-05 001.1 207.5  39.6 0.040241 0.022083 0.015200 hargrave 2019-12-28 15:17:57 
425.00 277.3  49.2 277.3  49.2 2.12E-05 001.0 204.1  39.5 0.036866 0.023667 0.014894 hargrave 2019-12-29 13:50:05 
300.20 274.7  49.3 274.7  49.3 2.06E-05 000.8 205.7  38.3 0.031258 0.013870 0.015073 hargrave 2019-12-29 18:12:42 
425.10 273.9  50.7 273.9  50.7 2.03E-05 000.9 205.0  36.9 0.035446 0.015591 0.014913 hargrave 2019-12-30 14:06:30 
450.10 274.6  51.3 274.6  51.3 1.98E-05 000.9 204.2  36.8 0.033875 0.014062 0.014527 hargrave 2019-12-30 20:21:39 
450.00 273.0  49.3 273.0  49.3 2.00E-05 001.0 206.7  37.5 0.034492 0.015792 0.030983 hargrave 2019-12-31 20:11:42 
475.00 270.4  47.8 270.4  47.8 1.98E-05 001.0 209.6  37.4 0.037432 0.015613 0.028192 hargrave 2020-01-01 12:53:33 
425.20 270.5  49.9 270.5  49.9 1.93E-05 000.9 207.7  36.0 0.037246 0.014018 0.012939 hargrave 2020-01-01 16:50:43 
475.10 272.3  52.2 272.3  52.2 1.91E-05 001.1 204.7  35.1 0.039241 0.020801 0.012680 hargrave 2020-01-02 12:12:03 
500.10 271.9  52.2 271.9  52.2 1.84E-05 001.0 204.9  35.0 0.037491 0.016767 0.012329 hargrave 2020-01-02 16:26:19 
500.00 271.1  47.8 271.1  47.8 1.91E-05 001.1 209.3  37.7 0.040718 0.017691 0.010958 hargrave 2020-01-03 13:49:29 
520.00 269.0  45.7 269.0  45.7 1.88E-05 001.1 212.4  38.0 0.040932 0.015341 0.010292 hargrave 2020-01-03 18:17:32 
475.20 270.8  50.9 270.8  50.9 1.82E-05 000.9 206.7  35.5 0.042595 0.011775 0.010730 hargrave 2020-01-14 14:41:36 
520.10 265.1  48.2 265.1  48.2 1.74E-05 000.9 212.1  34.4 0.029447 0.012392 0.015421 hargrave 2020-01-18 13:43:23 
530.10 266.7  51.5 266.7  51.5 1.68E-05 001.2 208.2  33.2 0.036205 0.015548 0.013145 hargrave 2020-01-18 17:35:18 
530.00 272.1  48.7 272.1  48.7 1.78E-05 001.0 207.8  37.6 0.030929 0.016126 0.013474 hargrave 2020-01-19 13:36:51 
540.00 272.6  48.7 272.6  48.7 1.72E-05 000.9 207.6  37.8 0.029066 0.015192 0.013016 hargrave 2020-01-19 17:06:14 
520.20 264.6  51.9 264.6  51.9 1.61E-05 001.0 208.8  31.9 0.030845 0.013865 0.012403 hargrave 2020-01-20 13:55:45 
540.10 259.4  55.3 259.4  55.3 1.48E-05 001.0 207.9  27.4 0.029526 0.013480 0.012089 hargrave 2020-01-20 17:56:33 
550.10 245.1  61.0 245.1  61.0 1.24E-05 001.1 206.5  18.0 0.026512 0.012339 0.010042 hargrave 2020-01-21 11:53:21 
550.00 271.3  50.0 271.3  50.0 1.43E-05 001.0 207.2  36.3 0.027348 0.012981 0.010709 hargrave 2020-01-21 15:08:31 
555.00 271.9  48.8 271.9  48.8 1.27E-05 001.0 207.9  37.5 0.023300 0.010270 0.009087 hargrave 2020-01-21 18:42:58 
540.20 224.4  62.4 224.4  62.4 1.03E-05 001.2 207.6  08.2 0.025147 0.010973 0.008297 hargrave 2020-01-22 13:55:24 
555.10 184.9  60.8 184.9  60.8 9.76E-06 001.3 205.1 -10.2 0.024440 0.010409 0.007773 hargrave 2020-01-23 11:04:59 
560.10 155.7  41.4 155.7  41.4 9.45E-06 001.3 207.3 -36.3 0.021831 0.007976 0.005268 hargrave 2020-01-23 15:29:04 
560.00 271.1  48.9 271.1  48.9 6.75E-06 001.1 208.3  37.0 0.013390 0.006028 0.004924 hargrave 2020-01-24 10:06:14 
562.00 275.5  50.0 275.5  50.0 6.23E-06 001.0 204.7  38.1 0.011684 0.005883 0.004645 hargrave 2020-01-24 13:53:25 
555.20 138.4  21.4 138.4  21.4 1.12E-05 001.0 204.0 -61.0 0.017403 0.007980 0.003095 hargrave 2020-01-24 18:05:28 
562.10 139.5  11.4 139.5  11.4 1.27E-05 000.8 219.0 -68.9 0.016430 0.006640 0.002825 hargrave 2020-01-25 13:53:57 
564.10 131.9  02.5 131.9  02.5 1.65E-05 000.6 217.4 -80.6 0.014134 0.008232 0.003336 hargrave 2020-01-25 17:48:32 
564.00 269.4  45.7 269.4  45.7 2.00E-06 001.0 212.2  38.3 0.003758 0.001772 0.001579 hargrave 2020-01-26 15:28:44 
566.00 269.9  47.4 269.9  47.4 2.01E-06 001.1 210.3  37.4 0.004253 0.001698 0.001334 hargrave 2020-01-26 18:45:20 
562.20 130.7 -01.6 130.7 -01.6 1.92E-05 000.5 233.2 -84.3 0.012996 0.009462 0.004119 hargrave 2020-01-27 12:10:20 
566.10 128.8 -01.5 128.8 -01.5 2.03E-05 000.5 216.4 -85.6 0.013695 0.010508 0.004596 hargrave 2020-01-27 15:58:02 
570.10 129.5 -04.0 129.5 -04.0 2.24E-05 000.4 253.6 -86.6 0.012905 0.011355 0.004559 hargrave 2020-01-28 12:16:04 
570.00 256.2  56.2 256.2  56.2 1.26E-06 001.2 208.2  25.4 0.002600 0.001388 0.000965 hargrave 2020-01-28 18:08:32 
575.00 266.6  50.0 266.6  50.0 1.37E-06 001.2 209.6  34.0 0.003113 0.001261 0.001208 hargrave 2020-01-29 11:39:39 
566.20 128.8 -03.3 128.8 -03.3 2.45E-05 000.4 236.9 -86.8 0.014637 0.012043 0.008312 hargrave 2020-01-29 15:34:41 
575.10 127.9 -05.0 127.9 -05.0 2.55E-05 000.4 268.4 -88.3 0.014019 0.013138 0.005836 hargrave 2020-01-30 12:11:29 
580.10 128.8 -03.0 128.8 -03.0 2.63E-05 000.4 232.3 -86.7 0.015597 0.012932 0.006207 hargrave 2020-01-30 16:04:16 
580.00 267.6  53.1 267.6  53.1 1.12E-06 001.4 206.3  32.4 0.003139 0.001280 0.000828 hargrave 2020-01-31 11:38:33 
585.00 269.6  47.5 269.6  47.5 1.06E-06 001.3 210.3  37.2 0.002810 0.001125 0.001077 hargrave 2020-01-31 15:13:19 
575.20 129.6 -02.8 129.6 -02.8 2.88E-05 000.4 237.3 -86.0 0.016649 0.013501 0.007055 hargrave 2020-01-31 19:15:04 
585.10 128.6 -03.8 128.6 -03.8 2.97E-05 000.4 243.2 -87.3 0.017121 0.015073 0.007585 hargrave 2020-02-01 14:09:34 
