AX15- 6a sun compass orientation
      0  34.5  84.0   0.0   0.0   1.0
NRM    274.4  42.9 274.4  42.9 1.90E-05 000.9 211.1  44.5 0.034774 0.011277 0.008900 hargrave 2019-12-20 15:56:47 
100.00 275.0  41.1 275.0  41.1 1.91E-05 002.3 212.3  46.1 0.079930 0.029083 0.010636 hargrave 2019-12-22 11:27:13 
100.10 277.9  42.3 277.9  42.3 1.89E-05 002.4 208.9  46.7 0.079402 0.033379 0.010853 hargrave 2019-12-22 17:06:00 
200.10 275.8  40.5 275.8  40.5 1.82E-05 002.4 212.4  47.0 0.075774 0.031573 0.009862 hargrave 2019-12-23 16:01:39 
200.00 283.5  44.6 283.5  44.6 1.83E-05 002.4 202.1  47.3 0.076232 0.037880 0.011410 hargrave 2019-12-24 14:37:25 
300.00 284.5  44.7 284.5  44.7 1.78E-05 002.4 201.1  47.5 0.073483 0.035572 0.012132 hargrave 2019-12-25 15:05:19 
100.20 297.1  47.9 297.1  47.9 1.77E-05 002.5 187.4  47.6 0.071489 0.046346 0.013439 hargrave 2019-12-26 13:56:37 
300.10 295.0  48.2 295.0  48.2 1.73E-05 002.5 189.3  47.0 0.071694 0.044899 0.013353 hargrave 2019-12-26 17:52:23 
400.10 292.1  49.1 292.1  49.1 1.58E-05 002.7 191.6  45.6 0.069787 0.042770 0.013282 hargrave 2019-12-27 15:28:42 
400.00 271.3  38.1 271.3  38.1 1.60E-05 002.7 218.4  46.0 0.074720 0.033484 0.011184 hargrave 2019-12-28 15:14:19 
425.00 274.2  39.6 274.2  39.6 1.58E-05 002.7 214.6  46.8 0.071562 0.034999 0.011347 hargrave 2019-12-29 13:46:26 
300.20 308.5  49.7 308.5  49.7 1.54E-05 002.5 176.2  46.2 0.061796 0.042535 0.015632 hargrave 2019-12-29 18:08:03 
425.10 271.0  39.3 271.0  39.3 1.49E-05 002.8 217.2  45.0 0.070857 0.032611 0.012984 hargrave 2019-12-30 14:01:49 
450.10 286.7  48.7 286.7  48.7 1.46E-05 002.7 196.5  44.7 0.067484 0.035935 0.014532 hargrave 2019-12-30 20:15:26 
450.00 275.6  41.9 275.6  41.9 1.46E-05 002.6 211.1  45.8 0.069337 0.034727 0.008550 hargrave 2019-12-31 20:07:57 
475.00 271.6  38.8 271.6  38.8 1.45E-05 002.7 217.4  45.8 0.071910 0.032788 0.007364 hargrave 2020-01-01 12:49:54 
425.20 273.0  42.9 273.0  42.9 1.39E-05 002.7 212.1  43.8 0.070882 0.033661 0.007525 hargrave 2020-01-01 16:44:22 
475.10 272.0  43.7 272.0  43.7 1.36E-05 002.8 212.0  42.7 0.072214 0.034025 0.007544 hargrave 2020-01-02 12:07:21 
500.10 274.9  46.7 274.9  46.7 1.32E-05 002.8 207.1  42.0 0.072642 0.032465 0.007125 hargrave 2020-01-02 16:21:37 
500.00 274.7  43.4 274.7  43.4 1.38E-05 002.7 210.3  44.4 0.072733 0.032129 0.006569 hargrave 2020-01-03 13:45:50 
520.00 273.4  45.4 273.4  45.4 1.41E-05 002.7 209.3  42.3 0.073976 0.031999 0.007146 hargrave 2020-01-03 18:13:54 
475.20 271.8  43.8 271.8  43.8 1.31E-05 002.9 211.9  42.6 0.073414 0.032303 0.006533 hargrave 2020-01-14 14:36:47 
520.10 274.0  46.6 274.0  46.6 1.27E-05 000.9 207.9  41.7 0.022230 0.010380 0.008461 hargrave 2020-01-18 13:38:40 
530.10 271.9  45.9 271.9  45.9 1.22E-05 003.0 209.9  41.2 0.068297 0.035565 0.007500 hargrave 2020-01-18 17:30:36 
530.00 279.0  45.0 279.0  45.0 1.30E-05 002.8 205.6  45.1 0.067338 0.036530 0.007667 hargrave 2020-01-19 13:33:13 
540.00 278.9  45.1 278.9  45.1 1.27E-05 002.8 205.5  45.0 0.066949 0.035447 0.007228 hargrave 2020-01-19 17:02:35 
520.20 268.0  44.8 268.0  44.8 1.15E-05 003.1 213.4  39.9 0.066181 0.033716 0.007023 hargrave 2020-01-20 13:51:04 
540.10 283.6  56.5 283.6  56.5 1.12E-05 002.8 194.3  36.8 0.063784 0.036454 0.007244 hargrave 2020-01-20 17:51:51 
550.10 257.4  56.5 257.4  56.5 9.55E-06 003.4 207.1  27.4 0.066563 0.036737 0.006644 hargrave 2020-01-21 11:48:40 
550.00 278.3  45.8 278.3  45.8 1.12E-05 003.1 205.4  44.2 0.063364 0.035112 0.006730 hargrave 2020-01-21 15:04:53 
555.00 287.5  48.8 287.5  48.8 1.02E-05 003.2 195.7  44.8 0.060955 0.034732 0.005863 hargrave 2020-01-21 18:39:20 
540.20 255.1  64.2 255.1  64.2 7.84E-06 003.8 200.9  22.1 0.063750 0.036497 0.005747 hargrave 2020-01-22 13:50:41 
555.10 218.2  66.3 218.2  66.3 7.20E-06 001.2 203.8  07.0 0.018373 0.008286 0.005615 hargrave 2020-01-23 11:00:18 
560.10 166.0  54.7 166.0  54.7 6.06E-06 001.3 204.1 -20.2 0.014098 0.006482 0.004089 hargrave 2020-01-23 15:24:23 
560.00 276.4  43.3 276.4  43.3 6.62E-06 005.0 209.1  45.3 0.058748 0.033420 0.003628 hargrave 2020-01-24 10:02:35 
562.00 277.5  42.7 277.5  42.7 6.56E-06 004.9 208.9  46.3 0.056550 0.032017 0.003722 hargrave 2020-01-24 13:49:48 
555.20 151.5  26.3 151.5  26.3 7.06E-06 001.3 217.9 -48.4 0.015614 0.005236 0.003606 hargrave 2020-01-24 18:00:48 
562.10 145.5  20.4 145.5  20.4 8.06E-06 001.1 217.5 -56.4 0.015114 0.004542 0.003379 hargrave 2020-01-25 13:49:15 
564.10 135.4  05.6 135.4  05.6 1.10E-05 000.7 223.4 -74.0 0.012061 0.005227 0.001807 hargrave 2020-01-25 17:43:51 
564.00 272.6  41.7 272.6  41.7 2.59E-06 001.0 213.5  44.4 0.004720 0.002031 0.001447 hargrave 2020-01-26 15:25:06 
566.00 270.4  41.6 270.4  41.6 2.67E-06 001.0 215.2  43.3 0.005288 0.001855 0.001500 hargrave 2020-01-26 18:41:43 
562.20 129.8 -00.8 129.8 -00.8 1.35E-05 000.5 225.8 -82.6 0.009376 0.005927 0.002005 hargrave 2020-01-27 12:05:38 
566.10 130.6 -01.0 130.6 -01.0 1.45E-05 000.5 231.0 -82.2 0.010845 0.008296 0.002298 hargrave 2020-01-27 15:53:14 
570.10 129.5 -06.7 129.5 -06.7 1.73E-05 001.9 277.8 -85.0 0.033877 0.046720 0.002189 hargrave 2020-01-28 12:11:19 
570.00 253.3  48.1 253.3  48.1 1.06E-06 001.2 216.7  29.6 0.002682 0.000835 0.000735 hargrave 2020-01-28 18:04:51 
575.00 258.1  42.5 258.1  42.5 1.15E-06 001.5 220.7  35.2 0.003501 0.001021 0.000897 hargrave 2020-01-29 11:36:01 
566.20 126.5 -05.2 126.5 -05.2 1.94E-05 000.3 249.0 -87.9 0.008488 0.007402 0.003848 hargrave 2020-01-29 15:29:59 
575.10 126.3 -06.9 126.3 -06.9 2.08E-05 001.6 297.4 -87.9 0.033446 0.047147 0.002701 hargrave 2020-01-30 12:06:48 
580.10 127.7 -06.6 127.7 -06.6 2.15E-05 000.4 280.1 -86.7 0.010644 0.010196 0.003261 hargrave 2020-01-30 15:59:26 
580.00 279.3  48.0 279.3  48.0 1.06E-06 001.2 202.9  42.9 0.002435 0.001112 0.000634 hargrave 2020-01-31 11:34:52 
585.00 265.7  42.0 265.7  42.0 9.60E-07 001.3 217.5  40.2 0.002541 0.000846 0.000672 hargrave 2020-01-31 15:09:39 
575.20 129.6 -05.3 129.6 -05.3 2.39E-05 001.4 262.8 -84.9 0.033978 0.045615 0.003929 hargrave 2020-01-31 19:10:25 
585.10 127.8 -05.0 127.8 -05.0 2.51E-05 000.4 253.5 -86.5 0.013829 0.011658 0.004078 hargrave 2020-02-01 14:04:51 
