AX16- 13a mag compass orientation (IGRF corrected)
      0  44.3  48.0   0.0   0.0   1.0
NRM    280.4  37.5 280.4  37.5 2.72E-05 000.5 268.4  63.8 0.016344 0.020227 0.009435 hargrave 2020-10-12 15:41:02 
100.00 281.5  35.4 281.5  35.4 2.72E-05 000.5 273.7  63.8 0.013997 0.021581 0.009506 hargrave 2020-10-14 10:55:19 
100.10 281.9  35.2 281.9  35.2 2.68E-05 000.5 274.4  63.9 0.012441 0.021599 0.009437 hargrave 2020-10-14 16:21:06 
200.10 280.7  35.7 280.7  35.7 2.64E-05 000.5 272.3  63.3 0.013307 0.021077 0.010010 hargrave 2020-10-15 11:10:04 
200.00 280.1  37.0 280.1  37.0 2.65E-05 000.6 269.4  63.3 0.018106 0.020318 0.010256 hargrave 2020-10-15 14:11:27 
300.00 280.0  36.3 280.0  36.3 2.59E-05 000.6 270.6  63.0 0.017415 0.021089 0.010421 hargrave 2020-10-15 16:50:40 
100.20 280.3  35.2 280.3  35.2 2.58E-05 000.6 273.2  62.7 0.015547 0.021362 0.010152 hargrave 2020-10-16 13:10:12 
300.10 279.7  34.4 279.7  34.4 2.52E-05 000.5 274.2  62.0 0.011187 0.019774 0.011561 hargrave 2020-10-18 13:44:33 
400.10 279.4  33.1 279.4  33.1 2.36E-05 000.6 276.4  61.2 0.010893 0.021116 0.010613 hargrave 2020-10-18 17:19:53 
400.00 279.5  35.0 279.5  35.0 2.40E-05 000.5 272.9  62.1 0.014254 0.018836 0.010456 hargrave 2020-10-19 11:24:02 
450.00 279.9  34.1 279.9  34.1 2.31E-05 000.6 274.9  62.0 0.012316 0.019877 0.009934 hargrave 2020-10-19 14:23:51 
300.20 278.6  35.3 278.6  35.3 2.27E-05 000.5 271.7  61.5 0.011355 0.019632 0.009443 hargrave 2020-10-19 18:20:29 
450.10 277.8  35.3 277.8  35.3 2.19E-05 000.6 271.2  60.9 0.013125 0.019142 0.009568 hargrave 2020-10-20 10:59:42 
475.10 277.1  34.8 277.1  34.8 2.10E-05 000.6 271.5  60.2 0.012177 0.017593 0.009073 hargrave 2020-10-20 15:09:43 
475.00 279.3  34.7 279.3  34.7 2.18E-05 000.5 273.3  61.8 0.012684 0.017500 0.008575 hargrave 2020-10-21 10:56:04 
500.00 279.6  33.3 279.6  33.3 2.12E-05 000.6 276.2  61.4 0.011115 0.018700 0.009893 hargrave 2020-10-21 15:24:01 
450.20 278.1  33.1 278.1  33.1 2.03E-05 000.5 275.4  60.2 0.008954 0.018006 0.008946 hargrave 2020-10-22 10:28:06 
500.10 276.5  34.5 276.5  34.5 1.99E-05 000.5 271.6  59.6 0.011276 0.016220 0.009549 hargrave 2020-10-22 14:16:17 
510.10 277.0  32.9 277.0  32.9 1.96E-05 000.5 274.9  59.3 0.008592 0.017154 0.009105 hargrave 2020-10-22 17:59:25 
510.00 278.7  34.1 278.7  34.1 2.05E-05 000.6 274.1  61.1 0.011196 0.017844 0.008687 hargrave 2020-10-23 12:27:04 
520.00 278.7  34.2 278.7  34.2 2.03E-05 000.6 273.8  61.1 0.012355 0.016555 0.008313 hargrave 2020-10-23 15:30:53 
500.20 276.3  33.7 276.3  33.7 1.90E-05 000.5 273.0  59.1 0.010357 0.016305 0.008819 hargrave 2020-10-25 16:25:24 
520.10 275.1  34.7 275.1  34.7 1.85E-05 000.6 270.3  58.7 0.012549 0.016467 0.008704 hargrave 2020-10-26 10:57:18 
530.10 275.4  31.6 275.4  31.6 1.80E-05 000.6 275.7  57.5 0.008624 0.017854 0.009268 hargrave 2020-10-26 17:50:33 
530.00 278.7  33.5 278.7  33.5 1.96E-05 000.6 275.2  60.8 0.012289 0.017196 0.008567 hargrave 2020-10-27 10:32:21 
540.00 278.6  33.8 278.6  33.8 1.92E-05 000.6 274.5  60.9 0.013669 0.017863 0.008576 hargrave 2020-10-27 13:30:41 
520.20 274.7  33.2 274.7  33.2 1.77E-05 000.7 272.6  57.7 0.012982 0.017268 0.008470 hargrave 2020-10-27 16:34:20 
540.10 274.5  32.7 274.5  32.7 1.71E-05 000.7 273.3  57.3 0.011538 0.017291 0.008701 hargrave 2020-10-28 09:25:16 
550.10 272.7  31.3 272.7  31.3 1.58E-05 000.7 274.2  55.4 0.011247 0.015786 0.008144 hargrave 2020-10-28 13:29:50 
550.00 277.8  33.0 277.8  33.0 1.81E-05 000.7 275.3  59.9 0.013040 0.017506 0.008485 hargrave 2020-10-28 16:43:54 
553.00 278.9  31.3 278.9  31.3 1.74E-05 000.7 279.1  59.9 0.009676 0.018457 0.007804 hargrave 2020-10-29 09:14:21 
540.20 271.0  31.2 271.0  31.2 1.47E-05 000.7 273.0  54.1 0.011404 0.015724 0.007509 hargrave 2020-10-31 09:44:27 
553.10 266.8  30.6 266.8  30.6 1.35E-05 000.7 270.9  50.6 0.012191 0.013897 0.007953 hargrave 2020-10-31 13:36:58 
556.10 265.0  28.8 265.0  28.8 1.15E-05 000.7 272.1  48.4 0.010083 0.013640 0.006821 hargrave 2020-10-31 17:13:08 
556.00 276.1  34.3 276.1  34.3 1.51E-05 000.6 271.8  59.3 0.011981 0.012599 0.006790 hargrave 2020-11-01 09:03:45 
559.00 276.5  34.5 276.5  34.5 1.38E-05 000.6 271.6  59.6 0.010497 0.011447 0.006229 hargrave 2020-11-01 12:14:55 
553.20 259.8  24.6 259.8  24.6 9.05E-06 000.8 273.4  42.1 0.009306 0.011820 0.005939 hargrave 2020-11-01 15:28:17 
559.10 248.5  19.3 248.5  19.3 7.17E-06 001.0 270.9  30.6 0.010183 0.011687 0.005924 hargrave 2020-11-02 09:19:52 
562.10 234.9  06.4 234.9  06.4 5.47E-06 001.1 272.3  12.2 0.009263 0.008208 0.004861 hargrave 2020-11-02 12:55:03 
562.00 276.7  35.2 276.7  35.2 1.05E-05 000.6 270.6  60.1 0.008386 0.008962 0.004705 hargrave 2020-11-02 16:21:55 
565.00 277.7  32.4 277.7  32.4 7.55E-06 000.6 276.3  59.5 0.004902 0.006195 0.003982 hargrave 2020-11-03 09:16:02 
559.20 193.7 -29.4 193.7 -29.4 4.77E-06 001.1 275.2 -41.2 0.006535 0.006320 0.003929 hargrave 2020-11-03 12:31:12 
565.10 168.1 -35.7 168.1 -35.7 6.79E-06 000.7 267.8 -63.1 0.006649 0.003654 0.003038 hargrave 2020-11-03 16:12:06 
570.10 140.9 -40.2 140.9 -40.2 1.15E-05 000.3 252.4 -84.7 0.005506 0.004012 0.017572 hargrave 2020-11-04 09:26:17 
570.00 274.0  35.8 274.0  35.8 3.15E-06 000.6 267.7  58.3 0.002326 0.001979 0.001763 hargrave 2020-11-04 12:51:29 
575.00 279.1  32.9 279.1  32.9 1.52E-06 000.7 276.5  60.9 0.001006 0.001544 0.000742 hargrave 2020-11-04 15:55:28 
565.20 136.9 -41.7 136.9 -41.7 1.40E-05 000.3 263.4 -88.0 0.006268 0.005227 0.011740 hargrave 2020-11-04 19:25:10 
575.10 135.2 -40.3 135.2 -40.3 1.72E-05 000.3 203.2 -88.2 0.006140 0.005679 0.012844 hargrave 2020-11-05 10:56:54 
580.10 132.5 -40.8 132.5 -40.8 1.94E-05 000.3 130.8 -88.2 0.005377 0.006671 0.013362 hargrave 2020-11-05 14:27:09 
580.00 288.7  44.0 288.7  44.0 5.95E-07 001.7 255.1  71.2 0.001049 0.001436 0.000820 hargrave 2020-11-05 17:51:40 
585.00 262.3  46.2 262.3  46.2 6.08E-07 001.3 245.2  53.1 0.000869 0.001281 0.000636 hargrave 2020-11-06 09:11:16 
575.20 132.1 -43.7 132.1 -43.7 2.43E-05 000.2 041.9 -87.7 0.004626 0.006788 0.014660 hargrave 2020-11-06 12:47:07 
585.10 132.9 -42.2 132.9 -42.2 2.64E-05 000.2 077.3 -88.9 0.007041 0.008419 0.015032 hargrave 2020-11-06 17:11:53 
