AX16- 10a mag compass orientation (IGRF corrected)
      0  58.3  59.0   0.0   0.0   1.0
NRM    282.9  40.8 282.9  40.8 4.83E-05 000.6 242.0  52.4 0.014070 0.028649 0.041392 hargrave 2020-10-12 15:34:55 
100.00 283.2  41.3 283.2  41.3 4.82E-05 000.6 241.2  52.6 0.022609 0.034414 0.023090 hargrave 2020-10-14 10:50:45 
100.10 283.6  40.0 283.6  40.0 4.79E-05 000.5 243.4  52.9 0.018169 0.034552 0.023509 hargrave 2020-10-14 16:14:59 
200.10 283.7  40.3 283.7  40.3 4.72E-05 000.5 242.8  53.0 0.017511 0.031710 0.024926 hargrave 2020-10-15 11:03:58 
200.00 283.8  38.6 283.8  38.6 4.73E-05 000.6 245.8  53.1 0.023810 0.033001 0.025809 hargrave 2020-10-15 14:06:55 
300.00 283.3  39.7 283.3  39.7 4.69E-05 001.0 243.9  52.7 0.067279 0.059055 0.024074 hargrave 2020-10-15 16:46:06 
100.20 283.2  39.7 283.2  39.7 4.66E-05 000.9 243.8  52.6 0.062106 0.044295 0.026328 hargrave 2020-10-16 13:04:07 
300.10 282.5  41.2 282.5  41.2 4.54E-05 001.0 241.4  52.0 0.061810 0.049324 0.028708 hargrave 2020-10-18 13:38:28 
400.10 281.1  38.8 281.1  38.8 4.11E-05 000.7 245.1  51.0 0.055295 0.025450 0.024396 hargrave 2020-10-18 17:13:47 
400.00 283.0  39.9 283.0  39.9 4.22E-05 000.8 243.5  52.4 0.057218 0.025842 0.022534 hargrave 2020-10-19 11:19:41 
450.00 283.0  37.0 283.0  37.0 3.97E-05 000.8 248.2  52.3 0.054573 0.026556 0.021858 hargrave 2020-10-19 14:19:33 
300.20 282.1  37.4 282.1  37.4 3.90E-05 000.7 247.5  51.7 0.051274 0.027464 0.022193 hargrave 2020-10-19 18:14:39 
450.10 279.9  38.3 279.9  38.3 3.68E-05 000.8 245.9  50.0 0.053108 0.027591 0.022903 hargrave 2020-10-20 10:53:47 
475.10 278.4  36.1 278.4  36.1 3.44E-05 000.8 249.0  48.5 0.045397 0.030569 0.021455 hargrave 2020-10-20 15:03:48 
475.00 282.6  38.0 282.6  38.0 3.64E-05 000.8 246.6  52.0 0.052213 0.029619 0.021803 hargrave 2020-10-21 10:51:45 
500.00 282.2  38.2 282.2  38.2 3.46E-05 000.9 246.2  51.8 0.052586 0.030878 0.020802 hargrave 2020-10-21 15:19:43 
450.20 279.0  35.9 279.0  35.9 3.26E-05 000.8 249.5  49.0 0.040951 0.031662 0.018471 hargrave 2020-10-22 10:22:15 
500.10 276.0  38.3 276.0  38.3 3.11E-05 000.9 245.4  46.9 0.048081 0.033114 0.018719 hargrave 2020-10-22 14:10:24 
510.10 275.8  36.3 275.8  36.3 3.06E-05 000.9 248.2  46.5 0.046014 0.030308 0.019535 hargrave 2020-10-22 17:53:33 
510.00 281.9  37.2 281.9  37.2 3.24E-05 000.9 247.9  51.5 0.049566 0.033529 0.017891 hargrave 2020-10-23 12:22:44 
520.00 281.8  38.5 281.8  38.5 3.18E-05 000.9 245.7  51.5 0.049753 0.031264 0.018836 hargrave 2020-10-23 15:26:36 
500.20 274.7  36.8 274.7  36.8 2.84E-05 000.9 247.4  45.7 0.044184 0.035931 0.028281 hargrave 2020-10-25 16:19:32 
520.10 272.4  37.3 272.4  37.3 2.77E-05 000.9 246.3  44.0 0.047646 0.009601 0.018336 hargrave 2020-10-26 10:51:27 
530.10 270.9  36.6 270.9  36.6 2.62E-05 000.8 246.8  42.7 0.041949 0.007527 0.018558 hargrave 2020-10-26 17:44:40 
530.00 281.0  36.2 281.0  36.2 3.03E-05 000.8 249.3  50.6 0.041836 0.011716 0.017062 hargrave 2020-10-27 10:28:04 
540.00 280.9  37.1 280.9  37.1 2.95E-05 000.9 247.8  50.6 0.047763 0.013150 0.016672 hargrave 2020-10-27 13:26:20 
520.20 271.6  37.0 271.6  37.0 2.58E-05 001.0 246.5  43.3 0.046553 0.013680 0.017180 hargrave 2020-10-27 16:28:29 
540.10 269.1  35.5 269.1  35.5 2.45E-05 001.0 247.9  41.0 0.045400 0.014936 0.016421 hargrave 2020-10-28 09:19:22 
550.10 262.2  38.8 262.2  38.8 2.23E-05 001.1 242.3  36.4 0.046071 0.009555 0.015135 hargrave 2020-10-28 13:23:55 
550.00 279.7  36.3 279.7  36.3 2.66E-05 000.9 248.9  49.6 0.045326 0.012233 0.016710 hargrave 2020-10-28 16:39:37 
553.00 279.2  38.8 279.2  38.8 2.53E-05 000.9 245.0  49.5 0.042706 0.010957 0.014938 hargrave 2020-10-29 09:10:02 
540.20 261.5  35.0 261.5  35.0 2.02E-05 001.1 246.6  34.9 0.039323 0.037578 0.014225 hargrave 2020-10-31 09:38:20 
553.10 253.5  37.9 253.5  37.9 1.86E-05 001.1 241.2  29.6 0.041915 0.009633 0.013876 hargrave 2020-10-31 13:31:05 
556.10 249.2  34.2 249.2  34.2 1.61E-05 001.1 243.7  25.1 0.036914 0.008114 0.012144 hargrave 2020-10-31 17:07:16 
556.00 278.5  39.4 278.5  39.4 2.17E-05 000.9 244.1  49.0 0.036803 0.007257 0.012858 hargrave 2020-11-01 08:59:26 
559.00 278.8  36.9 278.8  36.9 2.02E-05 000.9 247.8  49.0 0.033495 0.009250 0.011768 hargrave 2020-11-01 12:10:40 
553.20 241.2  29.4 241.2  29.4 1.41E-05 001.2 245.4  16.9 0.035555 0.010110 0.011189 hargrave 2020-11-01 15:22:26 
559.10 231.3  27.1 231.3  27.1 1.33E-05 001.3 243.2  08.2 0.035348 0.009172 0.010784 hargrave 2020-11-02 09:13:59 
562.10 219.4  23.4 219.4  23.4 1.17E-05 001.4 240.4 -02.9 0.033431 0.006481 0.009628 hargrave 2020-11-02 12:49:13 
562.00 278.0  37.8 278.0  37.8 1.63E-05 000.9 246.4  48.4 0.028014 0.007522 0.009558 hargrave 2020-11-02 16:17:38 
565.00 278.9  38.5 278.9  38.5 1.28E-05 000.8 245.5  49.2 0.019987 0.005289 0.007740 hargrave 2020-11-03 09:11:40 
559.20 202.6  12.5 202.6  12.5 9.75E-06 001.4 238.8 -22.1 0.026133 0.005923 0.007307 hargrave 2020-11-03 12:25:20 
565.10 191.7  01.2 191.7  01.2 1.08E-05 001.3 240.2 -37.7 0.025115 0.006485 0.006739 hargrave 2020-11-03 16:06:13 
570.10 163.9 -17.2 163.9 -17.2 1.44E-05 000.8 229.3 -70.2 0.018190 0.006224 0.008774 hargrave 2020-11-04 09:20:22 
570.00 275.0  38.1 275.0  38.1 6.35E-06 000.9 245.6  46.1 0.010441 0.002329 0.004524 hargrave 2020-11-04 12:47:12 
575.00 278.4  38.5 278.4  38.5 3.85E-06 000.9 245.3  48.8 0.006113 0.001414 0.002700 hargrave 2020-11-04 15:51:10 
565.20 156.9 -21.8 156.9 -21.8 1.42E-05 000.7 222.2 -78.0 0.014157 0.006762 0.006702 hargrave 2020-11-04 19:19:19 
575.10 153.4 -23.3 153.4 -23.3 1.84E-05 000.5 211.8 -81.0 0.014952 0.008222 0.006256 hargrave 2020-11-05 10:51:02 
580.10 150.7 -25.0 150.7 -25.0 2.02E-05 000.5 199.6 -83.6 0.013246 0.008770 0.004989 hargrave 2020-11-05 14:21:16 
580.00 288.3  44.1 288.3  44.1 1.44E-06 000.8 235.8  56.1 0.001693 0.001469 0.001677 hargrave 2020-11-05 17:47:23 
585.00 286.4  41.8 286.4  41.8 1.14E-06 000.8 240.2  54.9 0.001561 0.000544 0.000802 hargrave 2020-11-06 09:07:00 
575.20 148.1 -27.8 148.1 -27.8 2.10E-05 000.4 176.8 -86.8 0.009896 0.008063 0.005660 hargrave 2020-11-06 12:41:16 
585.10 151.2 -26.1 151.2 -26.1 2.17E-05 000.5 208.2 -84.5 0.014558 0.009561 0.005017 hargrave 2020-11-06 17:06:03 
