AX16- 6a mag compass orientation (IGRF corrected)
      0  57.1  51.0   0.0   0.0   1.0
NRM    276.2  40.6 276.2  40.6 2.26E-05 000.8 250.9  51.4 0.030507 0.015353 0.010345 hargrave 2019-12-20 16:08:27 
100.00 276.9  40.6 276.9  40.6 2.26E-05 000.8 251.1  51.9 0.032448 0.013608 0.011263 hargrave 2019-12-22 11:33:24 
100.10 278.2  38.3 278.2  38.3 2.25E-05 000.8 255.2  52.2 0.029121 0.014724 0.011918 hargrave 2019-12-22 17:14:16 
200.10 277.0  42.0 277.0  42.0 2.20E-05 000.8 248.8  52.3 0.030970 0.011161 0.012329 hargrave 2019-12-23 16:09:51 
200.00 278.6  37.8 278.6  37.8 2.20E-05 000.9 256.0  52.5 0.031233 0.013687 0.013631 hargrave 2019-12-24 14:44:31 
300.00 277.3  40.9 277.3  40.9 2.16E-05 000.8 250.7  52.3 0.030226 0.011161 0.013320 hargrave 2019-12-25 15:12:25 
100.20 277.9  38.7 277.9  38.7 2.14E-05 000.9 254.4  52.2 0.030664 0.010784 0.014918 hargrave 2019-12-26 14:05:45 
300.10 276.5  40.1 276.5  40.1 2.12E-05 000.8 251.8  51.5 0.030289 0.009154 0.013173 hargrave 2019-12-26 18:01:32 
400.10 274.4  41.9 274.4  41.9 1.93E-05 000.8 248.4  50.5 0.027386 0.007124 0.012135 hargrave 2019-12-27 15:37:51 
400.00 275.3  42.7 275.3  42.7 1.95E-05 000.8 247.3  51.3 0.028823 0.007238 0.011434 hargrave 2019-12-28 15:21:24 
425.00 275.8  40.6 275.8  40.6 1.91E-05 000.8 250.7  51.1 0.025958 0.007419 0.011723 hargrave 2019-12-29 13:53:33 
300.20 273.5  42.7 273.5  42.7 1.88E-05 000.7 246.8  50.0 0.023085 0.007101 0.010851 hargrave 2019-12-29 18:17:13 
425.10 273.8  40.3 273.8  40.3 1.85E-05 000.7 250.5  49.6 0.022804 0.008675 0.010421 hargrave 2019-12-30 14:10:59 
450.10 272.7  41.9 272.7  41.9 1.78E-05 000.6 247.9  49.2 0.020469 0.008267 0.009612 hargrave 2019-12-30 20:26:08 
450.00 275.2  38.5 275.2  38.5 1.81E-05 000.6 253.7  50.1 0.019889 0.008614 0.023286 hargrave 2019-12-31 20:15:19 
475.00 273.8  38.2 273.8  38.2 1.77E-05 000.7 253.6  49.0 0.022658 0.010461 0.021290 hargrave 2020-01-01 12:57:01 
425.20 271.4  37.8 271.4  37.8 1.70E-05 000.9 253.3  47.1 0.021134 0.011110 0.031029 hargrave 2020-01-01 16:55:14 
475.10 269.0  38.6 269.0  38.6 1.67E-05 000.9 251.3  45.5 0.026117 0.010832 0.025816 hargrave 2020-01-02 12:16:35 
500.10 268.6  37.5 268.6  37.5 1.53E-05 000.8 252.6  44.8 0.022259 0.011007 0.007524 hargrave 2020-01-02 16:30:51 
500.00 272.2  40.2 272.2  40.2 1.62E-05 000.9 250.1  48.4 0.025900 0.009848 0.024107 hargrave 2020-01-03 13:52:57 
520.00 274.5  36.9 274.5  36.9 1.56E-05 000.9 255.8  49.1 0.022192 0.011918 0.023982 hargrave 2020-01-03 18:20:59 
475.20 270.8  35.6 270.8  35.6 1.48E-05 000.9 256.1  45.8 0.023283 0.011660 0.006679 hargrave 2020-01-14 14:46:05 
520.10 266.5  33.3 266.5  33.3 1.35E-05 000.6 256.9  41.7 0.015108 0.009428 0.009316 hargrave 2020-01-18 13:47:53 
530.10 260.3  35.0 260.3  35.0 1.21E-05 000.9 252.2  37.7 0.019134 0.008601 0.008117 hargrave 2020-01-18 17:39:48 
530.00 271.7  38.0 271.7  38.0 1.41E-05 000.7 253.1  47.4 0.018357 0.008055 0.007738 hargrave 2020-01-19 13:40:18 
540.00 272.7  36.2 272.7  36.2 1.28E-05 000.7 256.0  47.5 0.015215 0.008585 0.007236 hargrave 2020-01-19 17:09:41 
520.20 256.1  34.2 256.1  34.2 1.05E-05 000.9 251.1  34.2 0.018442 0.007467 0.007011 hargrave 2020-01-20 14:00:14 
540.10 248.1  22.5 248.1  22.5 8.79E-06 000.9 258.4  22.1 0.013606 0.007734 0.006629 hargrave 2020-01-20 18:01:04 
550.10 210.3  00.4 210.3  00.4 5.47E-06 001.1 252.0 -20.2 0.010981 0.004404 0.004256 hargrave 2020-01-21 11:57:51 
550.00 268.7  36.2 268.7  36.2 7.26E-06 000.8 254.3  44.4 0.009858 0.004068 0.004579 hargrave 2020-01-21 15:11:59 
555.00 270.3  40.2 270.3  40.2 4.78E-06 000.8 249.5  47.0 0.007006 0.002293 0.002427 hargrave 2020-01-21 18:46:25 
540.20 189.2 -22.7 189.2 -22.7 5.41E-06 000.9 258.1 -50.8 0.008230 0.004391 0.002841 hargrave 2020-01-22 13:59:53 
555.10 167.2 -28.5 167.2 -28.5 8.82E-06 000.8 243.8 -70.3 0.010414 0.005194 0.003216 hargrave 2020-01-23 11:09:28 
560.10 156.2 -34.2 156.2 -34.2 1.18E-05 000.4 239.4 -81.3 0.008049 0.004731 0.005045 hargrave 2020-01-23 15:34:59 
560.00 265.6  42.5 265.6  42.5 1.30E-06 000.9 244.8  44.3 0.002185 0.000760 0.000877 hargrave 2020-01-24 10:09:42 
562.00 261.7  41.5 261.7  41.5 9.70E-07 000.7 244.9  41.2 0.001065 0.000845 0.000829 hargrave 2020-01-24 13:56:51 
555.20 150.2 -37.0 150.2 -37.0 1.54E-05 000.4 231.9 -86.9 0.008421 0.006588 0.004117 hargrave 2020-01-24 18:09:57 
562.10 151.9 -38.2 151.9 -38.2 1.68E-05 000.4 259.3 -86.2 0.008386 0.007278 0.004686 hargrave 2020-01-25 13:58:28 
564.10 147.7 -39.4 147.7 -39.4 1.87E-05 000.3 309.2 -89.4 0.007793 0.007752 0.005039 hargrave 2020-01-25 17:53:02 
564.00 264.2  52.7 264.2  52.7 5.26E-07 000.8 230.5  45.7 0.000611 0.000554 0.000318 hargrave 2020-01-26 15:32:11 
566.00 242.2  45.2 242.2  45.2 4.69E-07 001.0 233.9  29.6 0.001100 0.000406 0.000361 hargrave 2020-01-26 18:48:47 
562.20 148.0 -40.6 148.0 -40.6 2.30E-05 000.3 337.4 -88.3 0.007361 0.008495 0.005936 hargrave 2020-01-27 12:14:51 
566.10 145.7 -41.3 145.7 -41.3 2.40E-05 000.3 025.0 -87.5 0.006531 0.008358 0.006274 hargrave 2020-01-27 16:03:24 
570.10 147.6 -41.2 147.6 -41.2 2.69E-05 000.3 350.3 -87.8 0.008096 0.010015 0.007180 hargrave 2020-01-28 12:20:35 
570.00 239.7  34.2 239.7  34.2 3.14E-07 001.3 243.4  22.5 0.000733 0.000439 0.000493 hargrave 2020-01-28 18:11:59 
575.00 277.2  24.3 277.2  24.3 2.29E-07 000.9 274.1  45.7 0.000260 0.000296 0.000480 hargrave 2020-01-29 11:43:06 
566.20 146.5 -40.7 146.5 -40.7 3.10E-05 000.2 015.2 -88.2 0.007469 0.009211 0.010198 hargrave 2020-01-29 15:39:15 
575.10 147.4 -42.4 147.4 -42.4 3.30E-05 000.3 356.9 -86.6 0.008954 0.012298 0.009061 hargrave 2020-01-30 12:15:59 
580.10 145.1 -41.7 145.1 -41.7 3.52E-05 000.2 029.1 -86.9 0.008900 0.010200 0.008995 hargrave 2020-01-30 16:08:51 
580.00 255.0  44.2 255.0  44.2 3.07E-07 002.0 239.4  37.6 0.001180 0.000493 0.000261 hargrave 2020-01-31 11:42:01 
585.00 282.0  48.4 282.0  48.4 1.91E-07 003.7 238.7  56.6 0.001201 0.000773 0.000418 hargrave 2020-01-31 15:16:47 
575.20 149.1 -41.5 149.1 -41.5 4.13E-05 000.2 328.7 -87.1 0.009561 0.013319 0.011396 hargrave 2020-01-31 19:19:33 
585.10 144.9 -42.6 144.9 -42.6 4.35E-05 000.2 024.2 -86.1 0.007887 0.013521 0.010951 hargrave 2020-02-01 14:14:04 
