AX16- 15a mag compass orientation (IGRF corrected)
      0  54.3  48.0   0.0   0.0   1.0
NRM    278.5  43.3 278.5  43.3 2.08E-05 000.6 252.0  56.7 0.021563 0.015020 0.009834 hargrave 2020-10-12 15:45:04 
100.00 278.5  44.1 278.5  44.1 2.08E-05 000.7 250.6  56.9 0.024305 0.012527 0.008489 hargrave 2020-10-14 10:58:21 
100.10 278.6  43.5 278.6  43.5 2.06E-05 000.7 251.6  56.8 0.023746 0.013592 0.008026 hargrave 2020-10-14 16:25:09 
200.10 278.3  45.3 278.3  45.3 2.02E-05 000.7 248.3  57.0 0.023658 0.011613 0.009134 hargrave 2020-10-15 11:14:08 
200.00 279.5  42.7 279.5  42.7 2.01E-05 000.7 253.3  57.3 0.024132 0.013008 0.009148 hargrave 2020-10-15 14:14:27 
300.00 279.6  42.0 279.6  42.0 1.95E-05 000.7 254.6  57.2 0.024157 0.013556 0.009074 hargrave 2020-10-15 16:53:41 
100.20 278.2  44.6 278.2  44.6 1.94E-05 000.7 249.5  56.8 0.024800 0.012353 0.009791 hargrave 2020-10-16 13:14:14 
300.10 278.5  42.1 278.5  42.1 1.89E-05 000.6 254.1  56.4 0.020253 0.010528 0.009603 hargrave 2020-10-18 13:48:34 
400.10 277.1  42.6 277.1  42.6 1.71E-05 000.7 252.8  55.6 0.019638 0.011932 0.009031 hargrave 2020-10-18 17:23:55 
400.00 278.5  43.0 278.5  43.0 1.72E-05 000.7 252.5  56.6 0.019526 0.008958 0.008357 hargrave 2020-10-19 11:26:47 
450.00 279.2  40.7 279.2  40.7 1.62E-05 000.7 256.8  56.5 0.018803 0.010021 0.008225 hargrave 2020-10-19 14:26:37 
300.20 278.4  40.1 278.4  40.1 1.60E-05 000.7 257.4  55.8 0.016461 0.011794 0.007251 hargrave 2020-10-19 18:24:19 
450.10 276.9  41.3 276.9  41.3 1.52E-05 000.7 254.8  55.0 0.017817 0.010835 0.007033 hargrave 2020-10-20 11:03:30 
475.10 276.9  39.4 276.9  39.4 1.44E-05 000.7 257.9  54.4 0.014901 0.010916 0.007239 hargrave 2020-10-20 15:48:25 
475.00 279.1  40.8 279.1  40.8 1.48E-05 000.7 256.6  56.5 0.016092 0.008399 0.007509 hargrave 2020-10-21 10:58:49 
500.00 278.6  41.3 278.6  41.3 1.45E-05 000.7 255.6  56.3 0.016341 0.007879 0.006762 hargrave 2020-10-21 15:26:45 
450.20 276.3  41.0 276.3  41.0 1.37E-05 000.6 255.1  54.5 0.014470 0.009438 0.006437 hargrave 2020-10-22 10:31:52 
500.10 274.8  42.5 274.8  42.5 1.32E-05 000.7 252.1  53.9 0.015579 0.007175 0.007033 hargrave 2020-10-22 14:20:04 
510.10 274.5  40.7 274.5  40.7 1.30E-05 000.7 254.8  53.1 0.014460 0.008584 0.006615 hargrave 2020-10-22 18:03:13 
510.00 278.2  41.5 278.2  41.5 1.37E-05 000.7 255.0  56.0 0.015916 0.008733 0.006429 hargrave 2020-10-23 12:29:49 
520.00 277.6  40.4 277.6  40.4 1.35E-05 000.7 256.5  55.3 0.016011 0.008083 0.006176 hargrave 2020-10-23 15:33:37 
500.20 272.3  42.2 272.3  42.2 1.24E-05 000.7 251.7  52.0 0.015028 0.008910 0.006790 hargrave 2020-10-25 16:29:11 
520.10 272.1  38.7 272.1  38.7 1.20E-05 000.8 256.8  50.7 0.015628 0.009276 0.007021 hargrave 2020-10-26 11:01:04 
530.10 271.8  38.2 271.8  38.2 1.14E-05 000.7 257.4  50.3 0.014136 0.010497 0.006346 hargrave 2020-10-26 17:54:20 
530.00 277.5  41.6 277.5  41.6 1.28E-05 000.7 254.6  55.6 0.016438 0.007788 0.005850 hargrave 2020-10-27 10:35:11 
540.00 277.0  43.6 277.0  43.6 1.23E-05 000.8 250.9  55.7 0.016785 0.006314 0.006008 hargrave 2020-10-27 13:33:32 
520.20 271.3  40.3 271.3  40.3 1.09E-05 000.8 254.1  50.7 0.015169 0.008182 0.005953 hargrave 2020-10-27 16:38:14 
540.10 269.2  39.9 269.2  39.9 1.04E-05 000.8 253.9  49.1 0.014810 0.008684 0.006227 hargrave 2020-10-28 09:29:11 
550.10 265.2  39.2 265.2  39.2 9.21E-06 000.9 253.0  45.9 0.014681 0.005200 0.005670 hargrave 2020-10-28 13:33:43 
550.00 276.4  42.3 276.4  42.3 1.10E-05 000.8 253.0  55.0 0.015756 0.007315 0.005102 hargrave 2020-10-28 16:46:45 
553.00 276.8  39.8 276.8  39.8 1.03E-05 000.8 257.3  54.5 0.013098 0.008348 0.005101 hargrave 2020-10-29 09:17:12 
540.20 260.8  35.6 260.8  35.6 8.08E-06 000.9 255.4  41.3 0.013284 0.007769 0.004834 hargrave 2020-10-31 09:48:29 
553.10 251.0  34.8 251.0  34.8 6.83E-06 001.0 251.3  33.9 0.013629 0.006977 0.004758 hargrave 2020-10-31 13:40:51 
556.10 241.8  26.6 241.8  26.6 5.26E-06 001.1 253.9  22.7 0.011103 0.005667 0.003990 hargrave 2020-10-31 17:17:03 
556.00 276.6  41.0 276.6  41.0 8.34E-06 000.7 255.1  54.7 0.010407 0.005778 0.003985 hargrave 2020-11-01 09:06:36 
559.00 277.0  39.6 277.0  39.6 7.24E-06 000.8 257.6  54.6 0.009018 0.005226 0.004025 hargrave 2020-11-01 12:17:44 
553.20 221.3  11.1 221.3  11.1 4.34E-06 001.3 253.1 -02.1 0.010635 0.004717 0.003248 hargrave 2020-11-01 15:32:09 
559.10 201.1 -08.3 201.1 -08.3 4.43E-06 001.3 252.9 -30.0 0.010209 0.004653 0.002938 hargrave 2020-11-02 09:23:45 
562.10 184.7 -19.6 184.7 -19.6 5.14E-06 001.3 249.4 -49.3 0.010740 0.004606 0.002565 hargrave 2020-11-02 12:58:56 
562.00 274.9  41.6 274.9  41.6 4.93E-06 000.8 253.6  53.7 0.007039 0.003223 0.002285 hargrave 2020-11-02 16:24:44 
565.00 275.4  44.5 275.4  44.5 3.51E-06 000.7 248.9  54.9 0.004468 0.001820 0.001832 hargrave 2020-11-03 09:18:53 
559.20 164.4 -34.3 164.4 -34.3 7.35E-06 000.7 250.7 -72.5 0.007924 0.004950 0.002097 hargrave 2020-11-03 12:35:04 
565.10 160.8 -35.4 160.8 -35.4 8.89E-06 000.6 248.2 -75.5 0.008775 0.004292 0.000952 hargrave 2020-11-03 16:15:59 
570.10 151.0 -39.1 151.0 -39.1 1.12E-05 000.4 242.3 -84.1 0.006933 0.005262 0.000327 hargrave 2020-11-04 09:30:10 
570.00 274.3  44.2 274.3  44.2 1.96E-06 000.7 249.0  54.0 0.002499 0.000569 0.001434 hargrave 2020-11-04 12:54:19 
575.00 273.7  42.2 273.7  42.2 1.42E-06 000.6 252.2  53.0 0.001362 0.000693 0.000670 hargrave 2020-11-04 15:58:18 
565.20 150.9 -39.4 150.9 -39.4 1.34E-05 000.5 244.7 -84.4 0.009467 0.006988 0.006234 hargrave 2020-11-04 19:29:03 
575.10 148.5 -39.4 148.5 -39.4 1.52E-05 000.5 232.4 -85.9 0.010099 0.007670 0.005707 hargrave 2020-11-05 11:00:48 
580.10 147.1 -41.1 147.1 -41.1 1.66E-05 000.4 248.2 -87.7 0.008385 0.007529 0.004818 hargrave 2020-11-05 14:31:02 
580.00 276.3  46.4 276.3  46.4 1.11E-06 001.0 245.8  55.8 0.001395 0.001708 0.000847 hargrave 2020-11-05 17:54:30 
585.00 276.4  49.9 276.4  49.9 9.31E-07 000.7 239.8  56.4 0.001194 0.000605 0.000298 hargrave 2020-11-06 09:14:06 
575.20 147.0 -42.0 147.0 -42.0 2.07E-05 000.4 270.1 -88.0 0.010826 0.009955 0.005438 hargrave 2020-11-06 12:50:59 
585.10 147.4 -40.9 147.4 -40.9 2.25E-05 000.5 244.6 -87.4 0.013834 0.011763 0.005052 hargrave 2020-11-06 17:15:45 
