AX16- 14a mag compass orientation (IGRF corrected)
      0  57.3  45.0   0.0   0.0   1.0
NRM    287.0  44.8 287.0  44.8 1.76E-05 000.5 255.8  61.7 0.013713 0.011864 0.007118 hargrave 2020-10-12 15:43:01 
100.00 287.1  44.6 287.1  44.6 1.75E-05 000.6 256.2  61.8 0.014977 0.009826 0.006615 hargrave 2020-10-14 10:56:49 
100.10 286.4  45.1 286.4  45.1 1.74E-05 000.6 255.0  61.4 0.015985 0.009955 0.006653 hargrave 2020-10-14 16:23:06 
200.10 286.0  45.3 286.0  45.3 1.69E-05 000.6 254.5  61.2 0.015268 0.010734 0.007628 hargrave 2020-10-15 11:12:03 
200.00 286.0  46.2 286.0  46.2 1.70E-05 000.7 252.6  61.4 0.018116 0.009030 0.006737 hargrave 2020-10-15 14:12:55 
300.00 286.9  43.9 286.9  43.9 1.65E-05 000.7 257.7  61.4 0.016532 0.010211 0.007346 hargrave 2020-10-15 16:52:08 
100.20 285.9  44.3 285.9  44.3 1.64E-05 000.7 256.5  60.9 0.016662 0.010119 0.007202 hargrave 2020-10-16 13:12:11 
300.10 284.1  43.7 284.1  43.7 1.57E-05 000.6 256.9  59.4 0.014233 0.007397 0.008052 hargrave 2020-10-18 13:46:32 
400.10 283.5  42.6 283.5  42.6 1.39E-05 000.6 258.5  58.7 0.012621 0.010403 0.006901 hargrave 2020-10-18 17:21:53 
400.00 285.4  44.5 285.4  44.5 1.44E-05 000.6 255.9  60.6 0.013809 0.008118 0.005777 hargrave 2020-10-19 11:25:23 
450.00 285.1  43.9 285.1  43.9 1.35E-05 000.6 256.8  60.2 0.013096 0.008009 0.005011 hargrave 2020-10-19 14:25:13 
300.20 283.9  44.0 283.9  44.0 1.28E-05 000.6 256.2  59.4 0.011934 0.009021 0.004911 hargrave 2020-10-19 18:22:24 
450.10 280.7  44.3 280.7  44.3 1.21E-05 000.7 254.4  57.3 0.013189 0.007432 0.005552 hargrave 2020-10-20 11:01:35 
475.10 277.5  47.1 277.5  47.1 1.13E-05 000.7 248.3  56.0 0.013572 0.007348 0.004726 hargrave 2020-10-20 15:46:29 
475.00 284.9  43.4 284.9  43.4 1.23E-05 000.6 257.7  59.9 0.012370 0.007409 0.004352 hargrave 2020-10-21 10:57:26 
500.00 284.6  46.5 284.6  46.5 1.18E-05 000.6 251.5  60.5 0.012127 0.006408 0.004524 hargrave 2020-10-21 15:25:22 
450.20 279.9  42.2 279.9  42.2 1.10E-05 000.6 257.5  56.1 0.010642 0.007724 0.004547 hargrave 2020-10-22 10:29:57 
500.10 278.6  43.4 278.6  43.4 1.05E-05 000.7 255.0  55.6 0.010965 0.007685 0.004461 hargrave 2020-10-22 14:18:10 
510.10 276.7  43.9 276.7  43.9 1.03E-05 000.6 253.3  54.4 0.011160 0.006279 0.004355 hargrave 2020-10-22 18:01:18 
510.00 285.1  43.3 285.1  43.3 1.14E-05 000.6 258.1  60.0 0.010414 0.006690 0.003974 hargrave 2020-10-23 12:28:25 
520.00 283.8  44.5 283.8  44.5 1.12E-05 000.6 255.2  59.5 0.011638 0.005521 0.004295 hargrave 2020-10-23 15:32:14 
500.20 277.0  43.7 277.0  43.7 9.78E-06 000.7 253.7  54.6 0.010643 0.007116 0.004557 hargrave 2020-10-25 16:27:17 
520.10 277.5  41.1 277.5  41.1 9.37E-06 000.7 258.1  54.0 0.010910 0.006251 0.004379 hargrave 2020-10-26 10:59:10 
530.10 275.8  39.8 275.8  39.8 8.95E-06 000.7 259.2  52.3 0.009099 0.007753 0.004049 hargrave 2020-10-26 17:52:26 
530.00 283.4  45.7 283.4  45.7 1.05E-05 000.7 252.8  59.5 0.011376 0.006326 0.004071 hargrave 2020-10-27 10:33:46 
540.00 284.7  43.5 284.7  43.5 1.04E-05 000.7 257.5  59.8 0.011144 0.006031 0.003816 hargrave 2020-10-27 13:32:06 
520.20 273.6  43.6 273.6  43.6 8.69E-06 000.8 252.4  52.2 0.011365 0.006801 0.004605 hargrave 2020-10-27 16:36:17 
540.10 271.8  42.7 271.8  42.7 8.34E-06 000.8 253.0  50.7 0.011692 0.006539 0.004157 hargrave 2020-10-28 09:27:14 
550.10 269.3  39.0 269.3  39.0 7.50E-06 000.8 256.9  47.4 0.010124 0.005632 0.004109 hargrave 2020-10-28 13:31:46 
550.00 283.7  45.3 283.7  45.3 9.29E-06 000.7 253.7  59.6 0.010652 0.005430 0.003690 hargrave 2020-10-28 16:45:19 
553.00 283.9  44.2 283.9  44.2 8.85E-06 000.7 255.8  59.5 0.010186 0.005664 0.003269 hargrave 2020-10-29 09:15:46 
540.20 264.7  39.3 264.7  39.3 6.59E-06 000.9 254.1  44.4 0.010676 0.004691 0.004446 hargrave 2020-10-31 09:46:26 
553.10 256.8  35.7 256.8  35.7 5.80E-06 001.0 253.9  37.2 0.010977 0.005133 0.003758 hargrave 2020-10-31 13:38:54 
556.10 247.4  32.3 247.4  32.3 4.53E-06 001.1 251.8  28.8 0.009311 0.004021 0.003383 hargrave 2020-10-31 17:15:06 
556.00 283.4  46.0 283.4  46.0 7.45E-06 000.7 252.2  59.6 0.008154 0.003750 0.002756 hargrave 2020-11-01 09:05:11 
559.00 280.6  46.9 280.6  46.9 6.58E-06 000.7 249.6  58.0 0.008565 0.002454 0.002624 hargrave 2020-11-01 12:16:20 
553.20 236.3  22.4 236.3  22.4 3.72E-06 001.2 253.1  14.9 0.008828 0.004630 0.002688 hargrave 2020-11-01 15:30:13 
559.10 217.6  03.2 217.6  03.2 3.41E-06 001.3 253.6 -11.4 0.008034 0.004662 0.003080 hargrave 2020-11-02 09:21:48 
562.10 205.8 -16.6 205.8 -16.6 3.46E-06 001.3 259.5 -33.8 0.007417 0.004129 0.002505 hargrave 2020-11-02 12:57:00 
562.00 282.7  46.8 282.7  46.8 4.80E-06 000.8 250.4  59.3 0.006204 0.003073 0.001536 hargrave 2020-11-02 16:23:20 
565.00 284.8  44.6 284.8  44.6 3.44E-06 000.6 255.4  60.2 0.003251 0.001803 0.001325 hargrave 2020-11-03 09:17:28 
559.20 180.5 -28.9 180.5 -28.9 4.35E-06 001.1 249.8 -59.2 0.007273 0.002927 0.002444 hargrave 2020-11-03 12:33:08 
565.10 171.4 -34.9 171.4 -34.9 5.45E-06 000.8 249.5 -69.0 0.007003 0.002897 0.001590 hargrave 2020-11-03 16:14:03 
570.10 160.2 -39.7 160.2 -39.7 7.38E-06 000.6 245.5 -79.1 0.006487 0.003475 0.001493 hargrave 2020-11-04 09:28:14 
570.00 278.6  46.4 278.6  46.4 1.76E-06 000.8 249.9  56.5 0.001662 0.001996 0.000902 hargrave 2020-11-04 12:52:54 
575.00 280.0  45.0 280.0  45.0 1.22E-06 000.7 252.8  57.1 0.000976 0.000784 0.000831 hargrave 2020-11-04 15:56:53 
565.20 157.5 -40.8 157.5 -40.8 7.34E-06 000.5 244.2 -81.4 0.006664 0.003845 0.016952 hargrave 2020-11-04 19:27:06 
575.10 154.9 -39.4 154.9 -39.4 8.48E-06 000.4 228.1 -82.1 0.005960 0.003402 0.017323 hargrave 2020-11-05 10:58:51 
580.10 152.4 -40.7 152.4 -40.7 8.85E-06 000.4 222.9 -84.3 0.005844 0.003742 0.018471 hargrave 2020-11-05 14:29:06 
580.00 278.1  46.6 278.1  46.6 7.26E-07 000.8 249.3  56.3 0.000833 0.000587 0.000680 hargrave 2020-11-05 17:53:05 
585.00 294.1  44.3 294.1  44.3 4.89E-07 001.8 259.9  66.5 0.000857 0.001450 0.000811 hargrave 2020-11-06 09:12:41 
575.20 153.1 -42.3 153.1 -42.3 9.71E-06 000.4 239.2 -85.0 0.006653 0.004653 0.017134 hargrave 2020-11-06 12:49:03 
585.10 153.5 -41.0 153.5 -41.0 9.89E-06 000.5 230.9 -84.0 0.007595 0.004850 0.017805 hargrave 2020-11-06 17:13:50 
