AX16- 11a mag compass orientation (IGRF corrected)
      0  56.3  63.0   0.0   0.0   1.0
NRM    282.2  39.5 282.2  39.5 2.99E-05 000.7 239.6  51.5 0.041462 0.016246 0.015715 hargrave 2020-10-12 15:37:00 
100.00 282.8  40.3 282.8  40.3 2.99E-05 000.8 238.3  51.8 0.043368 0.015358 0.014559 hargrave 2020-10-14 10:52:20 
100.10 282.5  39.2 282.5  39.2 2.96E-05 000.8 240.0  51.8 0.044465 0.016147 0.014367 hargrave 2020-10-14 16:17:04 
200.10 282.3  37.4 282.3  37.4 2.91E-05 000.8 242.9  51.7 0.041901 0.015213 0.015467 hargrave 2020-10-15 11:06:03 
200.00 282.2  40.0 282.2  40.0 2.89E-05 001.0 238.8  51.5 0.047959 0.011622 0.025646 hargrave 2020-10-15 14:08:29 
300.00 282.3  39.9 282.3  39.9 2.84E-05 000.9 239.0  51.5 0.047485 0.010594 0.015212 hargrave 2020-10-15 16:47:41 
100.20 282.0  38.5 282.0  38.5 2.81E-05 000.9 241.2  51.4 0.045245 0.014062 0.016348 hargrave 2020-10-16 13:06:12 
300.10 281.5  38.6 281.5  38.6 2.77E-05 000.8 241.1  51.1 0.039975 0.010372 0.016820 hargrave 2020-10-18 13:40:32 
400.10 281.2  40.7 281.2  40.7 2.56E-05 000.8 237.8  50.6 0.038959 0.010789 0.014414 hargrave 2020-10-18 17:15:52 
400.00 281.6  36.6 281.6  36.6 2.57E-05 000.8 244.2  51.2 0.039605 0.010593 0.013709 hargrave 2020-10-19 11:21:10 
450.00 281.8  38.0 281.8  38.0 2.46E-05 000.9 242.0  51.3 0.039395 0.010683 0.013925 hargrave 2020-10-19 14:21:03 
300.20 280.6  37.2 280.6  37.2 2.42E-05 000.8 243.4  50.4 0.035241 0.012677 0.012645 hargrave 2020-10-19 18:16:39 
450.10 280.0  38.2 280.0  38.2 2.34E-05 000.8 241.8  49.9 0.036438 0.010553 0.012505 hargrave 2020-10-20 10:55:48 
475.10 279.6  39.0 279.6  39.0 2.24E-05 000.8 240.6  49.5 0.034718 0.010453 0.011793 hargrave 2020-10-20 15:05:50 
475.00 281.4  38.3 281.4  38.3 2.30E-05 000.8 241.6  51.0 0.036386 0.010217 0.012256 hargrave 2020-10-21 10:53:14 
500.00 281.3  37.3 281.3  37.3 2.23E-05 000.8 243.1  50.9 0.034266 0.009066 0.011975 hargrave 2020-10-21 15:21:12 
450.20 279.5  38.9 279.5  38.9 2.16E-05 000.8 240.7  49.5 0.032134 0.009879 0.011522 hargrave 2020-10-22 10:24:15 
500.10 278.3  40.0 278.3  40.0 2.09E-05 000.8 239.2  48.5 0.032137 0.007828 0.011494 hargrave 2020-10-22 14:12:25 
510.10 277.9  37.9 277.9  37.9 2.08E-05 000.8 242.4  48.2 0.030524 0.009299 0.011694 hargrave 2020-10-22 17:55:33 
510.00 281.0  36.0 281.0  36.0 2.13E-05 000.8 245.2  50.7 0.033088 0.009127 0.011342 hargrave 2020-10-23 12:24:14 
520.00 280.9  37.5 280.9  37.5 2.10E-05 000.9 242.9  50.6 0.033391 0.009005 0.011344 hargrave 2020-10-23 15:28:05 
500.20 277.8  39.2 277.8  39.2 1.97E-05 000.8 240.3  48.1 0.031839 0.008664 0.011541 hargrave 2020-10-25 16:21:33 
520.10 276.1  36.8 276.1  36.8 1.91E-05 000.9 244.0  46.7 0.031858 0.009992 0.011395 hargrave 2020-10-26 10:53:27 
530.10 275.5  37.9 275.5  37.9 1.83E-05 000.8 242.3  46.3 0.029152 0.009480 0.011181 hargrave 2020-10-26 17:46:41 
530.00 280.8  36.8 280.8  36.8 1.99E-05 000.8 243.9  50.5 0.031204 0.008960 0.010584 hargrave 2020-10-27 10:29:33 
540.00 280.9  37.3 280.9  37.3 1.95E-05 000.9 243.3  50.6 0.033182 0.008700 0.010890 hargrave 2020-10-27 13:27:49 
520.20 275.6  34.4 275.6  34.4 1.78E-05 000.9 247.4  46.2 0.030361 0.011640 0.010778 hargrave 2020-10-27 16:30:29 
540.10 272.9  37.2 272.9  37.2 1.74E-05 001.0 243.2  44.2 0.031862 0.010475 0.011167 hargrave 2020-10-28 09:21:23 
550.10 268.9  36.1 268.9  36.1 1.56E-05 001.0 244.3  41.0 0.030414 0.008215 0.009829 hargrave 2020-10-28 13:25:56 
550.00 279.9  37.5 279.9  37.5 1.78E-05 000.9 242.9  49.8 0.031598 0.007611 0.009790 hargrave 2020-10-28 16:41:06 
553.00 279.8  38.2 279.8  38.2 1.69E-05 000.9 241.9  49.7 0.029642 0.008158 0.009008 hargrave 2020-10-29 09:11:31 
540.20 267.4  34.2 267.4  34.2 1.43E-05 001.0 246.6  39.4 0.027927 0.009441 0.009630 hargrave 2020-10-31 09:40:24 
553.10 259.7  35.9 259.7  35.9 1.26E-05 001.1 243.1  33.5 0.027071 0.007870 0.009217 hargrave 2020-10-31 13:33:06 
556.10 253.3  30.8 253.3  30.8 1.04E-05 001.1 247.4  27.1 0.022411 0.007577 0.008190 hargrave 2020-10-31 17:09:17 
556.00 278.9  34.3 278.9  34.3 1.40E-05 000.9 247.7  49.0 0.021894 0.010316 0.007542 hargrave 2020-11-01 09:00:56 
559.00 278.5  36.6 278.5  36.6 1.24E-05 000.9 244.2  48.7 0.021988 0.005276 0.006836 hargrave 2020-11-01 12:12:08 
553.20 237.5  28.3 237.5  28.3 8.36E-06 001.2 244.8  13.4 0.021683 0.006585 0.006539 hargrave 2020-11-01 15:24:26 
559.10 220.8  22.0 220.8  22.0 7.88E-06 001.3 243.5 -03.0 0.021163 0.006882 0.006848 hargrave 2020-11-02 09:16:00 
562.10 204.6  11.7 204.6  11.7 7.19E-06 001.5 243.6 -21.5 0.019611 0.005320 0.005254 hargrave 2020-11-02 12:51:13 
562.00 277.2  37.8 277.2  37.8 9.31E-06 000.9 242.4  47.6 0.016918 0.004193 0.005148 hargrave 2020-11-02 16:19:07 
565.00 277.9  37.6 277.9  37.6 6.58E-06 000.9 242.8  48.3 0.010638 0.002549 0.004145 hargrave 2020-11-03 09:13:09 
559.20 181.3 -05.8 181.3 -05.8 7.07E-06 001.2 243.8 -50.5 0.014378 0.005116 0.003434 hargrave 2020-11-03 12:27:20 
565.10 172.0 -11.7 172.0 -11.7 8.94E-06 001.0 242.6 -61.4 0.014166 0.004307 0.002601 hargrave 2020-11-03 16:08:14 
570.10 155.4 -20.2 155.4 -20.2 1.18E-05 000.5 232.6 -79.3 0.010248 0.005220 0.017027 hargrave 2020-11-04 09:22:23 
570.00 275.6  38.6 275.6  38.6 3.12E-06 000.8 241.3  46.4 0.004578 0.001458 0.001916 hargrave 2020-11-04 12:48:41 
575.00 281.1  35.2 281.1  35.2 2.04E-06 000.8 246.5  50.8 0.002539 0.000989 0.001431 hargrave 2020-11-04 15:52:39 
565.20 153.2 -22.7 153.2 -22.7 1.25E-05 000.5 237.3 -82.4 0.009704 0.005532 0.012161 hargrave 2020-11-04 19:21:19 
575.10 150.5 -23.2 150.5 -23.2 1.51E-05 000.4 225.7 -84.6 0.010244 0.006718 0.012851 hargrave 2020-11-05 10:53:02 
580.10 149.1 -22.8 149.1 -22.8 1.60E-05 000.4 212.2 -85.1 0.009670 0.006552 0.012749 hargrave 2020-11-05 14:23:18 
580.00 286.7  34.8 286.7  34.8 1.12E-06 000.8 247.2  55.3 0.001589 0.000543 0.000585 hargrave 2020-11-05 17:48:52 
585.00 282.7  45.4 282.7  45.4 1.00E-06 001.0 230.3  50.9 0.001828 0.000380 0.000421 hargrave 2020-11-06 09:08:28 
575.20 148.2 -24.6 148.2 -24.6 1.77E-05 000.4 215.7 -87.1 0.010094 0.007794 0.012183 hargrave 2020-11-06 12:43:17 
585.10 149.7 -23.6 149.7 -23.6 1.83E-05 000.4 223.2 -85.4 0.011530 0.007916 0.013305 hargrave 2020-11-06 17:08:03 
