AX22- 10b mag compass orientation (IGRF corrected)
      0  83.2  68.0   0.0   0.0   1.0
NRM    301.2  41.3 301.2  41.3 1.15E-04 000.5 233.5  42.6 0.061680 0.041344 0.070185 hargrave 2020-10-12 16:09:00 
100.00 302.1  39.8 302.1  39.8 1.15E-04 000.5 235.4  43.4 0.046854 0.064889 0.066973 hargrave 2020-10-14 11:16:39 
100.10 303.8  44.1 303.8  44.1 1.09E-04 000.5 229.2  44.0 0.059293 0.029472 0.062575 hargrave 2020-10-14 16:50:44 
200.10 302.6  41.2 302.6  41.2 9.08E-05 000.6 233.4  43.6 0.069732 0.039653 0.054428 hargrave 2020-10-15 11:38:01 
200.00 303.4  42.4 303.4  42.4 9.09E-05 000.5 231.6  44.0 0.057756 0.024762 0.055650 hargrave 2020-10-15 14:33:34 
300.00 303.0  41.4 303.0  41.4 8.46E-05 000.3 233.0  43.9 0.017773 0.036881 0.050370 hargrave 2020-10-15 17:12:49 
100.20 301.3  40.6 301.3  40.6 7.91E-05 000.5 234.3  42.7 0.039075 0.031103 0.051804 hargrave 2020-10-16 13:38:15 
300.10 299.9  37.0 299.9  37.0 7.36E-05 000.6 239.4  41.9 0.062237 0.028874 0.051422 hargrave 2020-10-18 14:13:14 
400.10 297.8  42.3 297.8  42.3 6.04E-05 000.6 232.5  39.9 0.051489 0.031825 0.041557 hargrave 2020-10-18 17:50:14 
400.00 300.7  42.0 300.7  42.0 6.17E-05 000.6 232.6  42.0 0.044426 0.030439 0.041029 hargrave 2020-10-19 11:47:21 
450.00 301.6  41.6 301.6  41.6 5.82E-05 000.7 233.0  42.8 0.041160 0.052962 0.039545 hargrave 2020-10-19 14:47:11 
300.20 296.5  43.1 296.5  43.1 5.51E-05 001.0 231.7  38.9 0.091369 0.026741 0.039234 hargrave 2020-10-19 18:49:26 
450.10 291.4  42.2 291.4  42.2 5.12E-05 000.7 233.0  35.2 0.040295 0.046664 0.037707 hargrave 2020-10-20 11:29:56 
475.10 280.8  44.5 280.8  44.5 4.36E-05 000.7 230.1  27.6 0.034638 0.042053 0.033887 hargrave 2020-10-20 16:13:52 
475.00 297.5  46.0 297.5  46.0 4.75E-05 000.8 227.8  39.3 0.036196 0.051635 0.032407 hargrave 2020-10-21 11:18:31 
500.00 300.3  43.2 300.3  43.2 4.64E-05 000.8 231.1  41.6 0.034606 0.055305 0.031072 hargrave 2020-10-21 15:46:28 
450.20 245.5  34.4 245.5  34.4 3.55E-05 000.5 231.9 -01.2 0.037476 0.035810 0.014817 hargrave 2020-10-22 10:57:10 
500.10 217.1  14.1 217.1  14.1 3.91E-05 000.8 234.1 -33.9 0.042735 0.029778 0.013766 hargrave 2020-10-22 14:45:37 
510.10 201.2  02.6 201.2  02.6 5.60E-05 000.5 231.5 -53.2 0.045274 0.029642 0.013033 hargrave 2020-10-22 18:29:21 
510.00 292.2  40.7 292.2  40.7 3.79E-05 000.8 234.9  35.8 0.025562 0.040442 0.026984 hargrave 2020-10-23 12:47:58 
520.00 295.9  42.2 295.9  42.2 3.69E-05 000.9 232.8  38.5 0.017943 0.053893 0.024843 hargrave 2020-10-23 15:53:16 
500.20 185.0 -11.3 185.0 -11.3 1.08E-04 000.4 228.3 -74.4 0.062592 0.051564 0.011896 hargrave 2020-10-25 16:54:40 
520.10 181.1 -10.9 181.1 -10.9 1.34E-04 000.3 215.6 -76.6 0.057838 0.049800 0.019903 hargrave 2020-10-26 11:25:38 
530.10 182.3 -16.0 182.3 -16.0 1.68E-04 000.3 236.8 -79.5 0.077564 0.055684 0.016836 hargrave 2020-10-26 18:41:53 
530.00 286.8  43.9 286.8  43.9 2.88E-05 001.1 231.0  31.8 0.053529 0.034829 0.019845 hargrave 2020-10-27 10:53:13 
540.00 295.1  42.6 295.1  42.6 2.59E-05 001.7 232.4  37.9 0.067596 0.037399 0.017152 hargrave 2020-10-27 13:51:49 
520.20 178.7 -16.5 178.7 -16.5 2.16E-04 000.3 224.2 -82.5 0.102911 0.071641 0.033364 hargrave 2020-10-27 17:02:56 
540.10 177.0 -18.4 177.0 -18.4 2.52E-04 000.4 225.2 -84.9 0.121094 0.114965 0.030794 hargrave 2020-10-28 09:53:54 
550.10 176.6 -17.0 176.6 -17.0 2.93E-04 000.4 213.2 -84.1 0.148846 0.108162 0.044995 hargrave 2020-10-28 13:58:36 
550.00 277.9  38.3 277.9  38.3 1.82E-05 001.3 236.6  24.6 0.047074 0.009214 0.013865 hargrave 2020-10-28 17:04:46 
553.00 283.5  37.8 283.5  37.8 1.71E-05 001.2 237.8  28.9 0.042640 0.008138 0.012568 hargrave 2020-10-29 09:35:15 
540.20 173.3 -18.4 173.3 -18.4 3.46E-04 000.3 181.4 -86.4 0.141286 0.120206 0.033531 hargrave 2020-10-31 10:13:18 
553.10 177.5 -17.2 177.5 -17.2 3.69E-04 000.3 221.2 -83.7 0.159811 0.136018 0.057095 hargrave 2020-10-31 14:05:36 
556.10 176.3 -17.6 176.3 -17.6 3.89E-04 000.3 214.2 -84.7 0.154016 0.145975 0.063487 hargrave 2020-10-31 17:41:43 
556.00 278.3  38.7 278.3  38.7 1.25E-05 001.2 236.3  25.0 0.032331 0.008253 0.009056 hargrave 2020-11-01 09:25:35 
559.00 280.7  42.2 280.7  42.2 1.12E-05 001.1 232.6  27.2 0.027731 0.005004 0.007475 hargrave 2020-11-01 12:35:38 
553.20 175.2 -19.1 175.2 -19.1 4.33E-04 000.3 213.3 -86.5 0.195768 0.154786 0.059130 hargrave 2020-11-01 15:57:30 
559.10 175.9 -18.9 175.9 -18.9 4.47E-04 000.3 219.5 -86.0 0.184149 0.133693 0.063080 hargrave 2020-11-02 09:50:02 
562.10 174.6 -19.6 174.6 -19.6 4.61E-04 000.4 209.1 -87.3 0.226706 0.168847 0.064140 hargrave 2020-11-02 13:25:10 
562.00 269.6  42.7 269.6  42.7 9.22E-06 001.3 230.7  19.3 0.025565 0.003245 0.006425 hargrave 2020-11-02 16:43:48 
565.00 273.2  27.1 273.2  27.1 8.37E-06 001.2 247.4  18.3 0.021154 0.007010 0.006135 hargrave 2020-11-03 09:37:08 
559.20 174.2 -17.9 174.2 -17.9 4.94E-04 000.3 192.6 -85.8 0.201867 0.192217 0.089438 hargrave 2020-11-03 12:59:39 
565.10 174.5 -18.7 174.5 -18.7 5.05E-04 000.3 200.6 -86.5 0.210584 0.202001 0.099468 hargrave 2020-11-03 16:40:37 
570.10 174.4 -17.5 174.4 -17.5 5.21E-04 000.3 194.7 -85.4 0.227599 0.214805 0.100510 hargrave 2020-11-04 09:56:26 
570.00 274.7  37.4 274.7  37.4 5.28E-06 001.1 237.1  22.0 0.012980 0.003159 0.003224 hargrave 2020-11-04 13:12:21 
575.00 265.2  38.1 265.2  38.1 6.50E-06 001.3 234.4  14.9 0.018398 0.003474 0.004219 hargrave 2020-11-04 16:16:23 
565.20 174.5 -19.2 174.5 -19.2 5.47E-04 000.3 203.5 -86.9 0.239775 0.218707 0.089477 hargrave 2020-11-04 19:54:33 
575.10 174.7 -19.5 174.7 -19.5 5.57E-04 000.4 210.5 -87.1 0.260618 0.220940 0.083363 hargrave 2020-11-05 11:25:33 
580.10 173.9 -18.9 173.9 -18.9 5.67E-04 000.3 192.2 -86.9 0.230579 0.220876 0.099034 hargrave 2020-11-05 14:55:43 
580.00 250.2  27.6 250.2  27.6 4.36E-06 001.4 239.7 -00.7 0.012838 0.003542 0.003489 hargrave 2020-11-05 18:12:30 
585.00 242.7  26.1 242.7  26.1 5.00E-06 001.5 238.0 -07.3 0.014705 0.003984 0.004945 hargrave 2020-11-06 09:32:07 
575.20 171.1 -19.3 171.1 -19.3 6.01E-04 000.3 144.2 -86.7 0.219172 0.238317 0.114700 hargrave 2020-11-06 13:15:28 
585.10 173.5 -18.1 173.5 -18.1 6.12E-04 000.3 184.4 -86.0 0.250842 0.244840 0.107428 hargrave 2020-11-06 17:41:55 
