AX22- 4b mag compass orientation (IGRF corrected)
      0 132.2  13.0   0.0   0.0   1.0
NRM    105.3  31.0 105.3  31.0 5.31E-05 000.6 071.0  36.1 0.056372 0.035386 0.035138 hargrave 2020-10-12 15:56:29 
100.00 102.1  30.2 102.1  30.2 5.31E-05 000.7 067.6  36.0 0.060025 0.038930 0.034455 hargrave 2020-10-14 11:07:12 
100.10 104.1  29.9 104.1  29.9 5.12E-05 000.7 069.6  35.3 0.057086 0.034801 0.032493 hargrave 2020-10-14 16:36:35 
200.10 100.8  28.4 100.8  28.4 4.89E-05 000.7 065.7  34.5 0.053396 0.014734 0.032026 hargrave 2020-10-15 11:25:32 
200.00 101.5  29.1 101.5  29.1 4.92E-05 000.8 066.5  35.0 0.059731 0.014417 0.033244 hargrave 2020-10-15 14:23:18 
300.00 100.5  29.2 100.5  29.2 4.78E-05 000.9 065.5  35.3 0.063281 0.021008 0.032492 hargrave 2020-10-15 17:02:33 
100.20 100.4  28.7 100.4  28.7 4.62E-05 000.8 065.3  34.9 0.051308 0.019458 0.032790 hargrave 2020-10-16 13:25:38 
300.10 103.7  28.4 103.7  28.4 4.47E-05 000.7 068.6  33.9 0.043733 0.018399 0.029577 hargrave 2020-10-18 14:00:44 
400.10 095.6  24.6 095.6  24.6 3.84E-05 000.7 059.3  31.9 0.035126 0.027133 0.024742 hargrave 2020-10-18 17:36:59 
400.00 100.8  28.9 100.8  28.9 3.91E-05 000.8 065.8  35.1 0.043509 0.023756 0.024316 hargrave 2020-10-19 11:37:32 
450.00 099.9  28.9 099.9  28.9 3.62E-05 001.1 064.9  35.2 0.065873 0.022969 0.022261 hargrave 2020-10-19 14:37:20 
300.20 100.5  25.3 100.5  25.3 3.50E-05 001.1 064.5  31.5 0.061711 0.021158 0.023311 hargrave 2020-10-19 18:37:30 
450.10 106.3  19.0 106.3  19.0 3.18E-05 001.1 068.8  24.2 0.056017 0.017793 0.023149 hargrave 2020-10-20 11:16:53 
475.10 106.1  05.4 106.1  05.4 2.80E-05 001.2 065.6  11.0 0.053675 0.023136 0.022620 hargrave 2020-10-20 16:01:46 
475.00 100.8  27.6 100.8  27.6 3.15E-05 001.3 065.4  33.8 0.071901 0.030837 0.019755 hargrave 2020-10-21 11:09:32 
500.00 098.3  26.8 098.3  26.8 2.80E-05 001.3 062.6  33.5 0.065162 0.039749 0.017353 hargrave 2020-10-21 15:37:29 
450.20 117.3 -31.3 117.3 -31.3 2.80E-05 001.1 068.1 -27.2 0.045644 0.047810 0.016007 hargrave 2020-10-22 10:45:07 
500.10 120.6 -45.1 120.6 -45.1 3.28E-05 001.1 066.7 -41.2 0.046481 0.049812 0.015843 hargrave 2020-10-22 14:32:36 
510.10 122.7 -55.7 122.7 -55.7 3.71E-05 001.0 063.5 -51.6 0.037848 0.057561 0.014878 hargrave 2020-10-22 18:16:29 
510.00 098.2  25.4 098.2  25.4 2.44E-05 001.4 062.1  32.1 0.061061 0.043808 0.015354 hargrave 2020-10-23 12:38:58 
520.00 096.6  25.0 096.6  25.0 2.19E-05 001.4 060.4  32.0 0.051934 0.030631 0.014681 hargrave 2020-10-23 15:44:19 
500.20 138.6 -66.1 138.6 -66.1 4.64E-05 000.9 068.2 -64.3 0.034392 0.065919 0.016055 hargrave 2020-10-25 16:41:43 
520.10 146.4 -68.5 146.4 -68.5 4.85E-05 000.6 071.1 -67.9 0.026143 0.041100 0.015622 hargrave 2020-10-26 11:13:33 
530.10 145.1 -68.6 145.1 -68.6 5.09E-05 000.7 070.0 -67.7 0.037299 0.042945 0.018810 hargrave 2020-10-26 18:22:47 
530.00 100.9  23.3 100.9  23.3 1.89E-05 001.5 064.4  29.6 0.048702 0.007129 0.014462 hargrave 2020-10-27 10:44:15 
540.00 100.0  23.9 100.0  23.9 1.76E-05 001.5 063.6  30.2 0.047913 0.007284 0.013000 hargrave 2020-10-27 13:42:45 
520.20 156.6 -71.6 156.6 -71.6 5.14E-05 000.4 073.3 -72.5 0.025821 0.024109 0.010974 hargrave 2020-10-27 16:50:49 
540.10 148.6 -70.9 148.6 -70.9 5.30E-05 000.6 068.8 -70.3 0.030569 0.042960 0.011502 hargrave 2020-10-28 09:41:44 
550.10 170.0 -74.8 170.0 -74.8 5.31E-05 000.3 073.6 -77.6 0.016771 0.024014 0.006693 hargrave 2020-10-28 13:46:25 
550.00 097.8  21.0 097.8  21.0 1.30E-05 001.6 060.7  27.9 0.036566 0.003665 0.010008 hargrave 2020-10-28 16:55:48 
553.00 096.8  18.7 096.8  18.7 1.18E-05 001.5 059.1  25.8 0.032891 0.002498 0.009255 hargrave 2020-10-29 09:26:15 
540.20 172.8 -74.2 172.8 -74.2 5.48E-05 000.3 078.2 -77.8 0.013912 0.024906 0.008154 hargrave 2020-10-31 10:00:45 
553.10 182.3 -77.3 182.3 -77.3 5.62E-05 000.3 068.7 -81.3 0.011728 0.025894 0.005978 hargrave 2020-10-31 13:53:22 
556.10 192.0 -79.0 192.0 -79.0 5.73E-05 000.3 058.2 -83.5 0.012944 0.025252 0.004690 hargrave 2020-10-31 17:29:33 
556.00 100.4  21.4 100.4  21.4 8.92E-06 001.5 063.4  27.7 0.024018 0.003376 0.006687 hargrave 2020-11-01 09:15:43 
559.00 092.4  20.1 092.4  20.1 6.75E-06 001.6 054.8  28.1 0.019118 0.001096 0.005451 hargrave 2020-11-01 12:26:44 
553.20 191.0 -78.6 191.0 -78.6 5.95E-05 000.3 061.0 -83.3 0.013247 0.026582 0.006693 hargrave 2020-11-01 15:44:36 
559.10 203.6 -77.5 203.6 -77.5 6.16E-05 000.3 074.0 -85.9 0.014072 0.025426 0.005904 hargrave 2020-11-02 09:36:15 
562.10 203.0 -78.1 203.0 -78.1 6.31E-05 000.3 066.1 -85.7 0.014768 0.025627 0.006511 hargrave 2020-11-02 13:12:11 
562.00 097.2  11.7 097.2  11.7 4.87E-06 001.6 058.0  18.9 0.014084 0.001446 0.004668 hargrave 2020-11-02 16:34:44 
565.00 099.3  08.9 099.3  08.9 3.80E-06 001.5 059.5  15.7 0.010329 0.001090 0.003484 hargrave 2020-11-03 09:28:03 
559.20 215.4 -77.7 215.4 -77.7 6.52E-05 000.3 060.2 -88.3 0.022092 0.027956 0.006756 hargrave 2020-11-03 12:47:33 
565.10 213.7 -75.3 213.7 -75.3 6.66E-05 000.3 126.4 -87.3 0.025116 0.029272 0.009335 hargrave 2020-11-03 16:28:29 
570.10 217.2 -75.7 217.2 -75.7 6.89E-05 000.3 136.2 -88.2 0.028182 0.030339 0.009108 hargrave 2020-11-04 09:43:28 
570.00 098.7  01.3 098.7  01.3 2.68E-06 001.5 057.4  08.4 0.007608 0.000801 0.001937 hargrave 2020-11-04 13:03:23 
575.00 105.3  06.0 105.3  06.0 2.41E-06 001.7 065.0  11.7 0.007361 0.001459 0.002487 hargrave 2020-11-04 16:07:24 
565.20 217.3 -74.9 217.3 -74.9 6.90E-05 000.4 147.5 -87.6 0.030465 0.032668 0.009864 hargrave 2020-11-04 19:41:36 
575.10 221.9 -76.3 221.9 -76.3 7.03E-05 000.4 175.1 -89.3 0.030370 0.031210 0.008300 hargrave 2020-11-05 11:13:21 
580.10 222.1 -77.1 222.1 -77.1 7.01E-05 000.3 019.9 -89.9 0.028278 0.031019 0.007556 hargrave 2020-11-05 14:43:35 
580.00 083.9 -11.0 083.9 -11.0 1.68E-06 001.8 040.8 -01.2 0.004787 0.002353 0.001596 hargrave 2020-11-05 18:03:33 
585.00 097.2  03.9 097.2  03.9 1.46E-06 001.6 056.4  11.2 0.004218 0.000779 0.000748 hargrave 2020-11-06 09:23:11 
575.20 218.7 -75.4 218.7 -75.4 7.11E-05 000.3 150.7 -88.2 0.026695 0.029156 0.009855 hargrave 2020-11-06 13:03:26 
585.10 225.7 -74.5 225.7 -74.5 7.15E-05 000.4 200.7 -87.4 0.033598 0.029738 0.011380 hargrave 2020-11-06 17:29:50 
