AX22- 5b mag compass orientation (IGRF corrected)
      0  71.2  40.0   0.0   0.0   1.0
NRM    299.6  43.6 299.6  43.6 3.45E-05 001.2 266.7  61.2 0.067328 0.036332 0.011045 hargrave 2020-10-12 15:58:33 
100.00 301.1  42.4 301.1  42.4 3.44E-05 001.2 269.9  61.6 0.065181 0.034449 0.009187 hargrave 2020-10-14 11:08:45 
100.10 300.5  42.4 300.5  42.4 3.31E-05 001.2 269.4  61.2 0.064925 0.034288 0.011164 hargrave 2020-10-14 16:38:38 
200.10 300.6  42.1 300.6  42.1 2.88E-05 001.4 270.1  61.1 0.063356 0.035398 0.010393 hargrave 2020-10-15 11:27:36 
200.00 300.1  42.4 300.1  42.4 2.90E-05 000.6 269.2  61.0 0.019209 0.023663 0.009658 hargrave 2020-10-15 14:25:39 
300.00 299.6  42.5 299.6  42.5 2.73E-05 000.6 268.6  60.7 0.020400 0.024002 0.009910 hargrave 2020-10-15 17:04:57 
100.20 300.6  42.3 300.6  42.3 2.63E-05 001.5 269.7  61.2 0.065404 0.034531 0.009541 hargrave 2020-10-16 13:27:42 
300.10 299.0  41.4 299.0  41.4 2.45E-05 001.5 270.0  59.7 0.060563 0.034714 0.009381 hargrave 2020-10-18 14:02:47 
400.10 298.5  42.4 298.5  42.4 2.12E-05 001.8 268.0  59.9 0.061847 0.031883 0.007924 hargrave 2020-10-18 17:39:02 
400.00 300.9  41.7 300.9  41.7 2.20E-05 000.6 271.1  61.1 0.012677 0.019848 0.009176 hargrave 2020-10-19 11:39:53 
450.00 300.4  42.2 300.4  42.2 2.10E-05 000.6 269.8  61.1 0.013213 0.019388 0.008924 hargrave 2020-10-19 14:39:41 
300.20 298.5  40.6 298.5  40.6 1.95E-05 001.9 270.9  59.0 0.059391 0.031509 0.009223 hargrave 2020-10-19 18:39:30 
450.10 294.7  41.7 294.7  41.7 1.77E-05 000.7 266.4  57.2 0.015155 0.016227 0.008228 hargrave 2020-10-20 11:19:47 
475.10 292.2  43.0 292.2  43.0 1.61E-05 002.4 262.6  56.2 0.063737 0.032546 0.006634 hargrave 2020-10-20 16:03:48 
475.00 298.0  42.1 298.0  42.1 1.82E-05 002.1 268.1  59.4 0.061841 0.032128 0.007539 hargrave 2020-10-21 11:11:03 
500.00 299.5  44.5 299.5  44.5 1.74E-05 002.2 264.8  61.5 0.061401 0.032942 0.005893 hargrave 2020-10-21 15:39:00 
450.20 295.8  40.8 295.8  40.8 1.51E-05 002.5 268.6  57.3 0.058144 0.032457 0.013116 hargrave 2020-10-22 10:47:09 
500.10 285.5  42.4 285.5  42.4 1.31E-05 000.7 259.3  51.6 0.015089 0.011565 0.005935 hargrave 2020-10-22 14:35:29 
510.10 285.6  33.1 285.6  33.1 1.17E-05 000.7 270.9  46.2 0.010390 0.014588 0.006151 hargrave 2020-10-22 18:19:22 
510.00 299.0  41.8 299.0  41.8 1.48E-05 002.5 269.3  59.9 0.059978 0.032897 0.005725 hargrave 2020-10-23 12:40:29 
520.00 297.0  44.1 297.0  44.1 1.43E-05 000.6 263.9  59.8 0.012523 0.011573 0.004480 hargrave 2020-10-23 15:45:50 
500.20 253.6  18.1 253.6  18.1 7.02E-06 001.2 259.9  15.3 0.015340 0.009371 0.004615 hargrave 2020-10-25 16:44:35 
520.10 233.5  01.3 233.5  01.3 7.57E-06 001.5 255.4 -10.3 0.018313 0.009896 0.014019 hargrave 2020-10-26 11:15:35 
530.10 203.5 -29.2 203.5 -29.2 1.06E-05 001.1 252.9 -52.0 0.019057 0.007570 0.003837 hargrave 2020-10-26 18:31:51 
530.00 296.4  42.9 296.4  42.9 1.25E-05 000.8 265.7  58.8 0.013041 0.011517 0.005487 hargrave 2020-10-27 10:45:45 
540.00 295.2  43.0 295.2  43.0 1.15E-05 000.8 264.6  58.1 0.012734 0.009467 0.004500 hargrave 2020-10-27 13:44:16 
520.20 183.1 -43.7 183.1 -43.7 2.53E-05 000.7 255.4 -73.8 0.027011 0.013662 0.009318 hargrave 2020-10-27 16:52:52 
540.10 174.6 -46.4 174.6 -46.4 3.40E-05 000.5 253.3 -80.4 0.028550 0.016249 0.010828 hargrave 2020-10-28 09:43:46 
550.10 166.6 -45.7 166.6 -45.7 5.06E-05 000.5 221.9 -84.4 0.034980 0.020044 0.014712 hargrave 2020-10-28 13:48:27 
550.00 296.4  42.0 296.4  42.0 7.71E-06 000.8 267.2  58.4 0.008242 0.007291 0.003618 hargrave 2020-10-28 16:57:18 
553.00 295.2  45.8 295.2  45.8 6.33E-06 000.9 259.8  59.3 0.007676 0.006519 0.002306 hargrave 2020-10-29 09:27:46 
540.20 162.7 -47.6 162.7 -47.6 8.76E-05 000.4 202.2 -87.4 0.047141 0.037832 0.013239 hargrave 2020-10-31 10:02:49 
553.10 165.2 -47.2 165.2 -47.2 1.00E-04 000.4 225.1 -86.2 0.063536 0.042977 0.024481 hargrave 2020-10-31 13:55:27 
556.10 163.8 -45.9 163.8 -45.9 1.13E-04 000.4 204.1 -85.6 0.072318 0.047557 0.029364 hargrave 2020-10-31 17:31:36 
556.00 288.2  44.2 288.2  44.2 4.11E-06 000.9 258.4  54.3 0.005591 0.004708 0.001950 hargrave 2020-11-01 09:17:14 
559.00 298.9  35.0 298.9  35.0 3.82E-06 001.0 279.8  56.0 0.002324 0.006643 0.002161 hargrave 2020-11-01 12:28:15 
553.20 160.5 -48.3 160.5 -48.3 1.42E-04 000.4 165.6 -88.2 0.071212 0.059263 0.036915 hargrave 2020-11-01 15:46:38 
559.10 162.8 -47.9 162.8 -47.9 1.54E-04 000.4 206.8 -87.6 0.088234 0.069351 0.031480 hargrave 2020-11-02 09:38:17 
562.10 160.7 -47.3 160.7 -47.3 1.65E-04 000.4 172.8 -87.3 0.086104 0.067498 0.038616 hargrave 2020-11-02 13:14:13 
562.00 275.9  47.0 275.9  47.0 2.49E-06 001.0 247.9  48.0 0.004122 0.003440 0.000849 hargrave 2020-11-02 16:36:15 
565.00 273.1  32.2 273.1  32.2 2.28E-06 001.1 262.6  37.7 0.004319 0.003534 0.001496 hargrave 2020-11-03 09:29:35 
559.20 162.2 -47.4 162.2 -47.4 1.95E-04 000.4 194.9 -87.3 0.110977 0.083682 0.044731 hargrave 2020-11-03 12:49:35 
565.10 159.3 -47.9 159.3 -47.9 2.04E-04 000.4 148.2 -87.6 0.102182 0.088732 0.048576 hargrave 2020-11-03 16:30:31 
570.10 161.5 -46.7 161.5 -46.7 2.14E-04 000.4 183.5 -86.7 0.127869 0.095543 0.055196 hargrave 2020-11-04 09:45:30 
570.00 266.9  34.6 266.9  34.6 1.08E-06 001.3 256.2  35.3 0.002223 0.002954 0.000806 hargrave 2020-11-04 13:04:55 
575.00 298.1  44.3 298.1  44.3 1.30E-06 001.0 264.4  60.6 0.001190 0.002084 0.000371 hargrave 2020-11-04 16:08:56 
565.20 161.6 -46.2 161.6 -46.2 2.38E-04 000.4 183.7 -86.2 0.145294 0.107622 0.052754 hargrave 2020-11-04 19:43:38 
575.10 161.7 -46.9 161.7 -46.9 2.48E-04 000.4 186.6 -86.9 0.145624 0.109575 0.054632 hargrave 2020-11-05 11:15:23 
580.10 160.6 -47.2 160.6 -47.2 2.54E-04 000.4 171.4 -87.2 0.140928 0.116128 0.058248 hargrave 2020-11-05 14:45:37 
580.00 248.0  12.0 248.0  12.0 1.25E-06 001.4 259.8  07.2 0.003439 0.003410 0.001087 hargrave 2020-11-05 18:05:04 
585.00 239.8 -05.3 239.8 -05.3 1.03E-06 001.5 264.6 -11.4 0.002378 0.004072 0.001178 hargrave 2020-11-06 09:24:41 
575.20 158.7 -47.9 158.7 -47.9 2.79E-04 000.4 140.9 -87.3 0.129864 0.128224 0.061132 hargrave 2020-11-06 13:05:29 
585.10 161.3 -46.3 161.3 -46.3 2.84E-04 000.4 181.2 -86.3 0.139059 0.110559 0.058457 hargrave 2020-11-06 17:31:52 
