AX3- 8a mag compass orientation (IGRF corrected)
      0  74.7  65.0   0.0   0.0   1.0
NRM    286.0  33.3 286.0  33.3 1.27E-06 001.0 246.3  38.7 0.001949 0.001568 0.000485 hargrave 2019-12-20 14:53:17 
100.00 287.0  33.4 287.0  33.4 1.29E-06 000.8 246.3  39.5 0.001851 0.000927 0.000533 hargrave 2019-12-22 10:52:06 
100.10 287.5  28.2 287.5  28.2 1.26E-06 001.1 253.0  39.2 0.002249 0.001341 0.000839 hargrave 2019-12-22 16:19:59 
200.10 286.6  29.1 286.6  29.1 1.08E-06 001.0 251.7  38.6 0.001845 0.000884 0.000723 hargrave 2019-12-23 15:16:38 
200.00 289.2  29.1 289.2  29.1 1.10E-06 001.0 252.1  40.9 0.001674 0.001130 0.000584 hargrave 2019-12-24 13:59:28 
300.00 288.9  30.0 288.9  30.0 9.82E-07 001.1 250.9  40.7 0.002017 0.000994 0.000863 hargrave 2019-12-25 14:25:41 
100.20 290.9  32.0 290.9  32.0 9.66E-07 001.0 248.6  42.7 0.001511 0.000923 0.000695 hargrave 2019-12-26 13:06:48 
300.10 280.4  31.7 280.4  31.7 9.44E-07 001.3 247.3  33.8 0.002336 0.000642 0.000584 hargrave 2019-12-26 17:02:43 
400.10 254.4  26.8 254.4  26.8 6.08E-07 001.5 245.3  10.8 0.001714 0.000420 0.000602 hargrave 2019-12-27 14:40:02 
400.00 277.6  25.2 277.6  25.2 6.74E-07 001.3 254.1  30.0 0.001533 0.000577 0.000764 hargrave 2019-12-28 14:36:25 
425.00 278.9  28.1 278.9  28.1 6.64E-07 001.6 251.2  31.8 0.002012 0.000679 0.000648 hargrave 2019-12-29 13:09:23 
300.20 260.9  25.9 260.9  25.9 5.95E-07 001.6 248.4  15.8 0.001896 0.000720 0.000351 hargrave 2019-12-29 17:19:11 
425.10 240.9  13.9 240.9  13.9 5.67E-07 000.9 251.5 -06.2 0.000949 0.000374 0.000320 hargrave 2019-12-30 13:12:06 
450.10 227.3  07.9 227.3  07.9 4.93E-07 000.8 250.2 -20.8 0.000606 0.000671 0.000282 hargrave 2019-12-30 19:12:29 
450.00 276.5  28.0 276.5  28.0 5.27E-07 000.7 250.8  29.7 0.000628 0.000319 0.000299 hargrave 2019-12-31 19:28:28 
475.00 281.9  41.4 281.9  41.4 4.04E-07 001.2 235.8  36.1 0.000836 0.000245 0.000407 hargrave 2020-01-01 12:10:55 
425.20 223.0  17.4 223.0  17.4 3.67E-07 001.5 239.2 -19.1 0.001028 0.000366 0.000348 hargrave 2020-01-01 15:53:36 
475.10 199.2  01.1 199.2  01.1 5.55E-07 001.3 237.1 -47.6 0.001230 0.000432 0.000311 hargrave 2020-01-02 11:17:40 
500.10 179.4 -18.7 179.4 -18.7 6.30E-07 000.4 248.1 -75.0 0.000179 0.000291 0.000364 hargrave 2020-01-02 15:31:47 
500.00 276.4  32.7 276.4  32.7 2.98E-07 001.7 245.4  30.7 0.000523 0.000728 0.000378 hargrave 2020-01-03 13:07:03 
520.00 274.3  24.9 274.3  24.9 2.72E-07 001.3 253.5  27.0 0.000638 0.000272 0.000257 hargrave 2020-01-03 17:35:00 
475.20 180.3 -11.5 180.3 -11.5 7.03E-07 001.8 230.3 -70.0 0.001900 0.001034 0.000335 hargrave 2020-01-14 13:47:03 
520.10 165.3 -21.9 165.3 -21.9 8.70E-07 000.6 189.8 -86.9 0.000708 0.000576 0.000298 hargrave 2020-01-18 12:50:37 
530.10 172.5 -21.6 172.5 -21.6 9.32E-07 000.5 246.3 -82.1 0.000751 0.000494 0.000210 hargrave 2020-01-18 16:41:43 
530.00 257.5  23.8 257.5  23.8 2.42E-07 002.5 249.2  12.2 0.001015 0.000368 0.000553 hargrave 2020-01-19 12:54:31 
540.00 267.3  25.5 267.3  25.5 1.99E-07 001.4 250.7  21.1 0.000356 0.000544 0.000182 hargrave 2020-01-19 16:23:57 
520.20 173.2 -25.3 173.2 -25.3 9.26E-07 000.4 274.2 -82.3 0.000383 0.000571 0.000224 hargrave 2020-01-20 13:02:13 
540.10 171.9 -22.5 171.9 -22.5 1.00E-06 000.7 250.3 -83.0 0.000994 0.000561 0.000325 hargrave 2020-01-20 17:02:54 
550.10 168.2 -21.9 168.2 -21.9 1.09E-06 001.0 226.6 -85.5 0.001514 0.001045 0.000170 hargrave 2020-01-21 10:59:48 
550.00 267.3  23.1 267.3  23.1 2.03E-07 001.7 253.2  20.3 0.000637 0.000287 0.000356 hargrave 2020-01-21 14:26:11 
555.00 287.6  26.4 287.6  26.4 1.82E-07 000.9 255.3  38.9 0.000335 0.000218 0.000238 hargrave 2020-01-21 18:00:38 
540.20 171.8 -24.7 171.8 -24.7 1.11E-06 000.2 268.5 -83.5 0.000195 0.000442 0.000612 hargrave 2020-01-22 13:01:42 
555.10 165.5 -26.9 165.5 -26.9 1.26E-06 000.9 339.1 -88.0 0.001577 0.001261 0.000416 hargrave 2020-01-23 10:09:52 
560.10 168.6 -24.8 168.6 -24.8 1.35E-06 000.3 268.2 -86.4 0.000490 0.000626 0.000383 hargrave 2020-01-23 14:29:41 
560.00 264.7  14.0 264.7  14.0 1.84E-07 003.3 261.2  14.8 0.001083 0.000582 0.000108 hargrave 2020-01-24 09:23:51 
562.00 276.8  26.7 276.8  26.7 1.57E-07 001.7 252.2  29.6 0.000402 0.000125 0.000398 hargrave 2020-01-24 13:11:23 
555.20 166.0 -23.8 166.0 -23.8 1.38E-06 000.5 225.8 -88.3 0.000868 0.000681 0.000339 hargrave 2020-01-24 17:11:05 
562.10 172.2 -27.1 172.2 -27.1 1.39E-06 000.6 288.9 -83.0 0.000986 0.001007 0.000437 hargrave 2020-01-25 12:58:39 
564.10 170.7 -25.0 170.7 -25.0 1.40E-06 000.5 271.5 -84.5 0.000968 0.000853 0.000460 hargrave 2020-01-25 16:54:00 
564.00 289.3  16.6 289.3  16.6 1.11E-07 000.9 267.9  37.8 0.000151 0.000192 0.000084 hargrave 2020-01-26 14:47:12 
566.00 319.2  03.8 319.2  03.8 1.49E-07 001.7 306.8  57.6 0.000347 0.000216 0.000312 hargrave 2020-01-26 18:03:00 
562.20 168.7 -25.7 168.7 -25.7 1.49E-06 000.6 281.5 -86.3 0.001085 0.000926 0.000446 hargrave 2020-01-27 11:14:58 
566.10 165.0 -26.6 165.0 -26.6 1.60E-06 000.5 351.5 -88.4 0.000991 0.000924 0.000399 hargrave 2020-01-27 15:01:41 
570.10 164.2 -25.5 164.2 -25.5 1.61E-06 000.2 041.8 -89.4 0.000468 0.000347 0.000382 hargrave 2020-01-28 11:19:41 
570.00 272.3  03.2 272.3  03.2 9.60E-08 002.2 274.6  17.3 0.000173 0.000149 0.000364 hargrave 2020-01-28 17:26:43 
575.00 314.7  27.4 314.7  27.4 9.83E-08 000.5 258.3  63.0 0.000075 0.000032 0.000131 hargrave 2020-01-29 10:58:05 
566.20 165.5 -26.0 165.5 -26.0 1.57E-06 000.7 324.2 -88.8 0.001442 0.001303 0.000792 hargrave 2020-01-29 14:38:17 
575.10 165.6 -25.6 165.6 -25.6 1.70E-06 000.5 306.1 -89.0 0.001101 0.001006 0.000490 hargrave 2020-01-30 11:14:54 
580.10 170.3 -23.4 170.3 -23.4 1.70E-06 000.3 254.3 -84.6 0.000477 0.000572 0.000506 hargrave 2020-01-30 15:07:32 
580.00 268.4  17.9 268.4  17.9 8.27E-08 003.4 258.8  19.6 0.000534 0.000322 0.000133 hargrave 2020-01-31 10:56:45 
585.00 276.8  10.9 276.8  10.9 1.24E-07 004.6 269.0  24.5 0.000910 0.000591 0.000209 hargrave 2020-01-31 14:32:29 
575.20 165.9 -23.3 165.9 -23.3 1.77E-06 000.4 212.4 -88.0 0.000974 0.000785 0.000661 hargrave 2020-01-31 18:20:56 
585.10 167.7 -24.0 167.7 -24.0 1.91E-06 000.5 251.4 -87.1 0.001260 0.001088 0.000419 hargrave 2020-02-01 13:13:23 
