AX3- 9a mag compass orientation (IGRF corrected)
      0  60.7  67.0   0.0   0.0   1.0
NRM    285.5  44.1 285.5  44.1 1.12E-06 001.2 229.0  47.5 0.002424 0.000744 0.000277 hargrave 2019-12-20 14:56:02 
100.00 284.8  42.6 284.8  42.6 1.11E-06 001.1 231.4  47.4 0.001964 0.001093 0.000390 hargrave 2019-12-22 10:53:31 
100.10 289.1  43.5 289.1  43.5 1.04E-06 001.0 228.9  50.2 0.001595 0.000952 0.000558 hargrave 2019-12-22 16:21:53 
200.10 291.5  35.4 291.5  35.4 9.31E-07 001.3 240.9  53.8 0.002142 0.000380 0.000643 hargrave 2019-12-23 15:18:33 
200.00 292.6  32.3 292.6  32.3 9.49E-07 000.8 246.1  55.2 0.000985 0.000877 0.000366 hargrave 2019-12-24 14:01:04 
300.00 295.3  36.4 295.3  36.4 8.48E-07 000.9 238.2  56.7 0.001361 0.000535 0.000289 hargrave 2019-12-25 14:27:17 
100.20 291.1  35.4 291.1  35.4 7.92E-07 000.9 241.0  53.6 0.000626 0.001023 0.000431 hargrave 2019-12-26 13:08:56 
300.10 283.9  36.8 283.9  36.8 7.23E-07 001.2 240.0  47.6 0.001489 0.000372 0.000428 hargrave 2019-12-26 17:04:49 
400.10 245.7  36.3 245.7  36.3 3.38E-07 002.3 237.2  17.2 0.001491 0.000449 0.000127 hargrave 2019-12-27 14:42:09 
400.00 280.5  40.7 280.5  40.7 4.33E-07 002.0 234.8  44.5 0.001577 0.000582 0.000489 hargrave 2019-12-28 14:38:01 
425.00 281.5  39.4 281.5  39.4 4.08E-07 001.8 236.5  45.5 0.001344 0.000443 0.000291 hargrave 2019-12-29 13:10:59 
300.20 260.1  44.5 260.1  44.5 3.68E-07 001.2 230.5  29.4 0.000824 0.000190 0.000326 hargrave 2019-12-29 17:21:17 
425.10 222.1  32.7 222.1  32.7 2.44E-07 001.6 233.0 -02.1 0.000789 0.000299 0.000148 hargrave 2019-12-30 13:14:13 
450.10 192.7  21.1 192.7  21.1 2.74E-07 001.7 226.0 -29.8 0.001038 0.000735 0.000177 hargrave 2019-12-30 19:16:15 
450.00 265.4  38.9 265.4  38.9 3.60E-07 000.8 237.5  33.0 0.000280 0.000385 0.000270 hargrave 2019-12-31 19:30:03 
475.00 271.5  36.0 271.5  36.0 3.03E-07 001.2 241.3  37.7 0.000281 0.000470 0.000495 hargrave 2020-01-01 12:12:31 
425.20 187.6  08.4 187.6  08.4 2.80E-07 002.8 233.3 -42.1 0.001338 0.000613 0.000270 hargrave 2020-01-01 15:55:44 
475.10 177.9 -03.6 177.9 -03.6 3.34E-07 001.1 237.6 -57.3 0.000629 0.000077 0.000225 hargrave 2020-01-02 11:19:47 
500.10 174.7 -11.2 174.7 -11.2 5.18E-07 000.6 246.8 -64.2 0.000383 0.000402 0.000228 hargrave 2020-01-02 15:33:54 
500.00 291.2  29.2 291.2  29.2 1.94E-07 002.9 251.5  54.1 0.000746 0.000653 0.000146 hargrave 2020-01-03 13:08:39 
520.00 298.2  40.0 298.2  40.0 1.75E-07 000.9 230.5  57.7 0.000277 0.000095 0.000211 hargrave 2020-01-03 17:36:36 
475.20 162.8 -26.1 162.8 -26.1 4.26E-07 001.7 288.2 -78.5 0.000961 0.000841 0.000148 hargrave 2020-01-14 13:49:10 
520.10 165.8 -19.3 165.8 -19.3 5.61E-07 000.2 258.3 -75.5 0.000112 0.000162 0.000277 hargrave 2020-01-18 12:52:44 
530.10 163.1 -20.8 163.1 -20.8 6.31E-07 000.7 261.5 -78.3 0.000571 0.000430 0.000151 hargrave 2020-01-18 16:43:50 
530.00 246.4  23.9 246.4  23.9 1.89E-07 002.1 249.7  14.0 0.000598 0.000206 0.000493 hargrave 2020-01-19 12:56:06 
540.00 288.3  47.8 288.3  47.8 1.56E-07 002.0 222.9  48.2 0.000422 0.000349 0.000189 hargrave 2020-01-19 16:25:33 
520.20 156.6 -15.4 156.6 -15.4 5.91E-07 000.5 217.5 -80.6 0.000480 0.000247 0.000069 hargrave 2020-01-20 13:04:20 
540.10 157.6 -24.7 157.6 -24.7 7.73E-07 000.3 286.8 -83.5 0.000354 0.000278 0.000135 hargrave 2020-01-20 17:05:02 
550.10 157.0 -16.6 157.0 -16.6 8.34E-07 000.5 224.1 -81.3 0.000624 0.000302 0.000208 hargrave 2020-01-21 11:01:56 
550.00 259.4  70.4 259.4  70.4 1.38E-07 002.7 201.1  27.8 0.000784 0.000441 0.000392 hargrave 2020-01-21 14:27:47 
555.00 266.5  69.7 266.5  69.7 1.43E-07 002.8 201.2  30.3 0.000901 0.000441 0.000247 hargrave 2020-01-21 18:02:14 
540.20 155.4 -22.9 155.4 -22.9 8.16E-07 000.4 269.2 -85.6 0.000461 0.000360 0.000087 hargrave 2020-01-22 13:03:49 
555.10 157.6 -24.7 157.6 -24.7 9.33E-07 000.9 286.4 -83.5 0.001128 0.000893 0.000278 hargrave 2020-01-23 10:11:59 
560.10 157.8 -25.7 157.8 -25.7 9.84E-07 000.4 294.0 -82.9 0.000482 0.000578 0.000204 hargrave 2020-01-23 14:31:48 
560.00 256.7  66.6 256.7  66.6 1.19E-07 003.2 205.4  27.3 0.000848 0.000454 0.000109 hargrave 2020-01-24 09:25:27 
562.00 250.9  28.5 250.9  28.5 7.83E-08 003.6 246.4  19.2 0.000489 0.000389 0.000095 hargrave 2020-01-24 13:12:58 
555.20 155.0 -22.1 155.0 -22.1 9.34E-07 000.4 258.3 -85.9 0.000541 0.000396 0.000074 hargrave 2020-01-24 17:13:12 
562.10 157.5 -26.9 157.5 -26.9 1.08E-06 000.6 303.4 -82.7 0.000683 0.000787 0.000295 hargrave 2020-01-25 13:00:47 
564.10 153.5 -22.1 153.5 -22.1 1.04E-06 000.4 251.2 -87.3 0.000515 0.000503 0.000280 hargrave 2020-01-25 16:56:07 
564.00 282.4  42.8 282.4  42.8 6.96E-08 005.5 231.5  45.6 0.000658 0.000401 0.000127 hargrave 2020-01-26 14:48:48 
566.00 279.6  38.2 279.6  38.2 8.49E-08 002.0 238.4  44.1 0.000297 0.000146 0.000044 hargrave 2020-01-26 18:04:37 
562.20 154.4 -23.1 154.4 -23.1 1.11E-06 000.4 273.3 -86.6 0.000653 0.000536 0.000205 hargrave 2020-01-27 11:17:05 
566.10 153.0 -27.1 153.0 -27.1 1.15E-06 000.6 333.9 -85.4 0.000911 0.000865 0.000361 hargrave 2020-01-27 15:03:52 
570.10 154.5 -22.8 154.5 -22.8 1.21E-06 000.2 267.0 -86.5 0.000402 0.000317 0.000382 hargrave 2020-01-28 11:21:49 
570.00 281.6  38.3 281.6  38.3 8.34E-08 004.5 238.1  45.6 0.000642 0.000374 0.000218 hargrave 2020-01-28 17:28:20 
575.00 276.1  11.5 276.1  11.5 1.08E-07 000.9 272.7  36.9 0.000145 0.000199 0.000231 hargrave 2020-01-29 10:59:40 
566.20 157.8 -18.8 157.8 -18.8 1.26E-06 000.8 239.1 -82.1 0.001406 0.000908 0.000431 hargrave 2020-01-29 14:40:25 
575.10 154.3 -23.8 154.3 -23.8 1.32E-06 000.3 284.6 -86.6 0.000273 0.000553 0.000308 hargrave 2020-01-30 11:17:05 
580.10 161.8 -24.0 161.8 -24.0 1.39E-06 000.5 278.0 -79.8 0.000731 0.000751 0.000571 hargrave 2020-01-30 15:09:45 
580.00 240.7  26.2 240.7  26.2 7.45E-08 001.4 245.6  09.9 0.000200 0.000096 0.000075 hargrave 2020-01-31 10:58:21 
585.00 268.1  13.5 268.1  13.5 8.02E-08 005.0 267.4  30.2 0.000677 0.000451 0.000104 hargrave 2020-01-31 14:34:04 
575.20 156.3 -23.2 156.3 -23.2 1.33E-06 000.4 272.8 -84.8 0.000696 0.000574 0.000601 hargrave 2020-01-31 18:23:03 
585.10 153.3 -25.7 153.3 -25.7 1.45E-06 000.7 319.2 -86.4 0.001409 0.001220 0.000225 hargrave 2020-02-01 13:15:31 
