AX1- 2a mag compass orientation (IGRF corrected)
      0 102.1  82.0   0.0   0.0   1.0
NRM    291.9  40.5 291.9  40.5 1.74E-03 000.5 230.2  12.6 0.838577 0.696362 1.421772 hargrave 2019-12-20 11:45:28 
100.00 291.9  41.3 291.9  41.3 1.71E-03 000.5 229.3  12.7 1.117355 0.478395 1.459612 hargrave 2019-12-21 13:11:02 
100.10 291.1  42.9 291.1  42.9 1.70E-03 000.5 227.7  12.0 0.989917 0.354089 1.383529 hargrave 2019-12-22 13:27:41 
200.10 286.6  40.1 286.6  40.1 1.60E-03 000.5 230.5  08.6 0.834136 0.427173 1.345696 hargrave 2019-12-23 12:09:31 
200.00 289.9  43.7 289.9  43.7 1.60E-03 000.5 226.9  11.2 0.299334 0.687929 1.366815 hargrave 2019-12-24 13:05:30 
300.00 291.6  38.2 291.6  38.2 1.51E-03 000.6 232.5  12.4 0.302117 0.674906 1.326373 hargrave 2019-12-25 13:31:49 
100.20 289.1  35.8 289.1  35.8 1.50E-03 000.6 234.9  10.3 0.439314 0.647653 1.464837 hargrave 2019-12-26 12:10:32 
300.10 282.6  38.1 282.6  38.1 1.47E-03 000.6 232.2  05.3 0.390865 0.687152 1.394961 hargrave 2019-12-26 16:06:56 
400.10 272.3  34.0 272.3  34.0 1.29E-03 000.6 234.9 -03.6 0.534279 0.750818 1.225432 hargrave 2019-12-27 13:42:51 
400.00 285.2  38.3 285.2  38.3 1.26E-03 000.6 232.2  07.3 0.242458 0.716828 1.165992 hargrave 2019-12-28 13:42:59 
425.00 286.2  45.4 286.2  45.4 1.19E-03 000.7 225.1  08.6 0.373808 1.000074 1.205127 hargrave 2019-12-29 12:17:25 
300.20 277.1  40.6 277.1  40.6 1.18E-03 000.5 229.1  01.4 0.387991 0.611324 1.065401 hargrave 2019-12-29 16:23:46 
425.10 267.5  35.4 267.5  35.4 1.16E-03 000.5 232.6 -07.1 0.386577 0.470942 0.971656 hargrave 2019-12-30 12:13:58 
450.10 260.7  36.5 260.7  36.5 1.14E-03 000.5 229.9 -11.9 0.128891 0.430958 0.883761 hargrave 2019-12-30 19:23:44 
450.00 281.0  36.8 281.0  36.8 1.09E-03 000.5 233.4  03.9 0.358219 0.341608 0.930640 hargrave 2019-12-31 18:33:33 
475.00 284.6  34.8 284.6  34.8 1.01E-03 000.5 235.6  06.6 0.299005 0.114546 0.828444 hargrave 2020-01-01 11:16:46 
425.20 261.7  29.7 261.7  29.7 1.03E-03 000.4 236.8 -13.3 0.080496 0.182841 0.787132 hargrave 2020-01-01 14:58:28 
475.10 252.1  30.4 252.1  30.4 1.04E-03 000.4 233.1 -20.8 0.114049 0.290557 0.772138 hargrave 2020-01-02 10:22:29 
500.10 233.2  20.1 233.2  20.1 1.11E-03 000.4 234.5 -40.8 0.271440 0.376255 0.697135 hargrave 2020-01-02 14:35:43 
500.00 266.6  38.2 266.6  38.2 7.86E-04 000.5 229.7 -07.0 0.114984 0.186043 0.647866 hargrave 2020-01-03 12:13:49 
520.00 276.0  37.8 276.0  37.8 5.79E-04 000.5 231.8  00.1 0.127793 0.150186 0.481183 hargrave 2020-01-03 16:41:05 
475.20 224.0  18.6 224.0  18.6 8.74E-04 000.4 229.6 -48.8 0.332637 0.231136 0.507622 hargrave 2020-01-14 12:51:33 
520.10 209.8  04.2 209.8  04.2 1.36E-03 000.3 236.1 -68.5 0.376447 0.580837 0.219051 hargrave 2020-01-18 11:54:19 
530.10 200.7 -01.6 200.7 -01.6 1.89E-03 000.3 233.8 -79.3 0.708366 0.849173 0.222204 hargrave 2020-01-18 15:45:22 
530.00 227.5  17.4 227.5  17.4 4.46E-04 000.3 233.7 -46.8 0.087909 0.176916 0.193013 hargrave 2020-01-19 12:00:48 
540.00 246.0  26.4 246.0  26.4 2.09E-04 000.4 234.6 -27.4 0.064392 0.096066 0.135740 hargrave 2020-01-19 15:31:38 
520.20 197.0 -04.0 197.0 -04.0 1.75E-03 000.3 230.4 -83.7 0.713418 0.771934 0.206673 hargrave 2020-01-20 12:05:54 
540.10 196.0 -05.4 196.0 -05.4 2.55E-03 000.4 236.3 -85.4 1.067424 1.156206 0.355330 hargrave 2020-01-20 16:05:29 
550.10 194.2 -06.0 194.2 -06.0 2.99E-03 000.4 226.2 -87.1 1.348252 1.383004 0.672793 hargrave 2020-01-21 10:03:32 
550.00 217.5  10.2 217.5  10.2 1.74E-04 000.4 234.7 -58.8 0.048485 0.117439 0.045387 hargrave 2020-01-21 13:33:59 
555.00 229.3  18.8 229.3  18.8 9.13E-05 000.6 233.4 -44.6 0.047246 0.077394 0.039420 hargrave 2020-01-21 17:08:17 
540.20 192.6 -07.1 192.6 -07.1 3.03E-03 000.4 209.9 -89.0 1.411215 1.437061 0.585710 hargrave 2020-01-22 12:05:27 
555.10 193.1 -06.7 193.1 -06.7 3.55E-03 000.4 218.1 -88.3 1.616233 1.619556 0.743026 hargrave 2020-01-23 09:13:38 
560.10 193.2 -07.2 193.2 -07.2 3.82E-03 000.4 233.9 -88.6 1.764047 1.766374 0.857862 hargrave 2020-01-23 13:32:24 
560.00 215.0  09.4 215.0  09.4 8.11E-05 000.5 233.2 -61.3 0.060126 0.036219 0.022770 hargrave 2020-01-24 08:28:49 
562.00 223.0  14.0 223.0  14.0 5.81E-05 000.4 234.5 -52.2 0.045209 0.007144 0.020712 hargrave 2020-01-24 12:19:28 
555.20 193.5 -06.9 193.5 -06.9 4.01E-03 000.4 232.1 -88.3 1.888084 1.918123 0.816943 hargrave 2020-01-24 16:13:06 
562.10 193.0 -07.2 193.0 -07.2 4.24E-03 000.4 225.4 -88.8 2.046527 2.059183 0.733664 hargrave 2020-01-25 12:00:23 
564.10 192.5 -07.3 192.5 -07.3 4.46E-03 000.4 210.5 -89.2 2.116140 2.144597 0.725952 hargrave 2020-01-25 15:56:34 
564.00 217.1  08.8 217.1  08.8 5.21E-05 001.0 236.5 -60.0 0.083274 0.041606 0.011700 hargrave 2020-01-26 13:52:34 
566.00 214.3  05.9 214.3  05.9 4.81E-05 001.1 238.6 -63.8 0.068239 0.062919 0.014227 hargrave 2020-01-26 17:08:47 
562.20 193.0 -08.0 193.0 -08.0 4.58E-03 000.4 268.2 -89.1 2.128009 2.102231 0.670885 hargrave 2020-01-27 10:17:01 
566.10 192.8 -07.7 192.8 -07.7 4.70E-03 000.4 248.6 -89.3 2.201631 2.182762 0.622010 hargrave 2020-01-27 14:02:17 
570.10 191.7 -08.1 191.7 -08.1 4.83E-03 000.4 072.5 -89.5 2.240623 2.297874 0.686848 hargrave 2020-01-28 10:20:48 
570.00 201.6 -01.2 201.6 -01.2 7.92E-05 000.6 234.6 -78.4 0.073616 0.048989 0.016673 hargrave 2020-01-28 16:31:53 
575.00 209.3  09.8 209.3  09.8 3.76E-05 000.8 224.3 -65.3 0.053111 0.018661 0.005741 hargrave 2020-01-29 10:03:24 
566.20 193.0 -07.5 193.0 -07.5 4.91E-03 000.4 238.4 -89.0 2.264184 2.209573 0.657924 hargrave 2020-01-29 13:39:03 
575.10 192.5 -07.9 192.5 -07.9 5.07E-03 000.4 251.0 -89.5 2.412174 2.378425 0.617904 hargrave 2020-01-30 10:14:54 
580.10 192.7 -07.9 192.7 -07.9 5.09E-03 000.4 262.3 -89.4 2.431021 2.426420 0.566328 hargrave 2020-01-30 14:08:17 
580.00 217.9  02.4 217.9  02.4 3.35E-05 001.0 249.1 -62.2 0.049822 0.031503 0.011540 hargrave 2020-01-31 10:04:21 
585.00 215.5  22.2 215.5  22.2 2.77E-05 001.0 216.7 -52.1 0.051288 0.014361 0.010991 hargrave 2020-01-31 13:38:38 
575.20 192.8 -08.2 192.8 -08.2 5.17E-03 000.4 283.5 -89.3 2.369695 2.348199 0.550548 hargrave 2020-01-31 17:22:37 
585.10 193.1 -07.9 193.1 -07.9 5.26E-03 000.4 264.6 -89.0 2.494124 2.434532 0.591557 hargrave 2020-02-01 12:13:48 
