AX1- 3a sun compass orientation
      0  98.1  84.0   0.0   0.0   1.0
NRM    292.1  46.2 292.1  46.2 1.19E-03 000.4 223.8  14.0 0.446951 0.489872 0.918166 hargrave 2019-12-20 11:46:57 
100.00 291.9  43.0 291.9  43.0 1.19E-03 000.5 227.1  14.2 0.498780 0.326788 0.952856 hargrave 2019-12-21 13:12:27 
100.10 292.5  48.6 292.5  48.6 1.18E-03 000.5 221.3  14.0 0.597612 0.259237 0.922416 hargrave 2019-12-22 13:29:10 
200.10 289.5  45.6 289.5  45.6 1.13E-03 000.5 224.6  12.2 0.438279 0.392071 0.908404 hargrave 2019-12-23 12:11:00 
200.00 291.7  42.9 291.7  42.9 1.13E-03 000.6 227.2  14.0 0.152795 0.697972 1.037788 hargrave 2019-12-24 13:07:01 
300.00 292.7  40.6 292.7  40.6 1.08E-03 000.6 229.5  15.0 0.196009 0.661322 0.999549 hargrave 2019-12-25 13:33:19 
100.20 291.4  41.2 291.4  41.2 1.08E-03 000.6 229.0  13.9 0.188120 0.735653 1.019502 hargrave 2019-12-26 12:12:02 
300.10 287.2  37.9 287.2  37.9 1.06E-03 000.7 232.5  10.8 0.169093 0.769577 1.051314 hargrave 2019-12-26 16:08:27 
400.10 278.7  44.6 278.7  44.6 9.22E-04 000.7 225.6  04.6 0.194147 0.775881 0.905078 hargrave 2019-12-27 13:44:21 
400.00 287.8  39.5 287.8  39.5 9.13E-04 000.7 230.8  11.3 0.142318 0.731493 0.902871 hargrave 2019-12-28 13:44:30 
425.00 289.5  45.8 289.5  45.8 8.71E-04 000.7 224.3  12.2 0.446365 0.773348 0.864108 hargrave 2019-12-29 12:18:55 
300.20 282.9  40.6 282.9  40.6 8.61E-04 000.6 229.7  07.5 0.424593 0.628363 0.806580 hargrave 2019-12-29 16:25:16 
425.10 274.5  45.7 274.5  45.7 8.36E-04 000.6 224.2  01.8 0.491319 0.553200 0.764170 hargrave 2019-12-30 12:15:29 
450.10 269.0  41.4 269.0  41.4 8.05E-04 000.5 227.9 -02.8 0.556155 0.305412 0.720258 hargrave 2019-12-30 17:08:17 
450.00 284.5  42.5 284.5  42.5 7.99E-04 000.6 227.8  08.8 0.424504 0.335598 0.694071 hargrave 2019-12-31 18:35:05 
475.00 286.8  42.4 286.8  42.4 7.44E-04 000.5 228.0  10.4 0.356581 0.232622 0.619350 hargrave 2020-01-01 11:18:18 
425.20 267.9  40.8 267.9  40.8 7.35E-04 000.4 228.3 -03.7 0.247966 0.165739 0.568876 hargrave 2020-01-01 14:59:59 
475.10 257.8  39.6 257.8  39.6 7.26E-04 000.4 227.5 -11.5 0.062324 0.197850 0.533698 hargrave 2020-01-02 10:23:59 
500.10 232.8  28.6 232.8  28.6 7.45E-04 000.4 228.7 -34.8 0.122950 0.239530 0.458533 hargrave 2020-01-02 14:37:16 
500.00 270.4  38.6 270.4  38.6 5.69E-04 000.4 230.8 -02.3 0.046911 0.158968 0.433378 hargrave 2020-01-03 12:15:20 
520.00 277.7  38.9 277.7  38.9 4.09E-04 000.5 231.2  03.4 0.050070 0.122238 0.316709 hargrave 2020-01-03 16:42:36 
475.20 225.4  20.3 225.4  20.3 5.81E-04 000.4 233.4 -44.9 0.270103 0.176446 0.314958 hargrave 2020-01-14 12:53:04 
520.10 205.4  06.3 205.4  06.3 9.64E-04 000.3 234.8 -68.8 0.245481 0.440022 0.221172 hargrave 2020-01-18 11:55:49 
530.10 196.3 -00.1 196.3 -00.1 1.33E-03 000.4 234.6 -79.9 0.524963 0.647994 0.341027 hargrave 2020-01-18 15:46:52 
530.00 229.8  25.1 229.8  25.1 2.71E-04 000.3 230.7 -38.9 0.077420 0.103312 0.131613 hargrave 2020-01-19 12:02:18 
540.00 244.7  33.7 244.7  33.7 1.46E-04 000.4 229.2 -23.4 0.064687 0.059166 0.095322 hargrave 2020-01-19 15:33:09 
520.20 192.9 -02.3 192.9 -02.3 1.26E-03 000.4 233.1 -83.9 0.557189 0.594450 0.355262 hargrave 2020-01-20 12:07:25 
540.10 192.1 -03.6 192.1 -03.6 1.77E-03 000.4 238.8 -85.3 0.799527 0.855154 0.564828 hargrave 2020-01-20 16:07:00 
550.10 190.7 -05.5 190.7 -05.5 2.05E-03 000.4 258.3 -87.4 1.032604 0.999039 0.617265 hargrave 2020-01-21 10:05:03 
550.00 215.2  17.5 215.2  17.5 1.21E-04 000.4 228.3 -54.4 0.040000 0.057800 0.031828 hargrave 2020-01-21 13:35:31 
555.00 229.2  20.9 229.2  20.9 7.66E-05 000.4 235.1 -41.5 0.019497 0.035364 0.034768 hargrave 2020-01-21 17:09:48 
540.20 189.6 -06.1 189.6 -06.1 2.08E-03 000.4 275.2 -88.5 1.109390 1.064864 0.717428 hargrave 2020-01-22 12:06:57 
555.10 189.7 -05.9 189.7 -05.9 2.38E-03 000.4 266.9 -88.4 1.217304 1.172313 0.830885 hargrave 2020-01-23 09:15:08 
560.10 189.7 -06.3 189.7 -06.3 2.53E-03 000.4 282.4 -88.4 1.331226 1.252981 0.919119 hargrave 2020-01-23 13:33:55 
560.00 212.7  14.4 212.7  14.4 7.47E-05 000.4 229.9 -58.1 0.049580 0.031751 0.016883 hargrave 2020-01-24 08:30:23 
562.00 217.5  17.1 217.5  17.1 5.68E-05 000.4 231.1 -52.9 0.037351 0.009565 0.016280 hargrave 2020-01-24 12:20:59 
555.20 188.8 -06.1 188.8 -06.1 2.61E-03 000.4 281.8 -89.3 1.397451 1.338779 0.832887 hargrave 2020-01-24 16:14:37 
562.10 189.4 -05.5 189.4 -05.5 2.76E-03 000.4 249.0 -88.6 1.473430 1.443424 0.896484 hargrave 2020-01-25 12:01:53 
564.10 188.6 -06.3 188.6 -06.3 2.88E-03 000.4 303.4 -89.4 1.552225 1.519005 0.921170 hargrave 2020-01-25 15:58:04 
564.00 211.2  07.4 211.2  07.4 5.93E-05 000.8 240.1 -63.4 0.080247 0.028105 0.013396 hargrave 2020-01-26 13:54:05 
566.00 211.4  08.2 211.4  08.2 5.16E-05 001.0 238.9 -62.8 0.070722 0.051284 0.011290 hargrave 2020-01-26 17:10:18 
562.20 189.6 -06.7 189.6 -06.7 2.93E-03 000.4 294.1 -88.3 1.520335 1.429368 0.596218 hargrave 2020-01-27 10:18:32 
566.10 188.7 -07.1 188.7 -07.1 3.02E-03 000.4 328.9 -88.8 1.552624 1.492056 0.674351 hargrave 2020-01-27 14:03:48 
570.10 188.2 -07.2 188.2 -07.2 3.11E-03 000.4 354.8 -88.8 1.622476 1.595053 0.831254 hargrave 2020-01-28 10:22:18 
570.00 198.9  04.1 198.9  04.1 7.81E-05 000.8 227.1 -75.2 0.070550 0.075312 0.016525 hargrave 2020-01-28 16:33:24 
575.00 208.9  11.9 208.9  11.9 3.93E-05 000.9 229.1 -62.6 0.059148 0.022215 0.007820 hargrave 2020-01-29 10:04:55 
566.20 188.9 -07.3 188.9 -07.3 3.12E-03 000.4 329.6 -88.5 1.598727 1.508469 0.707776 hargrave 2020-01-29 13:40:34 
575.10 189.0 -06.7 189.0 -06.7 3.26E-03 000.4 309.9 -88.9 1.699968 1.621935 0.795338 hargrave 2020-01-30 10:16:25 
580.10 189.1 -07.1 189.1 -07.1 3.29E-03 000.4 318.6 -88.5 1.748249 1.656982 0.613568 hargrave 2020-01-30 14:09:48 
580.00 212.8  09.3 212.8  09.3 3.12E-05 000.9 238.3 -61.0 0.048611 0.021238 0.007608 hargrave 2020-01-31 10:05:51 
585.00 213.3  18.5 213.3  18.5 2.32E-05 001.0 224.9 -55.1 0.040126 0.014108 0.006874 hargrave 2020-01-31 13:40:08 
575.20 189.1 -06.7 189.1 -06.7 3.30E-03 000.4 305.7 -88.8 1.680669 1.591229 0.758231 hargrave 2020-01-31 17:24:11 
585.10 189.3 -07.0 189.3 -07.0 3.38E-03 000.4 310.3 -88.5 1.772479 1.683194 0.763250 hargrave 2020-02-01 12:15:20 
