AX11- 3a sun compass orientation
      0  25.1  72.0   0.0   0.0   1.0
NRM    282.9  25.0 282.9  25.0 3.78E-04 000.3 236.0  76.7 0.123838 0.180445 0.094836 hargrave 2019-12-20 12:13:40 
100.00 283.0  24.8 283.0  24.8 3.77E-04 000.3 236.8  76.9 0.135800 0.177507 0.132283 hargrave 2019-12-21 13:34:08 
100.10 283.1  25.9 283.1  25.9 3.77E-04 000.3 232.4  76.4 0.105580 0.146874 0.085293 hargrave 2019-12-22 13:50:29 
200.10 283.3  24.8 283.3  24.8 3.71E-04 000.4 236.5  77.1 0.096650 0.202124 0.105970 hargrave 2019-12-23 12:33:21 
200.00 284.0  24.2 284.0  24.2 3.74E-04 000.3 237.2  78.0 0.088439 0.183986 0.070679 hargrave 2019-12-24 13:29:11 
300.00 283.3  23.0 283.3  23.0 3.67E-04 000.4 243.6  77.9 0.122643 0.185999 0.123255 hargrave 2019-12-25 13:55:44 
100.20 283.2  22.8 283.2  22.8 3.66E-04 000.3 244.5  77.9 0.075724 0.160589 0.095719 hargrave 2019-12-26 12:34:59 
300.10 283.0  23.3 283.0  23.3 3.58E-04 000.4 243.1  77.5 0.105213 0.179161 0.121635 hargrave 2019-12-26 16:30:39 
400.10 281.6  21.9 281.6  21.9 3.29E-04 000.4 250.9  76.7 0.075161 0.173672 0.112410 hargrave 2019-12-27 14:07:15 
400.00 282.1  22.4 282.1  22.4 3.43E-04 000.3 247.8  77.0 0.076877 0.149971 0.098932 hargrave 2019-12-28 14:06:45 
425.00 282.9  24.3 282.9  24.3 3.39E-04 000.4 238.9  77.0 0.115316 0.180060 0.073769 hargrave 2019-12-29 12:41:02 
300.20 282.1  23.8 282.1  23.8 3.31E-04 000.4 242.4  76.5 0.118724 0.179628 0.080118 hargrave 2019-12-29 16:47:22 
425.10 280.9  21.6 280.9  21.6 3.20E-04 000.4 252.7  76.2 0.104186 0.171473 0.084329 hargrave 2019-12-30 12:39:16 
450.10 279.9  22.6 279.9  22.6 3.10E-04 000.4 249.5  75.0 0.147100 0.136813 0.065278 hargrave 2019-12-30 17:48:33 
450.00 280.9  21.8 280.9  21.8 3.27E-04 000.3 251.6  76.1 0.084718 0.159217 0.086475 hargrave 2019-12-31 18:57:07 
475.00 280.7  22.9 280.7  22.9 3.22E-04 000.3 247.6  75.7 0.097430 0.133842 0.056783 hargrave 2020-01-01 11:39:46 
425.20 279.5  23.0 279.5  23.0 3.04E-04 000.3 248.5  74.6 0.101631 0.129096 0.048116 hargrave 2020-01-01 15:21:25 
475.10 279.0  23.0 279.0  23.0 2.91E-04 000.2 248.9  74.1 0.053609 0.093486 0.036626 hargrave 2020-01-02 10:45:29 
500.10 259.6  28.8 259.6  28.8 2.68E-04 000.3 241.5  74.0 0.069689 0.120709 0.035644 hargrave 2020-01-02 14:56:51 
500.00 260.9  26.6 260.9  26.6 2.98E-04 000.2 248.4  75.7 0.043510 0.099654 0.028564 hargrave 2020-01-03 12:34:47 
520.00 280.6  21.5 280.6  21.5 2.80E-04 000.3 253.3  75.9 0.074678 0.128446 0.051660 hargrave 2020-01-03 17:05:40 
475.20 278.8  24.0 278.8  24.0 2.52E-04 000.2 245.7  73.6 0.049449 0.082420 0.059978 hargrave 2020-01-14 13:15:11 
520.10 277.2  22.7 277.2  22.7 2.18E-04 000.5 251.5  72.6 0.124443 0.121046 0.079598 hargrave 2020-01-18 12:17:06 
530.10 276.9  25.1 276.9  25.1 1.95E-04 000.4 244.0  71.6 0.052690 0.098269 0.064794 hargrave 2020-01-18 16:08:07 
530.00 280.2  22.5 280.2  22.5 2.46E-04 000.4 249.8  75.3 0.078727 0.125698 0.066805 hargrave 2020-01-19 12:24:23 
540.00 281.1  24.0 281.1  24.0 2.20E-04 000.4 243.0  75.7 0.081789 0.118816 0.062546 hargrave 2020-01-19 15:54:34 
520.20 278.1  25.8 278.1  25.8 1.71E-04 000.4 240.6  72.4 0.075257 0.100841 0.055262 hargrave 2020-01-20 12:30:19 
540.10 276.0  26.1 276.0  26.1 1.44E-04 000.4 242.0  70.6 0.060711 0.068790 0.051534 hargrave 2020-01-20 16:30:49 
550.10 274.1  28.5 274.1  28.5 7.68E-05 000.5 237.5  68.1 0.020781 0.048009 0.035894 hargrave 2020-01-21 10:27:53 
550.00 281.9  25.1 281.9  25.1 1.62E-04 000.4 237.8  75.8 0.048405 0.095948 0.044419 hargrave 2020-01-21 13:56:51 
555.00 282.6  25.2 282.6  25.2 1.40E-04 000.4 236.0  76.3 0.048176 0.091499 0.038056 hargrave 2020-01-21 17:31:08 
540.20 272.2  31.9 272.2  31.9 6.75E-05 000.7 231.7  65.1 0.064936 0.048230 0.036254 hargrave 2020-01-22 12:29:45 
555.10 260.6  45.5 260.6  45.5 3.67E-05 001.1 218.4  50.3 0.057891 0.040474 0.015276 hargrave 2020-01-23 09:37:58 
560.10 124.7  19.1 124.7  19.1 2.98E-05 001.1 194.7 -51.7 0.053832 0.028312 0.011838 hargrave 2020-01-23 13:57:41 
560.00 284.5  26.2 284.5  26.2 9.29E-05 000.5 228.0  77.2 0.067105 0.028938 0.028816 hargrave 2020-01-24 08:53:21 
562.00 283.9  25.9 283.9  25.9 9.25E-05 000.5 230.8  77.0 0.070691 0.025712 0.030854 hargrave 2020-01-24 12:42:11 
555.20 124.8  17.9 124.8  17.9 2.77E-05 001.1 195.5 -52.9 0.050844 0.026947 0.011106 hargrave 2020-01-24 16:38:21 
562.10 115.1  01.0 115.1  01.0 4.80E-05 000.7 179.9 -71.0 0.051426 0.034288 0.008217 hargrave 2020-01-25 12:25:49 
564.10 112.5 -06.0 112.5 -06.0 6.43E-05 000.6 167.8 -77.8 0.050695 0.037134 0.005593 hargrave 2020-01-25 16:21:45 
564.00 285.1  27.1 285.1  27.1 6.90E-05 000.4 223.5  77.1 0.029877 0.030531 0.022023 hargrave 2020-01-26 14:17:00 
566.00 285.3  26.3 285.3  26.3 6.89E-05 000.3 225.6  77.7 0.027573 0.029176 0.022207 hargrave 2020-01-26 17:32:42 
562.20 109.5 -08.3 109.5 -08.3 6.24E-05 000.5 150.1 -78.9 0.038861 0.035955 0.005576 hargrave 2020-01-27 10:42:14 
566.10 110.2 -10.3 110.2 -10.3 7.40E-05 000.5 147.6 -81.0 0.052452 0.035439 0.004480 hargrave 2020-01-27 14:28:30 
570.10 111.2 -12.8 111.2 -12.8 1.09E-04 000.4 143.8 -83.6 0.057122 0.052180 0.003504 hargrave 2020-01-28 10:46:02 
570.00 285.6  28.6 285.6  28.6 4.05E-05 000.4 217.8  76.3 0.017552 0.020656 0.017690 hargrave 2020-01-28 16:55:37 
575.00 285.9  28.1 285.9  28.1 4.02E-05 000.4 218.2  76.8 0.016566 0.020065 0.016758 hargrave 2020-01-29 10:27:55 
566.20 111.0 -10.6 111.0 -10.6 1.06E-04 000.4 151.5 -81.6 0.059582 0.053053 0.004575 hargrave 2020-01-29 14:04:28 
575.10 110.8 -14.3 110.8 -14.3 1.17E-04 000.4 130.9 -84.4 0.053823 0.052640 0.005882 hargrave 2020-01-30 10:40:15 
580.10 109.6 -15.0 109.6 -15.0 1.28E-04 000.3 118.5 -83.9 0.052912 0.057459 0.003662 hargrave 2020-01-30 14:33:42 
580.00 285.5  28.8 285.5  28.8 2.70E-05 000.4 217.3  76.1 0.011649 0.014493 0.015526 hargrave 2020-01-31 10:27:14 
585.00 284.4  29.0 284.4  29.0 2.50E-05 000.4 219.8  75.3 0.007928 0.013542 0.016094 hargrave 2020-01-31 14:01:29 
575.20 108.3 -13.7 108.3 -13.7 1.31E-04 000.4 122.8 -82.2 0.053781 0.061397 0.007388 hargrave 2020-01-31 17:48:05 
585.10 108.4 -13.0 108.4 -13.0 1.34E-04 000.4 126.9 -81.8 0.059245 0.062084 0.009371 hargrave 2020-02-01 12:39:23 
