AX12- 1a mag compass orientation (IGRF corrected)
      0  61.1  88.0   0.0   0.0   1.0
NRM    321.3  39.9 321.3  39.9 4.20E-04 000.4 192.0  51.1 0.083528 0.223894 0.151671 hargrave 2019-12-20 12:15:11 
100.00 321.4  39.4 321.4  39.4 4.19E-04 000.4 192.1  51.6 0.090706 0.234947 0.170887 hargrave 2019-12-21 13:35:56 
100.10 321.2  40.1 321.2  40.1 4.18E-04 000.4 192.0  50.9 0.055348 0.246684 0.158420 hargrave 2019-12-22 13:52:08 
200.10 321.7  40.1 321.7  40.1 4.10E-04 000.4 191.5  50.9 0.070156 0.207057 0.158431 hargrave 2019-12-23 12:34:52 
200.00 322.1  39.0 322.1  39.0 4.12E-04 000.5 191.5  52.1 0.161693 0.263103 0.185623 hargrave 2019-12-24 13:30:37 
300.00 323.1  39.1 323.1  39.1 4.09E-04 000.4 190.2  52.1 0.175842 0.205415 0.179153 hargrave 2019-12-25 13:57:13 
100.20 320.1  38.4 320.1  38.4 4.08E-04 000.5 194.1  52.3 0.168892 0.228424 0.195999 hargrave 2019-12-26 12:36:24 
300.10 321.5  39.2 321.5  39.2 4.02E-04 000.5 192.0  51.8 0.169487 0.245339 0.196687 hargrave 2019-12-26 16:32:05 
400.10 319.2  39.1 319.2  39.1 3.83E-04 000.5 194.9  51.3 0.132851 0.245068 0.199261 hargrave 2019-12-27 14:08:40 
400.00 319.8  38.3 319.8  38.3 3.89E-04 000.5 194.5  52.2 0.137602 0.208275 0.198717 hargrave 2019-12-28 14:08:12 
425.00 323.5  38.9 323.5  38.9 3.86E-04 000.5 189.8  52.5 0.150708 0.200114 0.202450 hargrave 2019-12-29 12:42:27 
300.20 319.8  38.2 319.8  38.2 3.82E-04 000.5 194.6  52.4 0.172355 0.201199 0.189798 hargrave 2019-12-29 16:48:48 
425.10 319.3  38.3 319.3  38.3 3.75E-04 000.5 195.1  52.1 0.174198 0.202903 0.206195 hargrave 2019-12-30 12:40:42 
450.10 317.1  38.5 317.1  38.5 3.70E-04 000.5 197.7  51.3 0.177660 0.193556 0.210798 hargrave 2019-12-30 17:49:45 
450.00 319.5  37.7 319.5  37.7 3.74E-04 000.5 195.3  52.7 0.205118 0.172206 0.241916 hargrave 2019-12-31 18:58:36 
475.00 319.6  39.1 319.6  39.1 3.73E-04 000.5 194.3  51.4 0.165693 0.191443 0.199311 hargrave 2020-01-01 11:41:13 
425.20 321.5  41.0 321.5  41.0 3.65E-04 000.5 191.4  50.0 0.148061 0.195864 0.203342 hargrave 2020-01-01 15:22:51 
475.10 315.9  40.2 315.9  40.2 3.59E-04 000.5 197.9  49.4 0.135378 0.180364 0.184195 hargrave 2020-01-02 10:46:55 
500.10 319.4  41.9 319.4  41.9 3.49E-04 000.4 193.3  48.8 0.089598 0.202663 0.156961 hargrave 2020-01-02 15:01:10 
500.00 317.6  39.1 317.6  39.1 3.61E-04 000.4 196.7  51.0 0.097879 0.180036 0.147018 hargrave 2020-01-03 12:39:03 
520.00 314.5  37.7 314.5  37.7 3.58E-04 000.4 201.2  51.2 0.076205 0.233163 0.142570 hargrave 2020-01-03 17:07:06 
475.20 317.2  40.2 317.2  40.2 3.47E-04 000.4 196.5  49.7 0.110208 0.189657 0.162564 hargrave 2020-01-14 13:16:37 
520.10 315.0  41.0 315.0  41.0 3.31E-04 000.6 198.4  48.3 0.211082 0.149015 0.239795 hargrave 2020-01-18 12:18:31 
530.10 317.2  43.7 317.2  43.7 3.21E-04 000.5 194.6  46.5 0.156948 0.128567 0.205308 hargrave 2020-01-18 16:09:34 
530.00 316.4  39.6 316.4  39.6 3.40E-04 000.6 197.7  50.1 0.188839 0.171408 0.207660 hargrave 2020-01-19 12:25:49 
540.00 316.2  40.6 316.2  40.6 3.12E-04 000.5 197.4  49.1 0.153540 0.134661 0.193558 hargrave 2020-01-19 15:55:59 
520.20 316.8  44.7 316.8  44.7 2.91E-04 000.5 194.5  45.4 0.156057 0.122438 0.185902 hargrave 2020-01-20 12:31:45 
540.10 312.7  53.0 312.7  53.0 2.50E-04 000.6 193.8  36.8 0.127072 0.112678 0.179890 hargrave 2020-01-20 16:32:15 
550.10 301.2  74.3 301.2  74.3 1.87E-04 000.5 188.1  15.6 0.075289 0.073830 0.148980 hargrave 2020-01-21 10:29:18 
550.00 317.5  46.9 317.5  46.9 2.33E-04 000.6 192.8  43.6 0.108365 0.135952 0.155101 hargrave 2020-01-21 13:58:17 
555.00 318.1  46.2 318.1  46.2 2.08E-04 000.5 192.6  44.4 0.100601 0.087818 0.115599 hargrave 2020-01-21 17:32:34 
540.20 298.0  72.6 298.0  72.6 1.59E-04 000.6 189.8  16.5 0.066568 0.093467 0.126310 hargrave 2020-01-22 12:31:10 
555.10 175.1  78.2 175.1  78.2 1.54E-04 000.5 184.8 -08.8 0.035706 0.086721 0.120611 hargrave 2020-01-23 09:39:24 
560.10 152.3  49.8 152.3  49.8 1.68E-04 000.4 181.0 -38.2 0.038942 0.094282 0.086397 hargrave 2020-01-23 13:59:07 
560.00 314.9  49.8 314.9  49.8 1.39E-04 000.5 193.6  40.2 0.065894 0.065437 0.095027 hargrave 2020-01-24 08:54:52 
562.00 317.5  50.3 317.5  50.3 1.39E-04 000.6 191.3  40.3 0.091650 0.076553 0.096323 hargrave 2020-01-24 12:43:37 
555.20 154.0  44.1 154.0  44.1 1.66E-04 000.4 182.9 -43.8 0.032629 0.080955 0.074226 hargrave 2020-01-24 16:39:47 
562.10 147.4  31.4 147.4  31.4 1.96E-04 000.4 174.3 -56.4 0.076703 0.097319 0.060720 hargrave 2020-01-25 12:27:16 
564.10 146.5  22.0 146.5  22.0 2.20E-04 000.3 169.6 -65.6 0.093882 0.075521 0.043726 hargrave 2020-01-25 16:23:11 
564.00 316.1  52.0 316.1  52.0 8.44E-05 000.8 191.8  38.5 0.055890 0.080987 0.062573 hargrave 2020-01-26 14:18:27 
566.00 316.2  52.1 316.2  52.1 8.57E-05 000.7 191.6  38.4 0.056224 0.081294 0.063209 hargrave 2020-01-26 17:34:09 
562.20 147.6  19.9 147.6  19.9 2.29E-04 000.4 171.2 -67.8 0.101272 0.092249 0.045782 hargrave 2020-01-27 10:43:40 
566.10 145.0  19.8 145.0  19.8 2.60E-04 000.4 165.0 -67.4 0.112031 0.126879 0.051778 hargrave 2020-01-27 14:29:56 
570.10 146.7  07.8 146.7  07.8 3.07E-04 000.4 155.8 -79.2 0.134039 0.135049 0.020140 hargrave 2020-01-28 10:47:28 
570.00 314.9  57.5 314.9  57.5 3.00E-05 001.0 190.3  33.0 0.021499 0.039697 0.029611 hargrave 2020-01-28 16:57:03 
575.00 314.8  51.8 314.8  51.8 2.87E-05 001.3 192.8  38.3 0.023154 0.057738 0.028866 hargrave 2020-01-29 10:29:21 
566.20 144.7  06.6 144.7  06.6 3.16E-04 000.3 143.2 -79.3 0.126989 0.103368 0.023445 hargrave 2020-01-29 14:05:54 
575.10 145.5  05.1 145.5  05.1 3.37E-04 000.4 141.7 -81.0 0.144978 0.183818 0.007892 hargrave 2020-01-30 10:41:41 
580.10 146.2  04.9 146.2  04.9 3.50E-04 000.4 144.7 -81.6 0.153195 0.189534 0.013941 hargrave 2020-01-30 14:35:09 
580.00 315.2  60.6 315.2  60.6 1.63E-05 001.1 188.9  30.1 0.030281 0.024113 0.026106 hargrave 2020-01-31 10:28:40 
585.00 313.9  58.0 313.9  58.0 1.57E-05 001.1 190.7  32.3 0.028166 0.021264 0.025916 hargrave 2020-01-31 14:02:55 
575.20 144.0  02.7 144.0  02.7 3.64E-04 000.4 123.7 -81.5 0.139355 0.178233 0.006491 hargrave 2020-01-31 17:49:31 
585.10 145.5  06.3 145.5  06.3 3.77E-04 000.3 145.9 -80.0 0.168658 0.140334 0.019585 hargrave 2020-02-01 12:40:50 
