AX13- 3a mag compass orientation (IGRF corrected)
      0 233.0  80.0   0.0   0.0   1.0
NRM    290.6  18.6 290.6  18.6 5.30E-04 000.5 131.7 -47.1 0.168733 0.228806 0.341118 hargrave 2019-12-20 12:23:21 
100.00 291.8  18.7 291.8  18.7 5.29E-04 000.5 132.9 -47.9 0.161167 0.285437 0.396472 hargrave 2019-12-21 13:44:11 
100.10 294.7  21.6 294.7  21.6 5.30E-04 000.5 138.8 -47.9 0.159705 0.322041 0.380617 hargrave 2019-12-22 14:00:09 
200.10 292.5  19.2 292.5  19.2 5.30E-04 000.6 134.1 -48.1 0.174069 0.329180 0.393493 hargrave 2019-12-23 12:42:58 
200.00 294.5  22.0 294.5  22.0 5.27E-04 000.7 139.2 -47.5 0.161779 0.444526 0.452241 hargrave 2019-12-24 13:39:06 
300.00 292.4  20.0 292.4  20.0 5.21E-04 000.7 134.9 -47.5 0.155668 0.426696 0.450016 hargrave 2019-12-25 14:06:01 
100.20 292.2  19.9 292.2  19.9 5.22E-04 000.5 134.6 -47.4 0.079161 0.300172 0.380836 hargrave 2019-12-26 12:44:50 
300.10 292.7  20.1 292.7  20.1 5.25E-04 000.5 135.3 -47.6 0.081243 0.306562 0.380135 hargrave 2019-12-26 16:40:34 
400.10 291.0  17.1 291.0  17.1 5.13E-04 000.5 130.3 -48.4 0.114958 0.337124 0.365593 hargrave 2019-12-27 14:17:57 
400.00 293.4  21.3 293.4  21.3 5.03E-04 000.6 137.3 -47.2 0.051764 0.385088 0.403254 hargrave 2019-12-28 14:16:41 
425.00 291.1  19.5 291.1  19.5 4.95E-04 000.5 133.2 -46.9 0.093869 0.330455 0.313834 hargrave 2019-12-29 12:50:04 
300.20 290.4  18.1 290.4  18.1 5.01E-04 000.5 131.0 -47.3 0.062021 0.312421 0.331003 hargrave 2019-12-29 16:57:12 
425.10 292.0  19.0 292.0  19.0 5.06E-04 000.4 133.4 -47.9 0.054545 0.252827 0.311651 hargrave 2019-12-30 12:49:17 
450.10 293.2  20.2 293.2  20.2 5.03E-04 000.5 135.9 -47.9 0.284237 0.267781 0.270408 hargrave 2019-12-30 17:56:30 
450.00 291.0  19.5 291.0  19.5 4.84E-04 000.4 133.1 -46.8 0.130541 0.178140 0.295177 hargrave 2019-12-31 19:07:11 
475.00 292.0  20.3 292.0  20.3 4.72E-04 000.4 134.9 -47.0 0.123056 0.216391 0.277214 hargrave 2020-01-01 11:49:43 
425.20 291.8  18.1 291.8  18.1 4.85E-04 000.4 132.2 -48.3 0.135518 0.199020 0.257322 hargrave 2020-01-01 15:31:23 
475.10 292.8  17.5 292.8  17.5 4.87E-04 000.4 132.5 -49.5 0.123122 0.186417 0.266541 hargrave 2020-01-02 10:55:27 
500.10 295.1  17.0 295.1  17.0 4.66E-04 000.4 134.1 -51.4 0.122788 0.192305 0.252361 hargrave 2020-01-02 15:09:38 
500.00 292.7  19.3 292.7  19.3 4.31E-04 000.5 134.5 -48.2 0.122418 0.196779 0.266271 hargrave 2020-01-03 12:47:32 
520.00 295.1  21.4 295.1  21.4 3.86E-04 000.5 139.0 -48.4 0.108604 0.192896 0.247178 hargrave 2020-01-03 17:15:32 
475.20 293.2  14.8 293.2  14.8 4.11E-04 000.5 129.5 -51.4 0.101358 0.195653 0.260531 hargrave 2020-01-14 13:25:02 
520.10 297.2  12.3 297.2  12.3 4.09E-04 000.4 130.4 -56.0 0.151887 0.201295 0.185518 hargrave 2020-01-18 12:27:02 
530.10 300.2  10.6 300.2  10.6 3.77E-04 000.4 131.6 -59.4 0.130813 0.208433 0.156295 hargrave 2020-01-18 16:18:01 
530.00 291.0  18.9 291.0  18.9 2.90E-04 000.6 132.4 -47.2 0.131189 0.211925 0.169367 hargrave 2020-01-19 12:35:04 
540.00 289.1  19.6 289.1  19.6 2.26E-04 000.5 131.6 -45.4 0.072562 0.149361 0.130732 hargrave 2020-01-19 16:04:28 
520.20 300.1  10.3 300.1  10.3 2.99E-04 000.4 131.1 -59.5 0.079976 0.177588 0.125875 hargrave 2020-01-20 12:40:11 
540.10 306.2  06.8 306.2  06.8 3.27E-04 000.4 134.4 -66.3 0.104120 0.167449 0.113499 hargrave 2020-01-20 16:40:44 
550.10 308.7  04.5 308.7  04.5 3.07E-04 000.4 134.9 -69.7 0.095639 0.181858 0.093406 hargrave 2020-01-21 10:37:45 
550.00 289.8  19.1 289.8  19.1 1.64E-04 000.5 131.6 -46.2 0.047633 0.110124 0.090412 hargrave 2020-01-21 14:06:45 
555.00 288.3  21.6 288.3  21.6 1.40E-04 000.4 133.1 -43.5 0.038138 0.080589 0.076076 hargrave 2020-01-21 17:41:05 
540.20 309.1  03.9 309.1  03.9 2.71E-04 000.5 134.4 -70.3 0.101791 0.186989 0.077327 hargrave 2020-01-22 12:39:38 
555.10 309.9  01.2 309.9  01.2 2.94E-04 000.4 129.8 -72.8 0.098072 0.181731 0.077769 hargrave 2020-01-23 09:47:50 
560.10 311.4  00.4 311.4  00.4 2.88E-04 000.4 131.3 -74.4 0.106499 0.173522 0.067483 hargrave 2020-01-23 14:07:36 
560.00 289.9  24.2 289.9  24.2 1.09E-04 000.6 137.1 -42.9 0.012653 0.092348 0.060365 hargrave 2020-01-24 09:03:22 
562.00 287.1  21.5 287.1  21.5 1.08E-04 000.5 132.0 -42.7 0.024690 0.079090 0.059959 hargrave 2020-01-24 12:52:02 
555.20 313.8 -01.2 313.8 -01.2 2.72E-04 000.5 133.4 -77.3 0.102156 0.194211 0.051473 hargrave 2020-01-24 16:48:14 
562.10 311.7 -02.1 311.7 -02.1 2.81E-04 000.4 124.4 -76.2 0.105990 0.175025 0.051096 hargrave 2020-01-25 12:35:46 
564.10 313.6 -01.8 313.6 -01.8 2.76E-04 000.5 130.8 -77.5 0.108887 0.188855 0.044843 hargrave 2020-01-25 16:30:55 
564.00 290.6  25.8 290.6  25.8 8.46E-05 000.4 139.4 -42.3 0.018295 0.039130 0.046526 hargrave 2020-01-26 14:26:56 
566.00 288.2  23.9 288.2  23.9 8.42E-05 000.5 135.4 -42.0 0.022405 0.054750 0.047730 hargrave 2020-01-26 17:42:40 
562.20 315.7 -02.1 315.7 -02.1 2.65E-04 000.4 136.9 -79.2 0.099833 0.165365 0.043316 hargrave 2020-01-27 10:52:07 
566.10 316.3 -03.6 316.3 -03.6 2.70E-04 000.4 133.6 -80.7 0.111792 0.141688 0.036382 hargrave 2020-01-27 14:38:25 
570.10 317.0 -06.2 317.0 -06.2 2.64E-04 000.4 122.0 -82.9 0.105014 0.163919 0.021709 hargrave 2020-01-28 10:56:44 
570.00 288.7  22.2 288.7  22.2 6.18E-05 000.5 134.0 -43.5 0.022658 0.040638 0.033702 hargrave 2020-01-28 17:05:33 
575.00 289.8  25.3 289.8  25.3 6.05E-05 000.6 138.1 -42.2 0.030206 0.047076 0.033630 hargrave 2020-01-29 10:37:48 
566.20 318.8 -06.7 318.8 -06.7 2.60E-04 000.3 128.7 -84.7 0.101217 0.120747 0.039081 hargrave 2020-01-29 14:15:14 
575.10 319.1 -07.7 319.1 -07.7 2.58E-04 000.4 120.3 -85.5 0.097470 0.125484 0.020162 hargrave 2020-01-30 10:51:00 
580.10 320.3 -07.6 320.3 -07.6 2.54E-04 000.4 131.3 -86.4 0.098171 0.121866 0.023316 hargrave 2020-01-30 14:44:33 
580.00 288.6  25.8 288.6  25.8 4.12E-05 000.7 137.6 -41.0 0.024271 0.038051 0.023826 hargrave 2020-01-31 10:36:23 
585.00 287.7  27.0 287.7  27.0 3.94E-05 000.7 138.1 -39.6 0.025580 0.039614 0.023393 hargrave 2020-01-31 14:10:35 
575.20 320.9 -07.8 320.9 -07.8 2.51E-04 000.3 136.5 -87.0 0.098946 0.115796 0.011697 hargrave 2020-01-31 17:58:01 
585.10 319.7 -09.2 319.7 -09.2 2.54E-04 000.3 104.2 -86.6 0.085954 0.106412 0.015685 hargrave 2020-02-01 12:50:15 
