AX13- 4a mag compass orientation (IGRF corrected)
      0 241.0  98.0   0.0   0.0   1.0
NRM    289.5  26.7 289.5  26.7 4.76E-04 000.5 120.8 -46.4 0.169011 0.228502 0.293449 hargrave 2019-12-20 12:24:57 
100.00 289.8  25.9 289.8  25.9 4.75E-04 000.5 119.8 -47.0 0.161858 0.238251 0.340055 hargrave 2019-12-21 13:45:48 
100.10 290.1  25.7 290.1  25.7 4.76E-04 000.5 119.5 -47.3 0.143696 0.217215 0.304835 hargrave 2019-12-22 14:01:41 
200.10 290.8  27.1 290.8  27.1 4.76E-04 000.5 121.8 -47.5 0.138339 0.250543 0.313343 hargrave 2019-12-23 12:44:30 
200.00 289.6  24.9 289.6  24.9 4.73E-04 000.6 118.3 -47.0 0.139026 0.318799 0.365561 hargrave 2019-12-24 13:40:37 
300.00 289.5  25.4 289.5  25.4 4.67E-04 000.6 119.0 -46.9 0.103159 0.328501 0.353297 hargrave 2019-12-25 14:07:35 
100.20 290.1  27.2 290.1  27.2 4.68E-04 000.6 121.6 -46.8 0.125391 0.327901 0.366105 hargrave 2019-12-26 12:46:20 
300.10 290.4  26.8 290.4  26.8 4.71E-04 000.7 121.2 -47.2 0.169788 0.364912 0.384761 hargrave 2019-12-26 16:42:05 
400.10 290.7  25.9 290.7  25.9 4.58E-04 000.6 120.0 -47.8 0.105671 0.333845 0.337526 hargrave 2019-12-27 14:19:27 
400.00 289.4  26.0 289.4  26.0 4.49E-04 000.6 119.7 -46.6 0.068786 0.315725 0.303807 hargrave 2019-12-28 14:18:11 
425.00 290.3  29.2 290.3  29.2 4.41E-04 000.6 124.5 -46.3 0.102544 0.309061 0.304522 hargrave 2019-12-29 12:51:33 
300.20 290.5  29.0 290.5  29.0 4.47E-04 000.5 124.3 -46.6 0.119846 0.285660 0.275549 hargrave 2019-12-29 16:58:42 
425.10 290.4  27.1 290.4  27.1 4.52E-04 000.5 121.7 -47.1 0.172908 0.206317 0.259842 hargrave 2019-12-30 12:50:47 
450.10 290.4  27.2 290.4  27.2 4.49E-04 000.5 121.8 -47.1 0.336297 0.178479 0.261953 hargrave 2019-12-30 17:57:43 
450.00 288.0  26.1 288.0  26.1 4.34E-04 000.5 119.4 -45.3 0.236569 0.162689 0.233921 hargrave 2019-12-31 19:08:42 
475.00 288.7  27.4 288.7  27.4 4.22E-04 000.5 121.4 -45.6 0.195001 0.214436 0.198796 hargrave 2020-01-01 11:51:14 
425.20 290.5  26.7 290.5  26.7 4.34E-04 000.4 121.1 -47.3 0.189358 0.207403 0.188685 hargrave 2020-01-01 15:32:54 
475.10 291.9  26.6 291.9  26.6 4.35E-04 000.4 121.6 -48.6 0.175169 0.177968 0.206134 hargrave 2020-01-02 10:56:58 
500.10 292.9  25.2 292.9  25.2 4.19E-04 000.4 120.1 -49.9 0.160446 0.138147 0.197742 hargrave 2020-01-02 15:11:09 
500.00 288.2  22.8 288.2  22.8 3.91E-04 000.4 114.9 -46.4 0.120930 0.129537 0.204830 hargrave 2020-01-03 12:49:03 
520.00 291.0  30.3 291.0  30.3 3.63E-04 000.5 126.2 -46.5 0.143053 0.183315 0.214463 hargrave 2020-01-03 17:17:03 
475.20 293.1  26.9 293.1  26.9 3.85E-04 000.5 122.6 -49.4 0.132420 0.170986 0.233496 hargrave 2020-01-14 13:26:33 
520.10 295.3  23.3 295.3  23.3 3.79E-04 000.5 118.2 -52.6 0.234492 0.215195 0.163485 hargrave 2020-01-18 12:28:32 
530.10 298.3  22.2 298.3  22.2 3.52E-04 000.5 118.0 -55.5 0.194930 0.209258 0.147360 hargrave 2020-01-18 16:19:32 
530.00 290.0  27.8 290.0  27.8 2.94E-04 000.6 122.5 -46.5 0.165491 0.201530 0.156650 hargrave 2020-01-19 12:36:34 
540.00 288.4  27.6 288.4  27.6 2.42E-04 000.5 121.5 -45.3 0.133785 0.136124 0.131294 hargrave 2020-01-19 16:05:59 
520.20 298.9  24.4 298.9  24.4 2.91E-04 000.6 121.9 -55.2 0.187045 0.209711 0.118788 hargrave 2020-01-20 12:41:42 
540.10 304.4  18.8 304.4  18.8 3.06E-04 000.6 115.4 -62.1 0.174090 0.221814 0.106493 hargrave 2020-01-20 16:42:15 
550.10 307.7  16.7 307.7  16.7 2.83E-04 000.5 113.0 -65.6 0.155880 0.159021 0.068467 hargrave 2020-01-21 10:39:16 
550.00 290.5  24.7 290.5  24.7 1.81E-04 000.7 118.2 -47.9 0.113777 0.151155 0.088498 hargrave 2020-01-21 14:08:16 
555.00 288.8  25.5 288.8  25.5 1.50E-04 000.7 118.8 -46.2 0.090720 0.135036 0.073856 hargrave 2020-01-21 17:42:35 
540.20 309.1  17.4 309.1  17.4 2.42E-04 000.6 115.9 -66.7 0.145205 0.200432 0.067378 hargrave 2020-01-22 12:41:09 
555.10 312.2  16.9 312.2  16.9 2.64E-04 000.5 117.7 -69.6 0.145221 0.165869 0.065479 hargrave 2020-01-23 09:49:20 
560.10 313.4  15.0 313.4  15.0 2.56E-04 000.6 113.8 -71.4 0.165340 0.202780 0.055397 hargrave 2020-01-23 14:09:06 
560.00 289.6  25.8 289.6  25.8 1.11E-04 000.8 119.5 -46.9 0.067817 0.121969 0.055757 hargrave 2020-01-24 09:04:57 
562.00 288.6  22.9 288.6  22.9 1.10E-04 000.7 115.0 -46.7 0.066756 0.121643 0.049144 hargrave 2020-01-24 12:53:32 
555.20 316.8  12.7 316.8  12.7 2.36E-04 000.5 109.7 -75.3 0.135800 0.145957 0.036606 hargrave 2020-01-24 16:49:45 
562.10 315.5  12.8 315.5  12.8 2.45E-04 000.5 108.8 -74.0 0.121110 0.157423 0.033092 hargrave 2020-01-25 12:37:17 
564.10 318.4  13.9 318.4  13.9 2.40E-04 000.6 116.7 -76.3 0.151862 0.178826 0.023808 hargrave 2020-01-25 16:32:27 
564.00 291.6  28.1 291.6  28.1 7.89E-05 000.9 123.6 -47.8 0.051726 0.118742 0.035506 hargrave 2020-01-26 14:28:27 
566.00 290.4  26.1 290.4  26.1 7.91E-05 000.9 120.2 -47.5 0.056138 0.119495 0.036616 hargrave 2020-01-26 17:44:11 
562.20 320.1  12.5 320.1  12.5 2.23E-04 000.6 113.6 -78.3 0.126855 0.188690 0.012520 hargrave 2020-01-27 10:53:37 
566.10 321.8  11.9 321.8  11.9 2.29E-04 000.6 113.8 -80.1 0.131113 0.191368 0.016752 hargrave 2020-01-27 14:39:56 
570.10 323.9  10.5 323.9  10.5 2.23E-04 000.4 110.3 -82.5 0.091701 0.150868 0.012993 hargrave 2020-01-28 10:58:15 
570.00 295.0  27.7 295.0  27.7 6.06E-05 000.8 124.7 -50.7 0.058811 0.065754 0.024469 hargrave 2020-01-28 17:07:04 
575.00 292.0  24.6 292.0  24.6 5.85E-05 001.2 118.8 -49.2 0.062885 0.117169 0.024101 hargrave 2020-01-29 10:39:19 
566.20 325.0  09.2 325.0  09.2 2.20E-04 000.4 101.7 -83.9 0.078753 0.135573 0.052000 hargrave 2020-01-29 14:16:45 
575.10 326.0  09.4 326.0  09.4 2.17E-04 000.4 105.7 -84.8 0.083963 0.122999 0.015013 hargrave 2020-01-30 10:52:31 
580.10 326.2  09.3 326.2  09.3 2.13E-04 000.4 105.4 -85.1 0.079536 0.121160 0.018154 hargrave 2020-01-30 14:46:04 
580.00 292.3  27.9 292.3  27.9 3.96E-05 001.7 123.6 -48.5 0.073128 0.098859 0.016476 hargrave 2020-01-31 10:37:53 
585.00 290.8  26.5 290.8  26.5 3.84E-05 001.6 121.0 -47.6 0.066499 0.099785 0.016257 hargrave 2020-01-31 14:12:06 
575.20 327.2  09.4 327.2  09.4 2.11E-04 000.4 110.3 -86.0 0.078294 0.113709 0.010747 hargrave 2020-01-31 17:59:31 
585.10 327.3  08.4 327.3  08.4 2.13E-04 000.3 097.1 -86.3 0.078313 0.104719 0.017627 hargrave 2020-02-01 12:51:51 
