AX15- 2a sun compass orientation
      0  33.9  86.0   0.0   0.0   1.0
NRM    273.9  48.8 273.9  48.8 3.83E-05 000.6 204.9  38.4 0.037151 0.025766 0.020425 hargrave 2019-12-20 12:32:44 
100.00 273.7  48.4 273.7  48.4 3.83E-05 000.7 205.3  38.6 0.041440 0.028045 0.021158 hargrave 2019-12-21 13:48:54 
100.10 276.3  49.3 276.3  49.3 3.82E-05 000.7 202.8  39.0 0.038283 0.030533 0.020218 hargrave 2019-12-22 14:04:41 
200.10 275.7  48.7 275.7  48.7 3.75E-05 001.0 203.7  39.3 0.038593 0.060473 0.020733 hargrave 2019-12-23 12:47:31 
200.00 273.1  46.5 273.1  46.5 3.76E-05 001.1 207.3  39.8 0.047252 0.062604 0.024480 hargrave 2019-12-24 13:43:33 
300.00 278.4  49.2 278.4  49.2 3.68E-05 000.9 201.5  39.9 0.033023 0.047551 0.021403 hargrave 2019-12-25 14:10:36 
100.20 275.7  47.8 275.7  47.8 3.68E-05 001.1 204.5  40.0 0.044785 0.065429 0.022327 hargrave 2019-12-26 12:49:15 
300.10 275.6  48.1 275.6  48.1 3.64E-05 001.2 204.3  39.7 0.040580 0.067272 0.022432 hargrave 2019-12-26 16:45:01 
400.10 270.7  46.5 270.7  46.5 3.39E-05 000.9 208.9  38.7 0.038726 0.033608 0.023956 hargrave 2019-12-27 14:22:21 
400.00 273.2  46.6 273.2  46.6 3.41E-05 000.8 207.2  39.8 0.032861 0.029740 0.022660 hargrave 2019-12-28 14:21:07 
425.00 272.5  46.3 272.5  46.3 3.33E-05 001.1 208.0  39.7 0.059480 0.030693 0.023605 hargrave 2019-12-29 12:54:28 
300.20 272.9  47.6 272.9  47.6 3.29E-05 000.8 206.5  38.9 0.034409 0.031099 0.023049 hargrave 2019-12-29 17:01:37 
425.10 272.4  49.1 272.4  49.1 3.17E-05 000.7 205.5  37.6 0.031192 0.027343 0.022505 hargrave 2019-12-30 12:53:43 
450.10 271.5  49.7 271.5  49.7 3.15E-05 002.3 205.6  36.7 0.170560 0.050059 0.022455 hargrave 2019-12-30 18:00:05 
450.00 273.1  48.5 273.1  48.5 3.12E-05 001.1 205.7  38.3 0.017349 0.050600 0.034037 hargrave 2019-12-31 19:11:39 
475.00 272.2  48.3 272.2  48.3 3.07E-05 001.2 206.4  38.1 0.036050 0.050968 0.030936 hargrave 2020-01-01 11:54:10 
425.20 269.3  48.2 269.3  48.2 3.03E-05 001.1 208.2  36.8 0.050658 0.050562 0.016220 hargrave 2020-01-01 15:35:49 
475.10 271.3  50.1 271.3  50.1 2.97E-05 001.1 205.4  36.3 0.036013 0.051807 0.015617 hargrave 2020-01-02 10:59:54 
500.10 265.5  47.8 265.5  47.8 2.86E-05 001.2 210.7  35.2 0.049525 0.052375 0.014761 hargrave 2020-01-02 15:14:07 
500.00 272.7  49.1 272.7  49.1 2.94E-05 001.2 205.4  37.7 0.047116 0.053747 0.014042 hargrave 2020-01-03 12:51:58 
520.00 268.9  46.3 268.9  46.3 2.90E-05 001.2 210.2  38.0 0.050716 0.055063 0.013206 hargrave 2020-01-03 17:19:58 
475.20 270.6  50.8 270.6  50.8 2.80E-05 001.3 205.2  35.5 0.050789 0.056695 0.013068 hargrave 2020-01-14 13:29:29 
520.10 271.0  52.8 271.0  52.8 2.71E-05 001.2 203.4  34.2 0.057812 0.024173 0.020571 hargrave 2020-01-18 12:31:27 
530.10 265.4  51.3 265.4  51.3 2.58E-05 001.2 207.6  32.9 0.057982 0.023538 0.015869 hargrave 2020-01-18 16:22:28 
530.00 273.3  49.7 273.3  49.7 2.75E-05 001.2 204.5  37.5 0.057214 0.025847 0.016973 hargrave 2020-01-19 12:39:30 
540.00 269.9  47.2 269.9  47.2 2.65E-05 001.6 208.7  37.8 0.063312 0.043373 0.016247 hargrave 2020-01-19 16:08:55 
520.20 264.8  53.7 264.8  53.7 2.42E-05 001.7 205.8  30.9 0.062625 0.044078 0.017939 hargrave 2020-01-20 12:44:36 
540.10 258.2  56.7 258.2  56.7 2.18E-05 001.9 206.0  26.2 0.060575 0.048303 0.016643 hargrave 2020-01-20 16:45:11 
550.10 245.9  61.8 245.9  61.8 1.86E-05 001.1 204.9  18.1 0.040252 0.021058 0.014103 hargrave 2020-01-21 10:42:10 
550.00 270.7  50.5 270.7  50.5 2.22E-05 001.0 205.4  35.8 0.038667 0.021803 0.016137 hargrave 2020-01-21 14:11:11 
555.00 267.5  47.0 267.5  47.0 2.00E-05 000.9 210.3  36.8 0.034914 0.015511 0.014691 hargrave 2020-01-21 17:45:32 
540.20 232.2  65.1 232.2  65.1 1.64E-05 001.1 204.1  11.3 0.036723 0.017436 0.012186 hargrave 2020-01-22 12:44:04 
555.10 197.0  67.0 197.0  67.0 1.44E-05 001.3 202.0 -02.8 0.035176 0.017862 0.010317 hargrave 2020-01-23 09:52:14 
560.10 158.9  53.0 158.9  53.0 1.23E-05 001.3 202.6 -25.9 0.027970 0.013922 0.006859 hargrave 2020-01-23 14:12:03 
560.00 269.7  48.4 269.7  48.4 1.05E-05 001.1 207.8  36.8 0.023563 0.008292 0.007016 hargrave 2020-01-24 09:07:55 
562.00 269.5  48.7 269.5  48.7 9.66E-06 001.0 207.7  36.6 0.017611 0.008818 0.006934 hargrave 2020-01-24 12:56:27 
555.20 140.4  28.4 140.4  28.4 1.23E-05 001.1 205.0 -53.9 0.021331 0.010531 0.002902 hargrave 2020-01-24 16:53:29 
562.10 133.7  27.5 133.7  27.5 1.42E-05 001.0 196.1 -57.1 0.021837 0.011583 0.003627 hargrave 2020-01-25 12:41:02 
564.10 123.6  14.8 123.6  14.8 1.80E-05 000.6 179.1 -71.2 0.015867 0.013394 0.001788 hargrave 2020-01-25 16:36:12 
564.00 268.9  50.7 268.9  50.7 3.61E-06 001.2 206.3  34.9 0.008079 0.003648 0.002607 hargrave 2020-01-26 14:32:10 
566.00 269.1  49.9 269.1  49.9 3.57E-06 001.1 206.8  35.5 0.007643 0.003600 0.002514 hargrave 2020-01-26 17:47:56 
562.20 123.9  07.0 123.9  07.0 1.97E-05 000.5 180.1 -79.0 0.014771 0.010455 0.001249 hargrave 2020-01-27 10:57:22 
566.10 124.3  03.0 124.3  03.0 2.06E-05 000.4 183.1 -83.0 0.011896 0.009295 0.003519 hargrave 2020-01-27 14:43:48 
570.10 123.7  00.0 123.7  00.0 2.22E-05 000.4 177.8 -86.0 0.012543 0.010513 0.002863 hargrave 2020-01-28 11:02:00 
570.00 264.4  55.5 264.4  55.5 2.57E-06 001.2 204.5  29.6 0.006362 0.002720 0.001813 hargrave 2020-01-28 17:10:49 
575.00 269.7  54.3 269.7  54.3 2.73E-06 001.2 202.9  32.6 0.006601 0.003139 0.001974 hargrave 2020-01-29 10:43:02 
566.20 121.4 -00.7 121.4 -00.7 2.36E-05 000.3 142.0 -85.9 0.010693 0.009786 0.005638 hargrave 2020-01-29 14:20:31 
575.10 123.7  01.9 123.7  01.9 2.43E-05 000.4 177.6 -84.1 0.013929 0.011485 0.001729 hargrave 2020-01-30 10:56:15 
580.10 121.1  00.1 121.1  00.1 2.49E-05 000.3 145.7 -85.1 0.010538 0.010833 0.003072 hargrave 2020-01-30 14:49:49 
580.00 263.2  49.5 263.2  49.5 2.19E-06 001.2 210.3  33.0 0.005299 0.002058 0.001630 hargrave 2020-01-31 10:41:37 
585.00 268.6  53.5 268.6  53.5 2.05E-06 001.1 204.1  32.7 0.004496 0.002139 0.001424 hargrave 2020-01-31 14:15:50 
575.20 121.8 -00.4 121.8 -00.4 2.65E-05 000.4 149.7 -85.9 0.012572 0.011981 0.002300 hargrave 2020-01-31 18:03:16 
585.10 121.5 -00.9 121.5 -00.9 2.71E-05 000.4 142.6 -86.0 0.012093 0.012275 0.002610 hargrave 2020-02-01 12:55:36 
