AX15- 3a sun compass orientation
      0  31.4  78.0   0.0   0.0   1.0
NRM    281.5  49.4 281.5  49.4 2.78E-05 000.9 199.8  49.2 0.041299 0.025724 0.010735 hargrave 2019-12-20 12:35:35 
100.00 276.7  47.0 276.7  47.0 2.78E-05 000.9 205.9  49.4 0.045106 0.022190 0.011634 hargrave 2019-12-21 13:50:23 
100.10 280.9  48.9 280.9  48.9 2.78E-05 000.9 200.8  49.4 0.043492 0.026191 0.010651 hargrave 2019-12-22 14:06:17 
200.10 282.0  49.0 282.0  49.0 2.65E-05 000.9 199.8  49.7 0.039086 0.026714 0.010917 hargrave 2019-12-23 12:49:07 
200.00 284.9  48.6 284.9  48.6 2.66E-05 000.9 197.3  50.9 0.036381 0.029243 0.010847 hargrave 2019-12-24 13:45:05 
300.00 282.1  47.5 282.1  47.5 2.56E-05 000.9 200.8  51.0 0.037861 0.025816 0.010529 hargrave 2019-12-25 14:12:08 
100.20 280.5  47.1 280.5  47.1 2.57E-05 000.9 202.6  50.7 0.038422 0.024473 0.011589 hargrave 2019-12-26 12:50:47 
300.10 280.7  47.9 280.7  47.9 2.50E-05 001.0 201.7  50.1 0.037915 0.027011 0.024727 hargrave 2019-12-26 16:46:32 
400.10 279.5  47.9 279.5  47.9 2.24E-05 001.0 202.8  49.7 0.034655 0.022957 0.012247 hargrave 2019-12-27 14:23:54 
400.00 280.4  47.2 280.4  47.2 2.29E-05 000.8 202.6  50.7 0.031912 0.020509 0.012211 hargrave 2019-12-28 14:22:39 
425.00 276.7  45.1 276.7  45.1 2.22E-05 000.8 207.8  50.7 0.029825 0.018017 0.013744 hargrave 2019-12-29 12:55:59 
300.20 275.4  45.3 275.4  45.3 2.18E-05 000.8 208.7  50.0 0.030197 0.016100 0.013824 hargrave 2019-12-29 17:03:08 
425.10 275.3  46.6 275.3  46.6 2.07E-05 000.8 207.4  49.0 0.028589 0.014763 0.013012 hargrave 2019-12-30 12:55:14 
450.10 277.9  48.0 277.9  48.0 1.99E-05 000.8 203.9  49.0 0.014394 0.022510 0.014216 hargrave 2019-12-30 18:01:18 
450.00 277.3  47.2 277.3  47.2 2.08E-05 000.8 205.2  49.3 0.029896 0.015245 0.022810 hargrave 2019-12-31 19:13:12 
475.00 277.9  47.8 277.9  47.8 2.04E-05 000.9 204.2  49.2 0.038299 0.013458 0.021537 hargrave 2020-01-01 11:55:46 
425.20 277.4  50.1 277.4  50.1 1.94E-05 000.9 202.5  47.1 0.031841 0.019167 0.020190 hargrave 2020-01-01 15:37:20 
475.10 276.0  50.4 276.0  50.4 1.87E-05 000.9 203.3  46.4 0.030404 0.017746 0.019726 hargrave 2020-01-02 11:01:26 
500.10 270.9  50.2 270.9  50.2 1.73E-05 001.0 207.0  44.3 0.032734 0.016564 0.024489 hargrave 2020-01-02 15:15:38 
500.00 281.2  49.9 281.2  49.9 1.90E-05 000.9 199.7  48.7 0.029499 0.020556 0.017676 hargrave 2020-01-03 12:53:29 
520.00 279.5  49.3 279.5  49.3 1.86E-05 000.9 201.6  48.6 0.029570 0.020070 0.018867 hargrave 2020-01-03 17:21:30 
475.20 279.8  53.5 279.8  53.5 1.69E-05 001.0 198.0  45.1 0.029316 0.020276 0.023876 hargrave 2020-01-14 13:31:00 
520.10 275.1  54.1 275.1  54.1 1.55E-05 000.9 200.8  43.0 0.024083 0.015188 0.026733 hargrave 2020-01-18 12:32:58 
530.10 269.7  55.8 269.7  55.8 1.42E-05 001.0 202.6  39.8 0.024264 0.014567 0.025259 hargrave 2020-01-18 16:23:59 
530.00 278.6  48.8 278.6  48.8 1.67E-05 000.9 202.7  48.6 0.025303 0.014608 0.025721 hargrave 2020-01-19 12:41:02 
540.00 274.8  47.3 274.8  47.3 1.60E-05 000.8 207.2  48.2 0.023940 0.011814 0.025415 hargrave 2020-01-19 16:10:26 
520.20 264.2  59.7 264.2  59.7 1.22E-05 001.0 201.8  34.9 0.023835 0.013022 0.008812 hargrave 2020-01-20 12:46:08 
540.10 234.6  61.4 234.6  61.4 9.70E-06 001.1 208.2  21.5 0.021474 0.008830 0.007460 hargrave 2020-01-20 16:46:43 
550.10 175.4  63.6 175.4  63.6 7.34E-06 001.3 201.1 -04.0 0.016934 0.009657 0.005820 hargrave 2020-01-21 10:43:42 
550.00 275.5  49.2 275.5  49.2 1.22E-05 000.9 204.7  47.1 0.019537 0.010586 0.007830 hargrave 2020-01-21 14:12:43 
555.00 273.2  47.4 273.2  47.4 1.09E-05 000.9 208.3  47.5 0.017341 0.008301 0.007204 hargrave 2020-01-21 17:47:04 
540.20 148.7  45.9 148.7  45.9 7.66E-06 001.3 201.0 -27.1 0.018295 0.008840 0.004891 hargrave 2020-01-22 12:45:35 
555.10 131.5  26.2 131.5  26.2 8.92E-06 001.1 194.4 -50.6 0.015752 0.008963 0.003944 hargrave 2020-01-23 09:53:45 
560.10 125.1  11.3 125.1  11.3 1.08E-05 000.8 189.1 -66.4 0.013100 0.007981 0.002480 hargrave 2020-01-23 14:13:34 
560.00 277.6  50.1 277.6  50.1 5.86E-06 001.0 202.4  47.2 0.011730 0.004165 0.003568 hargrave 2020-01-24 09:09:30 
562.00 278.4  50.0 278.4  50.0 5.37E-06 001.0 201.8  47.6 0.008717 0.005157 0.003191 hargrave 2020-01-24 12:57:58 
555.20 124.2 -01.5 124.2 -01.5 1.42E-05 000.5 195.0 -79.1 0.011011 0.007284 0.000821 hargrave 2020-01-24 16:55:00 
562.10 122.8  00.9 122.8  00.9 1.57E-05 000.6 186.1 -77.0 0.012636 0.008643 0.002121 hargrave 2020-01-25 12:42:34 
564.10 118.8  02.7 118.8  02.7 1.85E-05 000.6 169.7 -75.1 0.013160 0.012731 0.002644 hargrave 2020-01-25 16:37:45 
564.00 274.0  51.3 274.0  51.3 3.18E-06 001.1 204.0  44.9 0.006232 0.003132 0.002167 hargrave 2020-01-26 14:33:41 
566.00 272.7  52.1 272.7  52.1 3.24E-06 001.1 204.1  43.7 0.006150 0.003253 0.002040 hargrave 2020-01-26 17:49:28 
562.20 118.1 -04.2 118.1 -04.2 2.06E-05 000.4 157.1 -81.6 0.010430 0.010272 0.002176 hargrave 2020-01-27 10:58:54 
566.10 119.1 -07.4 119.1 -07.4 2.11E-05 000.4 153.2 -84.8 0.009464 0.010081 0.001639 hargrave 2020-01-27 14:45:21 
570.10 120.6 -09.0 120.6 -09.0 2.25E-05 000.4 165.2 -86.9 0.010622 0.010460 0.001083 hargrave 2020-01-28 11:03:32 
570.00 270.7  56.5 270.7  56.5 2.42E-06 001.2 201.5  39.6 0.005495 0.002635 0.001645 hargrave 2020-01-28 17:12:21 
575.00 278.9  55.2 278.9  55.2 2.74E-06 001.2 197.5  43.4 0.005632 0.003423 0.001890 hargrave 2020-01-29 10:44:34 
566.20 117.7 -10.1 117.7 -10.1 2.43E-05 000.3 117.5 -85.9 0.007210 0.008982 0.002857 hargrave 2020-01-29 14:22:04 
575.10 119.3 -06.1 119.3 -06.1 2.52E-05 000.4 160.2 -83.8 0.012625 0.012604 0.002948 hargrave 2020-01-30 10:57:47 
580.10 116.5 -08.2 116.5 -08.2 2.63E-05 000.3 127.7 -83.9 0.008322 0.012070 0.002238 hargrave 2020-01-30 14:51:22 
580.00 271.5  55.5 271.5  55.5 1.74E-06 001.1 201.9  40.7 0.003405 0.001970 0.001111 hargrave 2020-01-31 10:43:09 
585.00 270.2  50.6 270.2  50.6 1.56E-06 001.1 207.1  43.8 0.002968 0.001494 0.001091 hargrave 2020-01-31 14:17:22 
575.20 117.6 -10.1 117.6 -10.1 2.82E-05 000.3 116.1 -85.8 0.007895 0.011721 0.002264 hargrave 2020-01-31 18:04:49 
585.10 117.0 -08.5 117.0 -08.5 2.89E-05 000.3 128.0 -84.4 0.009402 0.012556 0.002771 hargrave 2020-02-01 12:57:12 
