AX3- 6a mag compass orientation (IGRF corrected)
      0  72.7  75.0   0.0   0.0   1.0
NRM    289.3  30.2 289.3  30.2 3.46E-06 001.2 243.1  38.9 0.007611 0.003053 0.001442 hargrave 2019-12-20 11:51:14 
100.00 290.1  30.7 290.1  30.7 3.38E-06 001.3 242.3  39.5 0.008125 0.002378 0.001628 hargrave 2019-12-21 13:16:54 
100.10 289.5  29.1 289.5  29.1 3.30E-06 001.3 244.4  39.2 0.007739 0.001997 0.001754 hargrave 2019-12-22 13:33:25 
200.10 286.2  26.2 286.2  26.2 2.93E-06 001.2 248.2  36.4 0.006202 0.002435 0.001654 hargrave 2019-12-23 12:15:16 
200.00 290.6  23.8 290.6  23.8 3.03E-06 001.3 251.3  40.4 0.006819 0.001718 0.002428 hargrave 2019-12-24 13:12:20 
300.00 290.9  25.7 290.9  25.7 2.70E-06 001.1 248.8  40.6 0.005049 0.001766 0.002293 hargrave 2019-12-25 13:38:39 
100.20 289.0  26.2 289.0  26.2 2.63E-06 001.1 248.2  38.8 0.005003 0.001358 0.002335 hargrave 2019-12-26 12:17:23 
300.10 280.2  24.1 280.2  24.1 2.30E-06 001.4 250.6  30.8 0.005582 0.001117 0.002140 hargrave 2019-12-26 16:13:48 
400.10 240.5  17.9 240.5  17.9 1.35E-06 002.0 249.5 -06.6 0.004798 0.001324 0.001228 hargrave 2019-12-27 13:50:30 
400.00 285.0  22.7 285.0  22.7 1.54E-06 001.2 252.6  35.1 0.003211 0.000713 0.001292 hargrave 2019-12-28 13:49:52 
425.00 287.5  21.4 287.5  21.4 1.36E-06 000.9 254.2  37.4 0.001987 0.000780 0.001350 hargrave 2019-12-29 12:24:16 
300.20 253.3  17.8 253.3  17.8 1.05E-06 001.2 252.9  05.1 0.002337 0.000602 0.000841 hargrave 2019-12-29 16:30:37 
425.10 212.9 -00.3 212.9 -00.3 1.40E-06 001.1 258.2 -38.2 0.002568 0.001143 0.000667 hargrave 2019-12-30 12:21:39 
450.10 194.3 -01.1 194.3 -01.1 1.65E-06 000.8 249.0 -55.8 0.001967 0.000932 0.000915 hargrave 2019-12-30 17:14:27 
450.00 279.6  20.3 279.6  20.3 1.04E-06 001.3 254.9  30.0 0.002408 0.001016 0.001141 hargrave 2019-12-31 18:40:34 
475.00 279.1  18.6 279.1  18.6 8.96E-07 001.6 256.8  29.3 0.002538 0.001054 0.000570 hargrave 2020-01-01 11:23:41 
425.20 188.9 -06.4 188.9 -06.4 1.53E-06 000.7 254.3 -62.9 0.001488 0.000928 0.000756 hargrave 2020-01-01 15:05:21 
475.10 180.4 -08.9 180.4 -08.9 2.06E-06 000.6 252.7 -71.6 0.001753 0.000935 0.000733 hargrave 2020-01-02 10:29:20 
500.10 177.0 -10.5 177.0 -10.5 2.45E-06 000.5 253.9 -75.3 0.001893 0.001273 0.000446 hargrave 2020-01-02 14:42:41 
500.00 270.8  08.1 270.8  08.1 5.92E-07 001.1 266.5  19.5 0.000643 0.001110 0.000912 hargrave 2020-01-03 12:20:41 
520.00 275.9  13.5 275.9  13.5 6.04E-07 001.8 262.0  25.5 0.001868 0.001048 0.000280 hargrave 2020-01-03 16:48:46 
475.20 173.4 -12.2 173.4 -12.2 2.25E-06 000.6 256.3 -79.2 0.001998 0.001132 0.000375 hargrave 2020-01-14 12:58:22 
520.10 171.1 -11.8 171.1 -11.8 2.53E-06 000.6 249.3 -81.3 0.002262 0.001490 0.000362 hargrave 2020-01-18 12:01:08 
530.10 171.2 -12.2 171.2 -12.2 2.73E-06 000.5 252.4 -81.2 0.002003 0.001214 0.000341 hargrave 2020-01-18 15:52:13 
530.00 266.2  19.5 266.2  19.5 4.37E-07 001.8 253.9  17.4 0.001330 0.000425 0.000552 hargrave 2020-01-19 12:07:38 
540.00 274.3  07.2 274.3  07.2 4.28E-07 001.8 268.4  22.7 0.001286 0.000728 0.000202 hargrave 2020-01-19 15:38:30 
520.20 169.6 -13.3 169.6 -13.3 2.70E-06 000.5 256.9 -83.1 0.001717 0.001319 0.000492 hargrave 2020-01-20 12:12:44 
540.10 169.2 -12.7 169.2 -12.7 2.87E-06 000.6 250.8 -83.3 0.002694 0.001857 0.000757 hargrave 2020-01-20 16:12:21 
550.10 165.6 -13.9 165.6 -13.9 2.95E-06 000.6 248.7 -86.9 0.002276 0.001809 0.000609 hargrave 2020-01-21 10:10:22 
550.00 254.6  22.6 254.6  22.6 3.02E-07 002.2 248.5  07.4 0.001127 0.000453 0.000541 hargrave 2020-01-21 13:40:52 
555.00 260.3  18.1 260.3  18.1 4.06E-07 001.8 254.2  11.6 0.001230 0.000478 0.000545 hargrave 2020-01-21 17:15:10 
540.20 167.5 -13.3 167.5 -13.3 2.94E-06 000.4 250.1 -85.1 0.001765 0.001300 0.000370 hargrave 2020-01-22 12:12:16 
555.10 167.2 -14.8 167.2 -14.8 3.16E-06 000.4 268.0 -85.7 0.001786 0.001537 0.000343 hargrave 2020-01-23 09:20:28 
560.10 166.5 -13.3 166.5 -13.3 3.23E-06 000.3 245.4 -85.9 0.001494 0.001138 0.000677 hargrave 2020-01-23 13:39:17 
560.00 260.1  16.3 260.1  16.3 3.67E-07 000.8 255.9  11.1 0.000598 0.000500 0.000244 hargrave 2020-01-24 08:37:19 
562.00 252.1  17.1 252.1  17.1 3.77E-07 001.2 253.3  03.8 0.000695 0.000417 0.000480 hargrave 2020-01-24 12:26:18 
555.20 165.4 -13.5 165.4 -13.5 3.22E-06 000.4 240.4 -87.0 0.001906 0.001539 0.000312 hargrave 2020-01-24 16:19:57 
562.10 167.0 -14.4 167.0 -14.4 3.33E-06 000.5 263.0 -85.8 0.002231 0.001767 0.000797 hargrave 2020-01-25 12:07:17 
564.10 165.3 -14.1 165.3 -14.1 3.43E-06 000.4 250.1 -87.3 0.001938 0.001539 0.000517 hargrave 2020-01-25 16:03:24 
564.00 256.3  14.0 256.3  14.0 3.64E-07 001.4 257.3  06.9 0.000845 0.000517 0.000505 hargrave 2020-01-26 14:01:01 
566.00 263.7  25.5 263.7  25.5 3.43E-07 001.4 247.2  16.2 0.000583 0.000694 0.000551 hargrave 2020-01-26 17:16:35 
562.20 165.9 -14.4 165.9 -14.4 3.39E-06 000.6 259.5 -86.9 0.002834 0.002211 0.000388 hargrave 2020-01-27 10:23:52 
566.10 166.2 -16.1 166.2 -16.1 3.49E-06 000.5 287.8 -86.5 0.002366 0.002022 0.000406 hargrave 2020-01-27 14:09:10 
570.10 165.3 -15.3 165.3 -15.3 3.59E-06 000.3 276.5 -87.5 0.001053 0.001216 0.000242 hargrave 2020-01-28 10:27:39 
570.00 255.6  27.7 255.6  27.7 3.96E-07 000.8 243.6  09.4 0.000489 0.000339 0.000361 hargrave 2020-01-28 16:39:33 
575.00 260.5  24.5 260.5  24.5 3.09E-07 002.4 247.7  13.1 0.001272 0.000422 0.000643 hargrave 2020-01-29 10:11:59 
566.20 164.9 -15.2 164.9 -15.2 3.42E-06 000.3 275.7 -87.9 0.001050 0.001206 0.000353 hargrave 2020-01-29 13:45:58 
575.10 164.4 -16.1 164.4 -16.1 3.73E-06 000.3 305.2 -88.0 0.001316 0.001622 0.000489 hargrave 2020-01-30 10:21:47 
580.10 165.5 -14.2 165.5 -14.2 3.80E-06 000.3 253.4 -87.1 0.001409 0.001419 0.000383 hargrave 2020-01-30 14:15:10 
580.00 248.2  10.3 248.2  10.3 2.87E-07 001.2 258.9 -01.6 0.000671 0.000442 0.000166 hargrave 2020-01-31 10:11:14 
585.00 254.8  22.4 254.8  22.4 3.02E-07 001.2 248.8  07.6 0.000723 0.000456 0.000159 hargrave 2020-01-31 13:45:31 
575.20 165.7 -15.2 165.7 -15.2 3.76E-06 000.5 274.1 -87.1 0.002538 0.002275 0.000424 hargrave 2020-01-31 17:29:34 
585.10 163.3 -15.3 163.3 -15.3 4.06E-06 000.4 298.4 -89.3 0.001921 0.001918 0.000392 hargrave 2020-02-01 12:20:42 
