AX3- 4a mag compass orientation (IGRF corrected)
      0  70.7  83.0   0.0   0.0   1.0
NRM    293.5  38.4 293.5  38.4 2.65E-06 001.2 226.2  37.2 0.005845 0.002703 0.001669 hargrave 2019-12-20 11:49:49 
100.00 294.0  37.1 294.0  37.1 2.57E-06 001.2 227.5  38.0 0.006171 0.001924 0.001568 hargrave 2019-12-21 13:15:22 
100.10 293.1  37.3 293.1  37.3 2.52E-06 001.3 227.7  37.4 0.006307 0.001571 0.001445 hargrave 2019-12-22 13:31:59 
200.10 290.2  38.7 290.2  38.7 2.22E-06 001.2 227.1  34.7 0.004860 0.001991 0.001082 hargrave 2019-12-23 12:13:50 
200.00 294.2  36.6 294.2  36.6 2.28E-06 001.3 228.0  38.4 0.005256 0.001819 0.001769 hargrave 2019-12-24 13:09:53 
300.00 295.8  34.9 295.8  34.9 2.02E-06 001.2 229.4  40.3 0.004157 0.001585 0.001650 hargrave 2019-12-25 13:36:11 
100.20 294.9  38.0 294.9  38.0 1.99E-06 001.2 226.1  38.4 0.004008 0.001570 0.001599 hargrave 2019-12-26 12:14:54 
300.10 284.8  39.6 284.8  39.6 1.79E-06 001.7 227.7  30.4 0.005331 0.001630 0.001926 hargrave 2019-12-26 16:11:20 
400.10 250.1  40.0 250.1  40.0 1.12E-06 001.8 230.2  04.0 0.003516 0.001016 0.001083 hargrave 2019-12-27 13:48:02 
400.00 290.5  35.0 290.5  35.0 1.27E-06 001.6 231.2  36.1 0.003421 0.001139 0.001738 hargrave 2019-12-28 13:47:22 
425.00 295.7  37.2 295.7  37.2 1.09E-06 001.3 226.6  39.2 0.002125 0.001191 0.001149 hargrave 2019-12-29 12:21:47 
300.20 260.7  43.6 260.7  43.6 9.27E-07 001.4 226.8  12.1 0.002278 0.000786 0.000767 hargrave 2019-12-29 16:28:08 
425.10 220.3  22.1 220.3  22.1 9.81E-07 001.5 241.7 -24.8 0.002458 0.000643 0.000703 hargrave 2019-12-30 12:19:10 
450.10 199.4  21.5 199.4  21.5 1.16E-06 001.2 232.1 -42.5 0.002324 0.000983 0.000470 hargrave 2019-12-30 17:11:58 
450.00 286.9  28.7 286.9  28.7 8.98E-07 001.0 239.7  34.9 0.001682 0.000536 0.000654 hargrave 2019-12-31 18:38:01 
475.00 287.5  34.9 287.5  34.9 6.36E-07 001.1 232.3  33.8 0.000920 0.000638 0.000640 hargrave 2020-01-01 11:21:12 
425.20 183.8  12.5 183.8  12.5 1.08E-06 001.3 229.8 -59.9 0.002201 0.001009 0.000337 hargrave 2020-01-01 15:02:52 
475.10 177.3  09.8 177.3  09.8 1.42E-06 000.9 224.7 -66.5 0.002085 0.000741 0.000189 hargrave 2020-01-02 10:26:52 
500.10 169.3  04.8 169.3  04.8 1.86E-06 000.9 216.3 -75.4 0.002474 0.001471 0.000430 hargrave 2020-01-02 14:40:12 
500.00 285.9  41.5 285.9  41.5 3.95E-07 001.3 225.3  30.6 0.000773 0.000445 0.000355 hargrave 2020-01-03 12:18:11 
520.00 294.7  42.5 294.7  42.5 4.83E-07 001.5 221.1  36.2 0.001419 0.000400 0.000332 hargrave 2020-01-03 16:46:17 
475.20 167.1  01.3 167.1  01.3 2.04E-06 000.5 217.9 -79.5 0.001647 0.000650 0.000229 hargrave 2020-01-14 12:55:55 
520.10 160.4 -00.6 160.4 -00.6 2.79E-06 000.3 177.0 -83.6 0.001088 0.000948 0.000791 hargrave 2020-01-18 11:58:41 
530.10 162.3  00.0 162.3  00.0 3.63E-06 000.5 193.2 -82.8 0.002608 0.001892 0.001730 hargrave 2020-01-18 15:49:44 
530.00 275.5  29.9 275.5  29.9 2.43E-07 002.6 240.2  24.9 0.001134 0.000500 0.000285 hargrave 2020-01-19 12:05:11 
540.00 284.1  52.0 284.1  52.0 2.76E-07 002.4 214.8  25.6 0.001323 0.000615 0.000152 hargrave 2020-01-19 15:36:02 
520.20 158.2 -01.4 158.2 -01.4 6.01E-06 000.4 155.8 -83.8 0.003938 0.002974 0.004768 hargrave 2020-01-20 12:10:16 
540.10 157.9 -02.9 157.9 -02.9 7.20E-06 000.4 146.0 -85.0 0.004369 0.003670 0.004050 hargrave 2020-01-20 16:09:52 
550.10 156.2 -03.4 156.2 -03.4 9.05E-06 000.4 128.6 -84.3 0.005532 0.004762 0.008127 hargrave 2020-01-21 10:07:54 
550.00 310.2  75.8 310.2  75.8 1.88E-07 002.2 187.6  19.2 0.000809 0.000646 0.000164 hargrave 2020-01-21 13:38:24 
555.00 279.7  69.5 279.7  69.5 1.95E-07 001.2 198.6  16.4 0.000332 0.000298 0.000142 hargrave 2020-01-21 17:12:41 
540.20 156.1 -03.1 156.1 -03.1 1.26E-05 000.5 129.6 -84.0 0.008060 0.009085 0.010422 hargrave 2020-01-22 12:09:49 
555.10 157.4 -02.5 157.4 -02.5 1.31E-05 000.4 143.4 -84.4 0.008478 0.006575 0.009266 hargrave 2020-01-23 09:18:00 
560.10 156.5 -02.8 156.5 -02.8 1.45E-05 000.5 134.4 -84.1 0.009537 0.008328 0.013919 hargrave 2020-01-23 13:36:48 
560.00 212.8  65.2 212.8  65.2 1.24E-07 002.3 199.6 -08.4 0.000797 0.000420 0.000186 hargrave 2020-01-24 08:34:50 
562.00 260.8  60.9 260.8  60.9 1.69E-07 001.3 209.2  11.0 0.000393 0.000214 0.000303 hargrave 2020-01-24 12:23:50 
555.20 155.8 -02.8 155.8 -02.8 1.68E-05 000.4 130.5 -83.5 0.010338 0.008812 0.009220 hargrave 2020-01-24 16:17:28 
562.10 156.1 -03.1 156.1 -03.1 1.75E-05 000.4 130.2 -83.9 0.011329 0.009291 0.012106 hargrave 2020-01-25 12:04:47 
564.10 154.7 -02.9 154.7 -02.9 1.80E-05 000.4 124.6 -82.8 0.011485 0.009522 0.012774 hargrave 2020-01-25 16:00:55 
564.00 226.4  46.9 226.4  46.9 1.47E-07 001.6 219.4 -11.0 0.000390 0.000352 0.000215 hargrave 2020-01-26 13:58:32 
566.00 249.7  61.0 249.7  61.0 1.51E-07 001.5 209.1  05.6 0.000349 0.000209 0.000222 hargrave 2020-01-26 17:14:01 
562.20 155.5 -02.7 155.5 -02.7 1.94E-05 000.5 129.1 -83.3 0.012796 0.010402 0.012357 hargrave 2020-01-27 10:21:23 
566.10 154.6 -02.6 154.6 -02.6 1.94E-05 000.4 125.4 -82.5 0.011020 0.009629 0.009400 hargrave 2020-01-27 14:06:40 
570.10 154.0 -03.3 154.0 -03.3 2.02E-05 000.4 118.8 -82.4 0.011833 0.010585 0.007939 hargrave 2020-01-28 10:25:10 
570.00 229.4  50.1 229.4  50.1 1.71E-07 001.4 217.1 -07.9 0.000577 0.000192 0.000136 hargrave 2020-01-28 16:37:04 
575.00 258.8  51.0 258.8  51.0 1.80E-07 002.0 219.3  10.5 0.000715 0.000310 0.000305 hargrave 2020-01-29 10:09:30 
566.20 153.5 -01.9 153.5 -01.9 2.04E-05 000.4 125.3 -81.2 0.012355 0.010728 0.009331 hargrave 2020-01-29 13:43:28 
575.10 153.9 -02.3 153.9 -02.3 2.18E-05 000.4 124.3 -81.8 0.012142 0.010506 0.010464 hargrave 2020-01-30 10:19:18 
580.10 154.3 -02.6 154.3 -02.6 2.14E-05 000.4 124.5 -82.2 0.013531 0.011302 0.010740 hargrave 2020-01-30 14:12:41 
580.00 239.0  31.6 239.0  31.6 1.07E-07 001.2 237.0 -06.2 0.000146 0.000273 0.000058 hargrave 2020-01-31 10:08:44 
585.00 212.8  57.8 212.8  57.8 1.59E-07 003.1 205.5 -12.8 0.001091 0.000635 0.000296 hargrave 2020-01-31 13:43:00 
575.20 154.8 -01.5 154.8 -01.5 2.26E-05 000.5 132.9 -81.9 0.014598 0.012660 0.011915 hargrave 2020-01-31 17:27:04 
585.10 153.6 -01.7 153.6 -01.7 2.35E-05 000.4 126.5 -81.1 0.013853 0.012303 0.008519 hargrave 2020-02-01 12:18:12 
