AX3- 3a mag compass orientation (IGRF corrected)
      0  69.7  62.0   0.0   0.0   1.0
NRM    273.7  62.9 273.7  62.9 1.47E-06 001.3 210.8  35.6 0.003268 0.001736 0.000803 hargrave 2019-12-20 11:48:24 
100.00 285.2  64.1 285.2  64.1 1.36E-06 001.3 207.8  40.3 0.003450 0.001379 0.000716 hargrave 2019-12-21 13:13:53 
100.10 268.8  63.4 268.8  63.4 1.31E-06 001.2 210.4  33.3 0.003039 0.001420 0.001035 hargrave 2019-12-22 13:30:35 
200.10 257.3  57.7 257.3  57.7 1.07E-06 001.4 216.6  27.4 0.002442 0.001330 0.000887 hargrave 2019-12-23 12:12:25 
200.00 285.2  63.3 285.2  63.3 1.13E-06 001.3 208.8  40.5 0.002137 0.001675 0.000717 hargrave 2019-12-24 13:08:28 
300.00 290.6  57.2 290.6  57.2 1.01E-06 001.3 215.4  45.0 0.002019 0.001103 0.001050 hargrave 2019-12-25 13:34:47 
100.20 285.4  57.9 285.4  57.9 9.72E-07 001.4 215.6  42.2 0.002138 0.001035 0.000746 hargrave 2019-12-26 12:13:30 
300.10 266.8  55.1 266.8  55.1 8.84E-07 001.4 220.3  32.2 0.001789 0.001185 0.001058 hargrave 2019-12-26 16:09:55 
400.10 224.8  45.8 224.8  45.8 5.49E-07 001.6 219.4  04.5 0.000948 0.000881 0.000986 hargrave 2019-12-27 13:46:37 
400.00 285.5  60.2 285.5  60.2 6.25E-07 001.5 212.7  41.6 0.001293 0.000938 0.001252 hargrave 2019-12-28 13:45:58 
425.00 292.5  57.3 292.5  57.3 5.78E-07 001.6 214.7  46.0 0.001329 0.000999 0.000877 hargrave 2019-12-29 12:20:23 
300.20 244.5  54.0 244.5  54.0 4.86E-07 001.3 218.3  19.5 0.000798 0.000856 0.000542 hargrave 2019-12-29 16:26:44 
425.10 221.8  23.7 221.8  23.7 5.00E-07 001.5 235.5 -10.9 0.001039 0.000380 0.000731 hargrave 2019-12-30 12:17:45 
450.10 205.6  18.6 205.6  18.6 5.48E-07 002.1 229.0 -25.7 0.001888 0.000804 0.000699 hargrave 2019-12-30 17:10:34 
450.00 286.4  51.2 286.4  51.2 4.52E-07 001.4 224.5  44.1 0.001017 0.000559 0.000322 hargrave 2019-12-31 18:36:34 
475.00 284.8  48.9 284.8  48.9 4.04E-07 001.7 227.8  43.4 0.000637 0.000754 0.000691 hargrave 2020-01-01 11:19:47 
425.20 194.9  01.1 194.9  01.1 5.10E-07 001.4 235.1 -45.4 0.001220 0.000477 0.000233 hargrave 2020-01-01 15:01:27 
475.10 183.7 -07.1 183.7 -07.1 7.44E-07 000.9 231.9 -59.2 0.001194 0.000413 0.000288 hargrave 2020-01-02 10:25:27 
500.10 174.9 -19.4 174.9 -19.4 1.46E-06 000.8 241.6 -73.7 0.001915 0.000846 0.000565 hargrave 2020-01-02 14:38:44 
500.00 293.9  55.4 293.9  55.4 3.35E-07 001.1 216.9  47.4 0.000531 0.000333 0.000496 hargrave 2020-01-03 12:16:47 
520.00 295.1  47.8 295.1  47.8 2.82E-07 001.0 227.6  50.4 0.000403 0.000412 0.000103 hargrave 2020-01-03 16:44:52 
475.20 174.8 -23.5 174.8 -23.5 3.87E-06 000.7 255.2 -75.7 0.004060 0.002284 0.000985 hargrave 2020-01-14 12:54:31 
520.10 174.7 -28.4 174.7 -28.4 6.56E-06 004.9 275.5 -76.8 0.032668 0.046605 0.000862 hargrave 2020-01-18 11:57:16 
530.10 177.2 -27.2 177.2 -27.2 1.19E-05 002.5 271.2 -74.5 0.032236 0.043485 0.001814 hargrave 2020-01-18 15:48:20 
530.00 262.5  51.3 262.5  51.3 2.37E-07 002.0 224.3  29.2 0.000805 0.000657 0.000278 hargrave 2020-01-19 12:03:46 
540.00 283.2  55.6 283.2  55.6 2.36E-07 002.6 218.9  41.5 0.001036 0.000794 0.000276 hargrave 2020-01-19 15:34:37 
520.20 178.9 -26.1 178.9 -26.1 2.71E-05 000.7 268.1 -72.8 0.026270 0.022776 0.005677 hargrave 2020-01-20 12:08:52 
540.10 179.7 -28.4 179.7 -28.4 3.17E-05 000.7 275.9 -72.4 0.028340 0.029157 0.005911 hargrave 2020-01-20 16:08:28 
550.10 178.2 -25.7 178.2 -25.7 3.99E-05 000.7 266.4 -73.3 0.039453 0.031106 0.009190 hargrave 2020-01-21 10:06:30 
550.00 324.3  68.2 324.3  68.2 1.29E-07 006.1 188.6  48.8 0.001220 0.000931 0.000246 hargrave 2020-01-21 13:36:59 
555.00 258.8  57.3 258.8  57.3 1.22E-07 006.5 217.2  28.1 0.001109 0.001144 0.000453 hargrave 2020-01-21 17:11:16 
540.20 176.0 -25.3 176.0 -25.3 5.63E-05 000.7 263.3 -75.2 0.055164 0.045618 0.011586 hargrave 2020-01-22 12:08:24 
555.10 174.8 -30.2 174.8 -30.2 5.74E-05 000.6 283.2 -76.6 0.041206 0.047996 0.011248 hargrave 2020-01-23 09:16:35 
560.10 175.7 -29.3 175.7 -29.3 6.46E-05 000.6 279.1 -75.9 0.050467 0.052253 0.009911 hargrave 2020-01-23 13:35:23 
560.00 357.8  07.3 357.8  07.3 1.97E-07 005.4 043.0  63.1 0.001413 0.001256 0.000612 hargrave 2020-01-24 10:31:59 
562.00 247.4  34.2 247.4  34.2 1.19E-07 005.5 238.3  13.5 0.001012 0.001181 0.000387 hargrave 2020-01-24 12:22:26 
555.20 175.1 -31.6 175.1 -31.6 7.78E-05 000.7 288.9 -76.2 0.057459 0.073675 0.014086 hargrave 2020-01-24 16:16:04 
562.10 174.0 -32.4 174.0 -32.4 8.13E-05 000.7 293.2 -76.9 0.052860 0.074991 0.016017 hargrave 2020-01-25 12:03:22 
564.10 171.3 -29.7 171.3 -29.7 8.41E-05 000.6 282.5 -79.7 0.061745 0.067734 0.013072 hargrave 2020-01-25 15:59:31 
564.00 251.7  26.8 251.7  26.8 1.08E-07 007.9 246.8  13.8 0.001441 0.001177 0.000440 hargrave 2020-01-26 13:57:08 
566.00 246.2  51.7 246.2  51.7 1.06E-07 007.2 221.1  19.6 0.001287 0.001011 0.000428 hargrave 2020-01-26 17:12:35 
562.20 173.8 -33.0 173.8 -33.0 9.39E-05 000.7 296.0 -76.9 0.089818 0.068683 0.018753 hargrave 2020-01-27 10:19:59 
566.10 173.1 -32.6 173.1 -32.6 9.49E-05 000.7 295.1 -77.5 0.094056 0.067290 0.016867 hargrave 2020-01-27 14:05:15 
570.10 170.0 -32.6 170.0 -32.6 9.84E-05 000.6 299.7 -80.0 0.061374 0.084891 0.018234 hargrave 2020-01-28 10:23:46 
570.00 184.1  50.1 184.1  50.1 8.60E-08 007.5 195.6 -09.0 0.001515 0.001263 0.000299 hargrave 2020-01-28 16:34:52 
575.00 214.9  57.4 214.9  57.4 9.86E-08 008.3 206.5  07.1 0.001565 0.001225 0.000556 hargrave 2020-01-29 10:08:05 
566.20 171.0 -33.1 171.0 -33.1 1.03E-04 000.6 300.4 -79.0 0.066853 0.093312 0.017132 hargrave 2020-01-29 13:42:03 
575.10 169.9 -31.3 169.9 -31.3 1.11E-04 000.6 292.6 -80.5 0.072046 0.089050 0.025668 hargrave 2020-01-30 10:17:53 
580.10 169.9 -33.3 169.9 -33.3 1.10E-04 000.6 303.7 -79.8 0.067664 0.099555 0.022633 hargrave 2020-01-30 14:11:16 
580.00 262.7 -27.2 262.7 -27.2 1.64E-07 003.7 299.9 -02.1 0.001006 0.001483 0.000411 hargrave 2020-01-31 10:07:19 
585.00 252.1  40.1 252.1  40.1 1.69E-07 004.5 234.1  19.3 0.001276 0.001155 0.000448 hargrave 2020-01-31 13:41:36 
575.20 171.0 -31.8 171.0 -31.8 1.18E-04 000.7 294.0 -79.5 0.102971 0.092044 0.024468 hargrave 2020-01-31 17:25:39 
585.10 170.0 -33.5 170.0 -33.5 1.22E-04 000.6 304.2 -79.6 0.100077 0.089090 0.022479 hargrave 2020-02-01 12:16:47 
