AX5- 2a sun compass orientation
      0 149.6  65.0   0.0   0.0   1.0
NRM    287.8  32.8 287.8  32.8 1.27E-04 000.6 220.7 -16.2 0.072077 0.091503 0.107926 hargrave 2019-12-20 11:57:11 
100.00 288.6  32.1 288.6  32.1 1.27E-04 000.7 221.7 -16.2 0.116640 0.090605 0.125697 hargrave 2019-12-21 13:18:41 
100.10 288.7  31.7 288.7  31.7 1.27E-04 000.6 222.1 -16.5 0.063433 0.091218 0.117161 hargrave 2019-12-22 13:34:49 
200.10 284.1  31.6 284.1  31.6 1.22E-04 000.6 219.2 -19.2 0.076074 0.106304 0.108001 hargrave 2019-12-23 12:16:41 
200.00 290.3  31.0 290.3  31.0 1.22E-04 001.0 223.7 -15.9 0.066553 0.182842 0.156150 hargrave 2019-12-24 13:13:45 
300.00 289.1  31.6 289.1  31.6 1.04E-04 001.0 222.4 -16.2 0.058891 0.148855 0.137512 hargrave 2019-12-25 13:40:07 
100.20 291.0  29.1 291.0  29.1 1.04E-04 001.0 225.5 -16.8 0.041806 0.176121 0.158824 hargrave 2019-12-26 12:18:46 
300.10 287.4  24.1 287.4  24.1 1.07E-04 000.9 227.1 -22.5 0.042135 0.175387 0.147835 hargrave 2019-12-26 16:15:13 
400.10 280.1  18.3 280.1  18.3 8.92E-05 001.0 226.3 -31.4 0.052789 0.147847 0.128997 hargrave 2019-12-27 13:51:54 
400.00 289.1  29.0 289.1  29.0 7.98E-05 000.9 224.4 -18.1 0.038953 0.144115 0.114578 hargrave 2019-12-28 13:51:16 
425.00 289.2  30.1 289.2  30.1 7.63E-05 000.8 223.6 -17.2 0.068305 0.153912 0.116550 hargrave 2019-12-29 12:25:39 
300.20 282.7  22.1 282.7  22.1 8.09E-05 000.5 225.3 -27.1 0.057958 0.119448 0.103037 hargrave 2019-12-29 16:32:01 
425.10 278.2  16.8 278.2  16.8 8.49E-05 000.5 225.9 -33.8 0.064792 0.128235 0.105234 hargrave 2019-12-30 12:23:02 
450.10 275.5  15.4 275.5  15.4 8.25E-05 000.7 224.8 -36.6 0.091467 0.106503 0.088762 hargrave 2019-12-30 17:15:51 
450.00 285.4  29.5 285.4  29.5 6.94E-05 000.7 221.6 -20.0 0.065007 0.100653 0.086024 hargrave 2019-12-31 18:42:01 
475.00 285.9  29.9 285.9  29.9 6.50E-05 000.7 221.6 -19.4 0.071011 0.081677 0.069728 hargrave 2020-01-01 11:25:05 
425.20 274.5  13.1 274.5  13.1 7.48E-05 000.5 225.7 -38.9 0.048747 0.070014 0.058546 hargrave 2020-01-01 15:06:46 
475.10 274.3  09.9 274.3  09.9 7.41E-05 000.5 228.4 -41.4 0.055353 0.063610 0.053055 hargrave 2020-01-02 10:30:45 
500.10 270.9  07.8 270.9  07.8 7.14E-05 000.4 226.9 -45.2 0.045340 0.058675 0.047921 hargrave 2020-01-02 14:44:06 
500.00 288.6  24.4 288.6  24.4 5.49E-05 000.7 227.6 -21.5 0.052449 0.059938 0.048865 hargrave 2020-01-03 12:22:05 
520.00 290.9  23.2 290.9  23.2 5.03E-05 000.7 230.1 -20.8 0.044457 0.051195 0.044319 hargrave 2020-01-03 16:50:11 
475.20 267.5  06.2 267.5  06.2 6.89E-05 000.6 224.8 -48.7 0.041156 0.064201 0.045409 hargrave 2020-01-14 12:59:46 
520.10 265.3  00.8 265.3  00.8 7.28E-05 000.6 227.8 -54.2 0.044870 0.068701 0.041465 hargrave 2020-01-18 12:02:32 
530.10 260.9 -02.6 260.9 -02.6 7.81E-05 000.8 225.8 -59.6 0.098148 0.037288 0.033512 hargrave 2020-01-18 15:53:37 
530.00 282.9  26.6 282.9  26.6 4.58E-05 000.8 222.0 -23.6 0.051449 0.063647 0.050768 hargrave 2020-01-19 12:09:02 
540.00 286.1  27.0 286.1  27.0 4.21E-05 000.6 224.0 -21.3 0.009063 0.036195 0.045247 hargrave 2020-01-19 15:39:56 
520.20 257.5 -03.3 257.5 -03.3 7.55E-05 000.4 221.3 -62.3 0.012717 0.049660 0.025697 hargrave 2020-01-20 12:14:07 
540.10 257.5 -09.5 257.5 -09.5 8.47E-05 000.3 230.8 -67.0 0.023002 0.040961 0.022660 hargrave 2020-01-20 16:13:45 
550.10 251.2 -11.2 251.2 -11.2 8.98E-05 000.5 220.8 -72.3 0.057139 0.044408 0.012536 hargrave 2020-01-21 10:11:46 
550.00 284.7  24.1 284.7  24.1 3.50E-05 000.8 225.2 -24.3 0.018957 0.057095 0.034344 hargrave 2020-01-21 13:42:16 
555.00 283.8  28.0 283.8  28.0 3.09E-05 000.9 221.6 -22.0 0.057460 0.061860 0.031815 hargrave 2020-01-21 17:16:34 
540.20 250.2 -13.0 250.2 -13.0 8.51E-05 000.6 221.8 -74.4 0.058559 0.068010 0.010180 hargrave 2020-01-22 12:13:41 
555.10 249.0 -15.4 249.0 -15.4 9.63E-05 000.6 224.4 -76.9 0.070904 0.069933 0.014696 hargrave 2020-01-23 09:21:52 
560.10 247.9 -18.9 247.9 -18.9 9.94E-05 000.4 233.2 -80.1 0.062397 0.034891 0.013251 hargrave 2020-01-23 13:40:42 
560.00 280.6  25.8 280.6  25.8 2.24E-05 001.8 220.9 -25.6 0.056704 0.047978 0.019732 hargrave 2020-01-24 08:38:43 
562.00 281.1  26.2 281.1  26.2 2.06E-05 001.3 221.0 -25.0 0.039049 0.022154 0.018471 hargrave 2020-01-24 12:27:42 
555.20 245.9 -19.9 245.9 -19.9 9.65E-05 000.4 229.8 -82.3 0.055043 0.035621 0.015312 hargrave 2020-01-24 16:21:22 
562.10 245.1 -22.0 245.1 -22.0 1.03E-04 000.4 240.2 -84.1 0.054392 0.039060 0.020537 hargrave 2020-01-25 12:08:42 
564.10 241.5 -21.7 241.5 -21.7 1.04E-04 000.3 207.8 -86.2 0.045336 0.039596 0.023541 hargrave 2020-01-25 16:04:48 
564.00 281.1  23.8 281.1  23.8 1.60E-05 001.4 222.8 -26.8 0.034734 0.013581 0.013111 hargrave 2020-01-26 14:02:26 
566.00 277.8  25.8 277.8  25.8 1.46E-05 001.4 218.7 -27.2 0.029319 0.016995 0.012650 hargrave 2020-01-26 17:18:01 
562.20 243.4 -23.7 243.4 -23.7 1.03E-04 000.3 249.3 -86.3 0.043644 0.034985 0.013221 hargrave 2020-01-27 10:25:16 
566.10 242.6 -24.9 242.6 -24.9 1.06E-04 000.3 268.6 -87.3 0.038086 0.038730 0.016534 hargrave 2020-01-27 14:10:38 
570.10 241.0 -26.9 241.0 -26.9 1.08E-04 000.2 325.8 -87.7 0.030156 0.035785 0.018675 hargrave 2020-01-28 10:29:04 
570.00 267.5  20.5 267.5  20.5 8.27E-06 001.1 213.3 -37.0 0.012478 0.007785 0.007182 hargrave 2020-01-28 16:40:58 
575.00 273.5  22.6 273.5  22.6 7.02E-06 001.3 217.5 -32.1 0.012484 0.007804 0.006857 hargrave 2020-01-29 10:13:24 
566.20 239.1 -26.1 239.1 -26.1 1.02E-04 000.3 020.9 -88.8 0.049840 0.032671 0.021653 hargrave 2020-01-29 13:47:23 
575.10 239.3 -26.9 239.3 -26.9 1.10E-04 000.5 007.7 -88.1 0.058730 0.081010 0.021140 hargrave 2020-01-30 10:23:12 
580.10 239.5 -24.8 239.5 -24.8 1.09E-04 000.2 152.7 -89.8 0.030202 0.034779 0.020644 hargrave 2020-01-30 14:16:36 
580.00 273.4  15.4 273.4  15.4 6.03E-06 001.2 222.7 -37.9 0.010677 0.005284 0.004698 hargrave 2020-01-31 10:12:39 
585.00 275.6  14.1 275.6  14.1 5.47E-06 001.3 225.8 -37.5 0.010470 0.004372 0.004422 hargrave 2020-01-31 13:46:56 
575.20 239.7 -26.3 239.7 -26.3 1.08E-04 000.3 355.0 -88.7 0.049643 0.030192 0.019599 hargrave 2020-01-31 17:30:58 
585.10 239.1 -27.9 239.1 -27.9 1.10E-04 000.5 009.5 -87.1 0.054781 0.076529 0.018104 hargrave 2020-02-01 12:22:10 
