AX7- 2a sun compass orientation
      0 136.2  51.0   0.0   0.0   1.0
NRM    285.9  27.0 285.9  27.0 1.03E-03 000.5 230.4 -03.6 0.364957 0.199521 0.808035 hargrave 2019-12-20 12:03:56 
100.00 282.5  29.1 282.5  29.1 1.02E-03 000.5 226.8 -04.1 0.535030 0.199896 0.873108 hargrave 2019-12-21 13:23:12 
100.10 285.7  26.4 285.7  26.4 1.02E-03 000.5 230.7 -04.2 0.518434 0.180832 0.814763 hargrave 2019-12-22 13:39:15 
200.10 280.9  24.6 280.9  24.6 9.84E-04 000.6 228.6 -08.4 0.469548 0.270507 0.795856 hargrave 2019-12-23 12:21:15 
200.00 285.7  23.2 285.7  23.2 9.76E-04 000.5 232.9 -06.6 0.300532 0.456751 0.813610 hargrave 2019-12-24 13:18:27 
300.00 285.5  24.6 285.5  24.6 9.12E-04 000.6 231.8 -05.7 0.273554 0.476322 0.751651 hargrave 2019-12-25 13:44:52 
100.20 287.7  21.0 287.7  21.0 9.19E-04 000.6 235.7 -06.9 0.279222 0.637975 0.867132 hargrave 2019-12-26 12:23:27 
300.10 282.0  20.9 282.0  20.9 9.19E-04 000.5 231.8 -10.6 0.158320 0.546681 0.723367 hargrave 2019-12-26 16:19:57 
400.10 279.3  14.5 279.3  14.5 8.56E-04 000.5 234.1 -17.1 0.128542 0.461905 0.672184 hargrave 2019-12-27 13:56:36 
400.00 281.0  21.8 281.0  21.8 8.08E-04 000.5 230.4 -10.5 0.195128 0.473080 0.659145 hargrave 2019-12-28 13:55:59 
425.00 283.1  21.7 283.1  21.7 7.74E-04 000.5 232.0 -09.3 0.210056 0.389959 0.626781 hargrave 2019-12-29 12:32:21 
300.20 280.9  18.5 280.9  18.5 7.86E-04 000.5 232.6 -13.0 0.273897 0.330968 0.617571 hargrave 2019-12-29 16:36:42 
425.10 276.6  16.3 276.6  16.3 7.89E-04 000.4 230.8 -17.4 0.300270 0.304780 0.609348 hargrave 2019-12-30 12:28:34 
450.10 278.4  10.9 278.4  10.9 7.70E-04 000.5 235.9 -20.4 0.406944 0.361459 0.640368 hargrave 2019-12-30 17:41:36 
450.00 280.1  18.9 280.1  18.9 7.12E-04 000.5 231.7 -13.3 0.343357 0.210951 0.584476 hargrave 2019-12-31 18:46:53 
475.00 276.8  20.9 276.8  20.9 6.73E-04 000.4 228.0 -13.6 0.116050 0.221064 0.497081 hargrave 2020-01-01 11:29:49 
425.20 274.2  14.9 274.2  14.9 7.02E-04 000.5 229.8 -20.0 0.161231 0.212427 0.511601 hargrave 2020-01-01 15:11:30 
475.10 272.9  10.9 272.9  10.9 6.93E-04 000.4 231.4 -23.8 0.054708 0.230189 0.499868 hargrave 2020-01-02 10:35:29 
500.10 271.6  05.7 271.6  05.7 6.72E-04 000.4 233.8 -28.7 0.162507 0.192486 0.474876 hargrave 2020-01-02 14:48:49 
500.00 278.7  16.5 278.7  16.5 5.79E-04 000.5 232.3 -15.9 0.126924 0.162217 0.447312 hargrave 2020-01-03 12:26:51 
520.00 281.1  17.7 281.1  17.7 5.33E-04 000.5 233.3 -13.6 0.181542 0.079141 0.416188 hargrave 2020-01-03 16:54:55 
475.20 271.1  06.2 271.1  06.2 5.95E-04 000.5 233.2 -28.6 0.301838 0.092298 0.452854 hargrave 2020-01-14 13:04:32 
520.10 265.3  01.4 265.3  01.4 6.04E-04 000.4 231.2 -35.9 0.212737 0.257786 0.355973 hargrave 2020-01-18 12:07:19 
530.10 261.2 -01.7 261.2 -01.7 6.23E-04 000.4 229.3 -40.9 0.130947 0.261977 0.335039 hargrave 2020-01-18 15:58:19 
530.00 276.7  12.7 276.7  12.7 4.70E-04 000.4 233.3 -20.1 0.183051 0.147849 0.346320 hargrave 2020-01-19 12:14:33 
540.00 279.3  14.4 279.3  14.4 4.11E-04 000.5 234.1 -17.2 0.171919 0.129350 0.305731 hargrave 2020-01-19 15:44:39 
520.20 262.2 -03.6 262.2 -03.6 5.40E-04 000.4 231.9 -41.8 0.119511 0.214944 0.280468 hargrave 2020-01-20 12:19:40 
540.10 258.5 -10.7 258.5 -10.7 6.06E-04 000.4 234.1 -49.7 0.137309 0.281616 0.264348 hargrave 2020-01-20 16:19:19 
550.10 247.5 -19.0 247.5 -19.0 7.21E-04 000.3 228.7 -62.9 0.177395 0.346226 0.199558 hargrave 2020-01-21 10:16:27 
550.00 269.6  05.2 269.6  05.2 3.49E-04 000.4 232.4 -30.4 0.104119 0.126793 0.220379 hargrave 2020-01-21 13:46:58 
555.00 274.8  13.9 274.8  13.9 2.62E-04 000.4 230.9 -20.3 0.083008 0.099368 0.184641 hargrave 2020-01-21 17:21:18 
540.20 247.9 -18.5 247.9 -18.5 5.78E-04 000.3 228.7 -62.2 0.139247 0.280522 0.170194 hargrave 2020-01-22 12:18:21 
555.10 243.7 -25.9 243.7 -25.9 8.39E-04 000.3 233.5 -70.4 0.257255 0.376721 0.191316 hargrave 2020-01-23 09:26:34 
560.10 237.9 -28.8 237.9 -28.8 1.01E-03 000.3 227.1 -75.9 0.369373 0.480171 0.257481 hargrave 2020-01-23 13:46:15 
560.00 269.2  03.6 269.2  03.6 1.87E-04 000.3 233.3 -31.8 0.053668 0.068896 0.109261 hargrave 2020-01-24 08:43:29 
562.00 269.0  09.9 269.0  09.9 1.57E-04 000.4 228.7 -27.0 0.045866 0.042639 0.101003 hargrave 2020-01-24 12:32:24 
555.20 236.2 -30.4 236.2 -30.4 8.94E-04 000.3 226.8 -78.1 0.352242 0.416502 0.189411 hargrave 2020-01-24 16:26:54 
562.10 234.3 -32.3 234.3 -32.3 1.14E-03 000.4 226.6 -80.6 0.511504 0.544751 0.253206 hargrave 2020-01-25 12:14:16 
564.10 232.8 -32.0 232.8 -32.0 1.18E-03 000.4 219.7 -81.2 0.502348 0.553110 0.242658 hargrave 2020-01-25 16:10:20 
564.00 261.2 -05.5 261.2 -05.5 1.25E-04 000.5 232.5 -44.0 0.041901 0.090917 0.059753 hargrave 2020-01-26 14:07:09 
566.00 264.6  03.6 264.6  03.6 9.72E-05 000.5 228.8 -34.6 0.063321 0.046389 0.054337 hargrave 2020-01-26 17:22:50 
562.20 233.2 -33.5 233.2 -33.5 1.13E-03 000.4 227.8 -82.2 0.503883 0.514156 0.244720 hargrave 2020-01-27 10:30:50 
566.10 231.2 -33.4 231.2 -33.4 1.22E-03 000.4 217.2 -83.1 0.545597 0.587143 0.315755 hargrave 2020-01-27 14:17:00 
570.10 229.5 -33.7 229.5 -33.7 1.29E-03 000.4 207.9 -84.1 0.563521 0.583444 0.280240 hargrave 2020-01-28 10:34:37 
570.00 254.1 -10.8 254.1 -10.8 6.01E-05 000.6 229.0 -52.4 0.057397 0.028277 0.026562 hargrave 2020-01-28 16:45:42 
575.00 262.7 -04.3 262.7 -04.3 4.19E-05 000.6 233.1 -42.1 0.036407 0.022220 0.022063 hargrave 2020-01-29 10:18:06 
566.20 230.5 -34.2 230.5 -34.2 1.22E-03 000.4 216.8 -84.1 0.560547 0.564650 0.493952 hargrave 2020-01-29 13:52:57 
575.10 230.6 -35.0 230.6 -35.0 1.31E-03 000.4 222.6 -84.6 0.593033 0.635063 0.249659 hargrave 2020-01-30 10:28:47 
580.10 229.3 -34.6 229.3 -34.6 1.31E-03 000.4 210.8 -85.0 0.589855 0.593167 0.344465 hargrave 2020-01-30 14:22:10 
580.00 258.9 -09.6 258.9 -09.6 4.54E-05 000.7 233.7 -48.6 0.038606 0.031321 0.019677 hargrave 2020-01-31 10:17:23 
585.00 258.3 -04.6 258.3 -04.6 3.15E-05 001.4 228.5 -44.9 0.061394 0.051984 0.016007 hargrave 2020-01-31 13:51:38 
575.20 230.3 -34.6 230.3 -34.6 1.30E-03 000.4 217.6 -84.5 0.549968 0.586033 0.241385 hargrave 2020-01-31 17:37:20 
585.10 230.1 -34.7 230.1 -34.7 1.32E-03 000.4 217.4 -84.7 0.584833 0.597454 0.240106 hargrave 2020-02-01 12:28:33 
