AX7- 1a sun compass orientation
      0 143.6  55.0   0.0   0.0   1.0
NRM    274.6  33.2 274.6  33.2 1.63E-03 000.6 214.1 -11.7 0.912379 0.722701 1.497358 hargrave 2019-12-20 12:02:25 
100.00 278.5  31.4 278.5  31.4 1.59E-03 000.6 217.9 -11.3 1.086077 0.307390 1.480892 hargrave 2019-12-21 13:21:45 
100.10 281.1  29.4 281.1  29.4 1.60E-03 000.5 220.9 -11.5 0.906430 0.234797 1.316537 hargrave 2019-12-22 13:37:44 
200.10 274.8  30.0 274.8  30.0 1.54E-03 000.6 216.1 -14.3 0.849546 0.393032 1.263863 hargrave 2019-12-23 12:19:39 
200.00 282.6  27.2 282.6  27.2 1.52E-03 000.5 223.5 -12.5 0.235467 0.681426 1.174156 hargrave 2019-12-24 13:16:42 
300.00 279.1  30.9 279.1  30.9 1.37E-03 000.5 218.6 -11.4 0.269672 0.764703 1.039057 hargrave 2019-12-25 13:43:08 
100.20 281.6  27.8 281.6  27.8 1.39E-03 000.5 222.3 -12.5 0.290811 0.773147 1.067597 hargrave 2019-12-26 12:21:43 
300.10 278.0  26.5 278.0  26.5 1.38E-03 000.5 220.5 -15.6 0.132380 0.848492 1.013355 hargrave 2019-12-26 16:18:12 
400.10 274.7  21.6 274.7  21.6 1.26E-03 000.5 221.0 -21.3 0.214425 0.834031 0.925194 hargrave 2019-12-27 13:54:52 
400.00 278.9  26.4 278.9  26.4 1.18E-03 000.4 221.3 -15.1 0.244227 0.684029 0.879018 hargrave 2019-12-28 13:54:14 
425.00 279.3  27.5 279.3  27.5 1.12E-03 000.4 220.9 -14.0 0.486749 0.633548 0.866836 hargrave 2019-12-29 12:30:36 
300.20 278.0  23.4 278.0  23.4 1.14E-03 000.4 222.5 -18.0 0.430874 0.493976 0.824418 hargrave 2019-12-29 16:34:58 
425.10 269.2  23.8 269.2  23.8 1.14E-03 000.4 215.2 -22.2 0.351041 0.255532 0.775690 hargrave 2019-12-30 12:26:01 
450.10 272.9  17.5 272.9  17.5 1.10E-03 000.4 222.0 -25.5 0.422802 0.330087 0.684297 hargrave 2019-12-30 17:38:39 
450.00 279.7  22.0 279.7  22.0 1.01E-03 000.4 224.7 -18.1 0.288416 0.170507 0.723840 hargrave 2019-12-31 18:45:05 
475.00 279.8  23.4 279.8  23.4 9.53E-04 000.4 223.8 -17.0 0.186688 0.248003 0.662392 hargrave 2020-01-01 11:28:05 
425.20 273.2  17.8 273.2  17.8 1.01E-03 000.4 222.1 -25.1 0.182886 0.264442 0.660004 hargrave 2020-01-01 15:09:44 
475.10 272.9  13.4 272.9  13.4 1.01E-03 000.4 224.8 -28.9 0.035993 0.345818 0.663121 hargrave 2020-01-02 10:33:44 
500.10 255.8  17.2 255.8  17.2 9.91E-04 000.5 205.7 -33.7 0.390390 0.358432 0.734599 hargrave 2020-01-02 14:47:05 
500.00 275.9  20.6 275.9  20.6 8.35E-04 000.5 222.6 -21.4 0.133289 0.281854 0.621253 hargrave 2020-01-03 12:25:04 
520.00 280.7  20.0 280.7  20.0 7.63E-04 000.5 226.7 -19.1 0.253433 0.134266 0.581566 hargrave 2020-01-03 16:53:10 
475.20 272.0  08.3 272.0  08.3 8.78E-04 000.5 227.6 -33.5 0.376871 0.138072 0.604256 hargrave 2020-01-14 13:02:48 
520.10 265.6  04.1 265.6  04.1 9.15E-04 000.3 224.2 -40.7 0.183426 0.313681 0.432087 hargrave 2020-01-18 12:05:32 
530.10 262.5  00.3 262.5  00.3 9.48E-04 000.3 223.7 -45.6 0.200462 0.349990 0.392051 hargrave 2020-01-18 15:56:35 
530.00 274.3  17.9 274.3  17.9 6.76E-04 000.4 223.0 -24.5 0.220943 0.176707 0.431493 hargrave 2020-01-19 12:11:59 
540.00 275.8  20.2 275.8  20.2 5.84E-04 000.4 222.8 -21.8 0.164711 0.191899 0.389843 hargrave 2020-01-19 15:42:54 
520.20 262.2 -01.0 262.2 -01.0 8.25E-04 000.3 224.4 -46.7 0.155677 0.319863 0.344250 hargrave 2020-01-20 12:17:55 
540.10 257.5 -07.0 257.5 -07.0 9.47E-04 000.3 223.6 -54.4 0.201306 0.402767 0.301420 hargrave 2020-01-20 16:16:45 
550.10 249.4 -16.2 249.4 -16.2 1.15E-03 000.3 220.9 -66.5 0.354214 0.539995 0.248308 hargrave 2020-01-21 10:14:43 
550.00 270.5  09.6 270.5  09.6 4.81E-04 000.4 225.1 -33.4 0.127252 0.188577 0.258489 hargrave 2020-01-21 13:45:14 
555.00 273.6  18.3 273.6  18.3 3.50E-04 000.4 222.1 -24.5 0.113684 0.120556 0.215698 hargrave 2020-01-21 17:19:34 
540.20 252.5 -18.6 252.5 -18.6 9.00E-04 000.3 230.5 -66.5 0.298675 0.405641 0.205232 hargrave 2020-01-22 12:16:37 
555.10 247.4 -23.5 247.4 -23.5 1.31E-03 000.3 229.8 -73.4 0.489826 0.616007 0.301167 hargrave 2020-01-23 09:24:50 
560.10 244.7 -27.2 244.7 -27.2 1.52E-03 000.4 233.7 -77.7 0.627454 0.741876 0.382076 hargrave 2020-01-23 13:44:30 
560.00 267.9  07.9 267.9  07.9 2.39E-04 000.3 223.8 -36.3 0.069647 0.044885 0.117622 hargrave 2020-01-24 08:41:44 
562.00 271.4  13.5 271.4  13.5 1.93E-04 000.3 223.3 -29.7 0.059662 0.062448 0.108698 hargrave 2020-01-24 12:30:39 
555.20 242.5 -28.0 242.5 -28.0 1.36E-03 000.4 229.5 -79.7 0.663307 0.725926 0.413211 hargrave 2020-01-24 16:25:10 
562.10 241.4 -29.2 241.4 -29.2 1.66E-03 000.4 230.8 -81.2 0.802304 0.876071 0.397439 hargrave 2020-01-25 12:12:31 
564.10 241.3 -29.4 241.3 -29.4 1.71E-03 000.4 231.6 -81.4 0.805783 0.914616 0.538052 hargrave 2020-01-25 16:08:35 
564.00 261.3 -00.5 261.3 -00.5 1.71E-04 000.4 222.8 -46.9 0.069563 0.081920 0.069138 hargrave 2020-01-26 14:05:25 
566.00 264.7  05.3 264.7  05.3 1.41E-04 000.5 222.4 -40.2 0.058288 0.091475 0.068828 hargrave 2020-01-26 17:21:04 
562.20 239.5 -29.6 239.5 -29.6 1.64E-03 000.4 224.3 -82.6 0.803988 0.824459 0.445923 hargrave 2020-01-27 10:29:05 
566.10 238.2 -30.2 238.2 -30.2 1.73E-03 000.4 220.5 -83.8 0.830396 0.867780 0.516258 hargrave 2020-01-27 14:15:14 
570.10 237.6 -31.0 237.6 -31.0 1.78E-03 000.4 221.0 -84.7 0.880683 0.918245 0.414401 hargrave 2020-01-28 10:32:51 
570.00 260.0 -01.1 260.0 -01.1 1.01E-04 000.6 221.7 -48.2 0.068790 0.067140 0.043874 hargrave 2020-01-28 16:43:58 
575.00 264.6  08.4 264.6  08.4 7.87E-05 000.4 220.0 -37.6 0.044993 0.025659 0.039745 hargrave 2020-01-29 10:16:21 
566.20 240.2 -31.6 240.2 -31.6 1.71E-03 000.4 239.9 -83.5 0.804202 0.862054 0.423946 hargrave 2020-01-29 13:51:12 
575.10 239.5 -32.0 239.5 -32.0 1.80E-03 000.4 240.5 -84.3 0.927401 0.932526 0.448266 hargrave 2020-01-30 10:27:02 
580.10 237.6 -31.8 237.6 -31.8 1.79E-03 000.4 227.4 -85.3 0.892335 0.912507 0.390194 hargrave 2020-01-30 14:20:25 
580.00 261.7 -05.7 261.7 -05.7 8.17E-05 000.6 228.0 -50.9 0.069855 0.039374 0.035953 hargrave 2020-01-31 10:15:38 
585.00 256.1  02.4 256.1  02.4 5.99E-05 000.7 214.2 -47.1 0.071747 0.025246 0.023922 hargrave 2020-01-31 13:49:54 
575.20 238.9 -31.6 238.9 -31.6 1.78E-03 000.4 233.8 -84.4 0.880181 0.891307 0.366869 hargrave 2020-01-31 17:34:46 
585.10 238.7 -31.7 238.7 -31.7 1.81E-03 000.4 233.1 -84.6 0.953245 0.921730 0.469616 hargrave 2020-02-01 12:25:59 
