AX1- 5a sun compass orientation
      0  97.5  81.0   0.0   0.0   1.0
NRM    291.9  42.5 291.9  42.5 4.71E-04 000.4 228.2  16.7 0.195093 0.163579 0.352729 hargrave 2019-12-20 14:44:55 
100.00 292.5  41.7 292.5  41.7 4.70E-04 000.5 229.0  17.1 0.251334 0.108862 0.362724 hargrave 2019-12-22 10:47:37 
100.10 293.8  44.0 293.8  44.0 4.44E-04 000.4 226.5  17.9 0.192305 0.120152 0.335583 hargrave 2019-12-22 16:14:06 
200.10 293.3  42.1 293.3  42.1 4.06E-04 000.5 228.6  17.7 0.125477 0.122764 0.306153 hargrave 2019-12-23 15:10:45 
200.00 294.2  33.3 294.2  33.3 4.06E-04 000.6 237.8  18.9 0.095528 0.228540 0.374578 hargrave 2019-12-24 13:52:47 
300.00 295.4  43.9 295.4  43.9 3.99E-04 000.6 226.5  19.1 0.054432 0.217248 0.321956 hargrave 2019-12-25 14:19:50 
100.20 294.9  41.0 294.9  41.0 3.63E-04 000.5 229.6  19.0 0.053703 0.184329 0.278848 hargrave 2019-12-26 12:59:29 
300.10 291.0  35.2 291.0  35.2 3.42E-04 000.6 235.9  16.1 0.115306 0.221232 0.311958 hargrave 2019-12-26 16:55:18 
400.10 283.8  40.3 283.8  40.3 2.72E-04 000.6 230.4  10.6 0.045689 0.175139 0.236394 hargrave 2019-12-27 14:32:44 
400.00 292.6  37.0 292.6  37.0 2.63E-04 000.6 234.0  17.5 0.092187 0.140712 0.223166 hargrave 2019-12-28 14:30:32 
425.00 293.0  40.2 293.0  40.2 2.43E-04 000.6 230.6  17.6 0.101456 0.153712 0.210467 hargrave 2019-12-29 13:04:52 
300.20 285.2  36.3 285.2  36.3 2.41E-04 000.6 234.6  11.5 0.113477 0.130261 0.210785 hargrave 2019-12-29 17:11:51 
425.10 271.6  38.5 271.6  38.5 2.28E-04 000.5 231.1  01.1 0.099300 0.085296 0.190211 hargrave 2019-12-30 13:04:01 
450.10 264.6  35.5 264.6  35.5 2.13E-04 000.7 232.8 -05.1 0.155843 0.133897 0.177441 hargrave 2019-12-30 18:10:05 
450.00 287.8  42.2 287.8  42.2 2.09E-04 000.6 228.6  13.6 0.094072 0.051994 0.190321 hargrave 2019-12-31 19:21:01 
475.00 289.1  34.2 289.1  34.2 1.93E-04 000.5 236.8  14.6 0.074458 0.054495 0.164848 hargrave 2020-01-01 12:03:33 
425.20 260.8  31.5 260.8  31.5 1.85E-04 000.5 235.8 -09.2 0.072415 0.076419 0.137977 hargrave 2020-01-01 15:46:11 
475.10 245.4  31.8 245.4  31.8 1.96E-04 000.4 230.6 -21.3 0.032980 0.047031 0.142099 hargrave 2020-01-02 11:10:19 
500.10 219.7  17.8 219.7  17.8 2.27E-04 000.5 229.8 -48.4 0.094057 0.099262 0.129720 hargrave 2020-01-02 15:24:24 
500.00 268.4  37.0 268.4  37.0 1.43E-04 000.5 232.1 -01.7 0.033714 0.047058 0.111160 hargrave 2020-01-03 13:01:15 
520.00 273.9  39.8 273.9  39.8 1.15E-04 000.6 230.1  03.0 0.050641 0.034046 0.103934 hargrave 2020-01-03 17:29:13 
475.20 211.7  07.7 211.7  07.7 2.27E-04 000.5 236.0 -60.6 0.119495 0.115659 0.093415 hargrave 2020-01-14 13:39:44 
520.10 197.6  00.3 197.6  00.3 4.50E-04 000.3 227.8 -76.3 0.144639 0.206232 0.122367 hargrave 2020-01-18 12:41:43 
530.10 191.5 -05.1 191.5 -05.1 7.78E-04 000.3 225.9 -84.4 0.324920 0.342674 0.165457 hargrave 2020-01-18 16:32:45 
530.00 203.2  08.0 203.2  08.0 1.78E-04 000.4 223.1 -66.9 0.054754 0.104572 0.037805 hargrave 2020-01-19 12:48:44 
540.00 219.5  23.4 219.5  23.4 6.55E-05 000.7 223.4 -44.9 0.051301 0.059224 0.030391 hargrave 2020-01-19 16:18:10 
520.20 190.1 -06.7 190.1 -06.7 8.53E-04 000.4 228.2 -86.5 0.389077 0.383569 0.217631 hargrave 2020-01-20 12:54:52 
540.10 189.2 -07.5 189.2 -07.5 1.28E-03 000.4 227.4 -87.8 0.599407 0.571095 0.482867 hargrave 2020-01-20 16:55:31 
550.10 187.9 -07.5 187.9 -07.5 1.51E-03 000.4 194.5 -88.4 0.696854 0.669348 0.384263 hargrave 2020-01-21 10:52:27 
550.00 196.9  04.0 196.9  04.0 8.70E-05 000.7 216.4 -74.0 0.080191 0.065293 0.017989 hargrave 2020-01-21 14:20:25 
555.00 205.8  09.6 205.8  09.6 4.44E-05 001.1 224.9 -63.9 0.063941 0.062182 0.012512 hargrave 2020-01-21 17:54:50 
540.20 188.0 -07.9 188.0 -07.9 1.56E-03 000.4 202.5 -88.8 0.749737 0.710266 0.416362 hargrave 2020-01-22 12:54:21 
555.10 187.1 -08.3 187.1 -08.3 1.80E-03 000.4 150.9 -89.2 0.825642 0.848028 0.482382 hargrave 2020-01-23 10:02:31 
560.10 186.9 -07.9 186.9 -07.9 1.90E-03 000.4 154.4 -88.7 0.966085 0.905595 0.782979 hargrave 2020-01-23 14:22:20 
560.00 193.0  02.4 193.0  02.4 4.59E-05 000.6 205.9 -77.4 0.041879 0.022384 0.005911 hargrave 2020-01-24 09:17:14 
562.00 197.5  04.4 197.5  04.4 3.48E-05 000.7 217.2 -73.3 0.037621 0.021329 0.007503 hargrave 2020-01-24 13:05:39 
555.20 186.4 -06.9 186.4 -06.9 1.95E-03 000.4 153.1 -87.7 0.936925 0.939677 0.452222 hargrave 2020-01-24 17:03:45 
562.10 187.3 -07.7 187.3 -07.7 2.03E-03 000.4 170.8 -88.7 0.998060 1.003381 0.458960 hargrave 2020-01-25 12:51:20 
564.10 188.5 -07.9 188.5 -07.9 2.15E-03 000.4 222.1 -88.5 1.070058 1.061939 0.693273 hargrave 2020-01-25 16:46:31 
564.00 193.5 -01.8 193.5 -01.8 3.31E-05 000.6 219.7 -80.6 0.027691 0.018964 0.008203 hargrave 2020-01-26 14:41:25 
566.00 195.0  00.8 195.0  00.8 3.10E-05 000.6 217.6 -77.6 0.028166 0.015643 0.005733 hargrave 2020-01-26 17:57:12 
562.20 187.3 -07.2 187.3 -07.2 2.15E-03 000.4 175.0 -88.2 1.011602 0.988906 0.489573 hargrave 2020-01-27 11:07:39 
566.10 187.1 -07.9 187.1 -07.9 2.22E-03 000.4 160.5 -88.9 1.027970 1.004298 0.451324 hargrave 2020-01-27 14:54:15 
570.10 185.3 -07.3 185.3 -07.3 2.28E-03 000.4 128.6 -87.3 1.076089 1.084459 0.496564 hargrave 2020-01-28 11:12:18 
570.00 189.0 -04.5 189.0 -04.5 7.58E-05 000.4 198.4 -85.3 0.046971 0.035764 0.014617 hargrave 2020-01-28 17:20:06 
575.00 193.1 -02.1 193.1 -02.1 3.47E-05 000.5 219.0 -81.2 0.026429 0.015888 0.005903 hargrave 2020-01-29 10:52:18 
566.20 186.9 -08.3 186.9 -08.3 2.31E-03 000.4 142.4 -89.1 1.116545 1.039744 0.878854 hargrave 2020-01-29 14:30:54 
575.10 186.9 -07.0 186.9 -07.0 2.36E-03 000.4 164.5 -87.9 1.125862 1.090856 0.410705 hargrave 2020-01-30 11:07:30 
580.10 188.7 -08.9 188.7 -08.9 2.38E-03 000.4 266.8 -88.8 1.190909 1.121367 0.568029 hargrave 2020-01-30 15:00:10 
580.00 195.4 -00.2 195.4 -00.2 2.41E-05 000.7 222.0 -78.2 0.023618 0.016090 0.004634 hargrave 2020-01-31 10:50:56 
585.00 187.2  07.2 187.2  07.2 1.95E-05 000.6 179.1 -73.8 0.018798 0.009862 0.002502 hargrave 2020-01-31 14:26:41 
575.20 187.5 -07.9 187.5 -07.9 2.37E-03 000.4 182.1 -88.9 1.109438 1.065587 0.511641 hargrave 2020-01-31 18:13:35 
585.10 187.7 -08.4 187.7 -08.4 2.41E-03 000.4 197.5 -89.4 1.147772 1.113016 0.442162 hargrave 2020-02-01 13:05:58 
