AX1- 1a mag compass orientation (IGRF corrected)
      0  71.1  93.0   0.0   0.0   1.0
NRM    300.6  47.5 300.6  47.5 2.38E-03 000.4 209.9  28.3 0.147409 0.893780 1.621554 hargrave 2019-12-20 11:43:56 
100.00 300.8  49.0 300.8  49.0 2.27E-03 000.4 208.6  27.4 0.382745 0.901704 1.669885 hargrave 2019-12-21 13:09:38 
100.10 301.8  50.2 301.8  50.2 2.25E-03 000.4 207.1  27.0 0.398977 0.725469 1.569090 hargrave 2019-12-22 13:26:09 
200.10 292.4  47.1 292.4  47.1 2.08E-03 000.5 214.1  24.3 0.285554 0.835968 1.574661 hargrave 2019-12-23 12:07:58 
200.00 295.6  46.7 295.6  46.7 2.10E-03 000.6 213.1  26.2 0.469737 1.337194 1.820399 hargrave 2019-12-24 13:03:57 
300.00 294.4  44.6 294.4  44.6 1.99E-03 000.6 215.5  26.8 0.452194 1.301548 1.747437 hargrave 2019-12-25 13:30:16 
100.20 292.0  44.5 292.0  44.5 1.97E-03 000.7 216.7  25.5 0.510251 1.419854 1.805130 hargrave 2019-12-26 12:08:10 
300.10 288.4  47.2 288.4  47.2 1.90E-03 000.7 215.6  21.9 0.447748 1.625768 1.870551 hargrave 2019-12-26 16:04:33 
400.10 278.3  51.5 278.3  51.5 1.61E-03 000.8 214.8  14.1 0.458599 1.612740 1.684396 hargrave 2019-12-27 13:41:18 
400.00 291.2  49.1 291.2  49.1 1.65E-03 000.8 212.8  22.4 0.688793 1.419012 1.674532 hargrave 2019-12-28 13:41:26 
425.00 294.2  50.1 294.2  50.1 1.57E-03 000.7 210.6  23.4 0.860711 0.866473 1.456636 hargrave 2019-12-29 12:15:52 
300.20 283.3  49.7 283.3  49.7 1.52E-03 000.7 215.1  17.7 0.859006 1.069548 1.517432 hargrave 2019-12-29 16:22:13 
425.10 274.9  56.1 274.9  56.1 1.44E-03 000.7 211.3  10.5 0.941100 0.873996 1.447166 hargrave 2019-12-30 12:12:25 
450.10 264.3  54.5 264.3  54.5 1.37E-03 000.6 214.6  05.1 0.891245 0.595605 1.311210 hargrave 2019-12-30 17:05:13 
450.00 285.9  49.4 285.9  49.4 1.43E-03 000.6 214.5  19.3 0.753256 0.605220 1.268522 hargrave 2019-12-31 18:31:56 
475.00 291.2  51.1 291.2  51.1 1.34E-03 000.6 211.0  21.3 0.801447 0.373887 1.210197 hargrave 2020-01-01 11:15:12 
425.20 260.5  54.1 260.5  54.1 1.25E-03 000.5 215.4  03.1 0.491562 0.343561 1.048753 hargrave 2020-01-01 14:56:54 
475.10 246.8  57.8 246.8  57.8 1.22E-03 000.5 212.2 -04.8 0.314382 0.298930 0.969988 hargrave 2020-01-02 10:20:55 
500.10 207.2  45.1 207.2  45.1 1.22E-03 000.4 216.8 -31.7 0.108319 0.442664 0.726927 hargrave 2020-01-02 14:34:09 
500.00 267.8  54.0 267.8  54.0 9.73E-04 000.5 214.6  07.3 0.103550 0.334142 0.757379 hargrave 2020-01-03 12:12:15 
520.00 274.5  47.4 274.5  47.4 7.10E-04 000.5 219.7  13.3 0.038555 0.272006 0.550476 hargrave 2020-01-03 16:39:30 
475.20 189.7  39.4 189.7  39.4 9.50E-04 000.4 211.8 -45.3 0.349443 0.328520 0.541409 hargrave 2020-01-14 12:49:10 
520.10 173.3  21.5 173.3  21.5 1.62E-03 000.3 211.7 -68.1 0.388179 0.761784 0.087566 hargrave 2020-01-18 11:52:45 
530.10 165.4  12.2 165.4  12.2 2.36E-03 000.3 204.3 -79.8 0.860868 1.104168 0.514961 hargrave 2020-01-18 15:43:48 
530.00 193.7  38.5 193.7  38.5 4.92E-04 000.3 215.7 -43.8 0.110041 0.251947 0.184902 hargrave 2020-01-19 11:59:14 
540.00 219.3  52.3 219.3  52.3 2.42E-04 000.4 213.9 -21.3 0.102499 0.108241 0.158259 hargrave 2020-01-19 15:30:03 
520.20 163.4  08.5 163.4  08.5 2.17E-03 000.3 202.6 -84.1 0.889895 1.023400 0.571956 hargrave 2020-01-20 12:04:20 
540.10 162.7  06.9 162.7  06.9 3.12E-03 000.4 202.6 -85.8 1.329603 1.438340 0.933918 hargrave 2020-01-20 16:03:55 
550.10 162.1  05.4 162.1  05.4 3.61E-03 000.4 203.1 -87.4 1.678802 1.764169 1.297913 hargrave 2020-01-21 10:01:58 
550.00 182.6  31.7 182.6  31.7 1.97E-04 000.4 212.9 -54.9 0.090207 0.102474 0.037058 hargrave 2020-01-21 13:32:26 
555.00 200.0  43.2 200.0  43.2 1.11E-04 000.4 215.0 -37.0 0.050905 0.063363 0.050971 hargrave 2020-01-21 17:06:42 
540.20 159.9  04.6 159.9  04.6 3.63E-03 000.4 143.7 -88.0 1.783871 1.876975 1.199593 hargrave 2020-01-22 12:03:53 
555.10 160.9  04.9 160.9  04.9 4.20E-03 000.4 173.3 -88.1 1.921494 1.972493 1.270977 hargrave 2020-01-23 09:12:04 
560.10 160.9  04.7 160.9  04.7 4.46E-03 000.4 173.5 -88.3 2.100193 2.163748 1.299958 hargrave 2020-01-23 13:30:50 
560.00 182.3  34.7 182.3  34.7 1.00E-04 000.4 209.4 -52.7 0.053191 0.048715 0.019867 hargrave 2020-01-24 08:27:14 
562.00 191.7  40.2 191.7  40.2 6.89E-05 000.4 212.5 -43.6 0.051394 0.036802 0.022737 hargrave 2020-01-24 12:17:55 
555.20 160.0  05.4 160.0  05.4 4.61E-03 000.4 155.9 -87.4 2.244075 2.392760 1.603742 hargrave 2020-01-24 16:11:33 
562.10 160.5  04.4 160.5  04.4 4.84E-03 000.4 155.9 -88.5 2.477998 2.499898 1.725123 hargrave 2020-01-25 11:58:48 
564.10 160.1  05.0 160.1  05.0 5.12E-03 000.4 154.4 -87.7 2.516312 2.603347 1.490572 hargrave 2020-01-25 15:55:00 
564.00 182.9  34.4 182.9  34.4 6.56E-05 000.7 210.3 -52.6 0.072629 0.042190 0.014376 hargrave 2020-01-26 13:50:59 
566.00 189.7  31.9 189.7  31.9 6.23E-05 000.4 219.8 -50.5 0.021717 0.033970 0.015495 hargrave 2020-01-26 17:07:13 
562.20 160.7  03.4 160.7  03.4 5.18E-03 000.4 139.7 -89.4 2.517671 2.564896 1.545967 hargrave 2020-01-27 10:15:27 
566.10 161.4  03.4 161.4  03.4 5.34E-03 000.4 217.5 -89.5 2.621011 2.569001 1.368687 hargrave 2020-01-27 14:00:42 
570.10 159.1  04.0 159.1  04.0 5.50E-03 000.4 117.3 -87.7 2.638967 2.682081 1.292352 hargrave 2020-01-28 10:19:14 
570.00 168.7  13.5 168.7  13.5 1.28E-04 000.4 215.2 -77.1 0.076284 0.044379 0.018449 hargrave 2020-01-28 16:30:19 
575.00 184.2  28.5 184.2  28.5 5.02E-05 000.4 218.5 -56.3 0.038220 0.024750 0.010153 hargrave 2020-01-29 10:01:49 
566.20 160.3  04.8 160.3  04.8 5.57E-03 000.4 157.7 -88.0 2.577767 2.626961 0.959105 hargrave 2020-01-29 13:37:28 
575.10 160.7  04.0 160.7  04.0 5.77E-03 000.4 158.8 -88.9 2.766355 2.790416 1.130580 hargrave 2020-01-30 10:13:20 
580.10 160.9  03.9 160.9  03.9 5.82E-03 000.4 168.5 -89.1 2.861943 2.907806 1.289454 hargrave 2020-01-30 14:06:43 
580.00 185.2  24.7 185.2  24.7 4.19E-05 001.2 224.8 -58.2 0.068814 0.055911 0.008671 hargrave 2020-01-31 10:02:47 
585.00 186.4  32.8 186.4  32.8 3.09E-05 001.1 215.7 -51.9 0.058874 0.018959 0.011231 hargrave 2020-01-31 13:37:03 
575.20 160.4  04.5 160.4  04.5 5.87E-03 000.4 154.2 -88.3 2.767584 2.796754 1.217796 hargrave 2020-01-31 17:21:03 
585.10 160.6  04.3 160.6  04.3 5.99E-03 000.4 157.3 -88.6 2.856595 2.877944 1.103843 hargrave 2020-02-01 12:12:13 
