AX1- 4a sun compass orientation
      0  97.8  77.0   0.0   0.0   1.0
NRM    293.1  48.1 293.1  48.1 4.44E-04 000.4 223.2  19.8 0.100540 0.127725 0.322099 hargrave 2019-12-20 14:42:03 
100.00 293.6  43.3 293.6  43.3 4.43E-04 000.5 228.3  20.3 0.156521 0.175190 0.318257 hargrave 2019-12-22 10:46:01 
100.10 294.0  48.6 294.0  48.6 4.22E-04 000.5 222.6  20.4 0.076620 0.202279 0.307982 hargrave 2019-12-22 16:12:03 
200.10 293.2  47.0 293.2  47.0 3.96E-04 000.5 224.4  19.9 0.075476 0.178526 0.290187 hargrave 2019-12-23 15:08:42 
200.00 295.2  41.6 295.2  41.6 3.97E-04 000.6 230.1  21.6 0.117976 0.224308 0.346029 hargrave 2019-12-24 13:51:03 
300.00 295.9  48.1 295.9  48.1 3.82E-04 000.6 223.1  21.7 0.113483 0.220657 0.298095 hargrave 2019-12-25 14:18:05 
100.20 295.3  47.2 295.3  47.2 3.60E-04 000.6 224.1  21.4 0.110619 0.185326 0.286206 hargrave 2019-12-26 12:57:14 
300.10 291.2  45.8 291.2  45.8 3.44E-04 000.6 225.6  18.6 0.145845 0.200575 0.286442 hargrave 2019-12-26 16:53:02 
400.10 282.4  50.8 282.4  50.8 2.63E-04 000.6 220.3  12.9 0.091163 0.180128 0.222156 hargrave 2019-12-27 14:30:22 
400.00 295.3  45.8 295.3  45.8 2.60E-04 000.6 225.6  21.5 0.091450 0.158921 0.211142 hargrave 2019-12-28 14:28:48 
425.00 295.8  43.6 295.8  43.6 2.36E-04 000.7 227.9  21.9 0.086820 0.182135 0.204205 hargrave 2019-12-29 13:03:08 
300.20 282.3  42.7 282.3  42.7 2.30E-04 000.6 228.5  12.1 0.097621 0.140410 0.198734 hargrave 2019-12-29 17:09:36 
425.10 268.1  38.6 268.1  38.6 2.16E-04 000.5 230.4  00.7 0.112304 0.112359 0.185493 hargrave 2019-12-30 13:01:45 
450.10 256.3  39.4 256.3  39.4 2.02E-04 000.8 226.5 -07.7 0.242502 0.091572 0.163841 hargrave 2019-12-30 18:06:36 
450.00 290.1  42.7 290.1  42.7 1.99E-04 000.6 229.0  17.8 0.107635 0.079796 0.173507 hargrave 2019-12-31 19:19:14 
475.00 292.2  46.2 292.2  46.2 1.75E-04 000.6 225.2  19.2 0.070415 0.089359 0.141310 hargrave 2020-01-01 12:01:47 
425.20 247.3  37.4 247.3  37.4 1.80E-04 000.5 225.1 -14.8 0.049455 0.072569 0.143181 hargrave 2020-01-01 15:43:51 
475.10 236.0  28.2 236.0  28.2 1.96E-04 000.4 227.9 -27.8 0.021760 0.031697 0.130914 hargrave 2020-01-02 11:07:59 
500.10 212.2  09.8 212.2  09.8 2.44E-04 000.3 228.0 -56.7 0.067368 0.069826 0.099749 hargrave 2020-01-02 15:22:08 
500.00 269.7  47.4 269.7  47.4 1.23E-04 000.6 222.2  04.2 0.011191 0.078078 0.107455 hargrave 2020-01-03 12:59:30 
520.00 278.3  43.4 278.3  43.4 8.83E-05 000.6 227.4  09.3 0.049504 0.047752 0.077025 hargrave 2020-01-03 17:27:27 
475.20 202.5  00.3 202.5  00.3 2.83E-04 000.4 228.8 -70.2 0.129352 0.100017 0.090722 hargrave 2020-01-14 13:37:29 
520.10 194.2 -06.0 194.2 -06.0 5.08E-04 000.3 222.6 -80.6 0.184554 0.219369 0.081803 hargrave 2020-01-18 12:39:27 
530.10 188.6 -09.9 188.6 -09.9 7.91E-04 000.4 194.8 -86.8 0.361403 0.347685 0.097969 hargrave 2020-01-18 16:30:29 
530.00 199.3  04.2 199.3  04.2 1.15E-04 000.5 214.5 -69.3 0.089790 0.054727 0.014673 hargrave 2020-01-19 12:47:00 
540.00 212.8  21.8 212.8  21.8 3.90E-05 000.7 215.5 -47.4 0.049705 0.035267 0.015112 hargrave 2020-01-19 16:16:25 
520.20 187.9 -11.2 187.9 -11.2 8.85E-04 000.4 182.2 -88.2 0.389612 0.394010 0.144831 hargrave 2020-01-20 12:52:36 
540.10 187.1 -11.9 187.1 -11.9 1.24E-03 000.4 147.7 -88.7 0.566391 0.552605 0.199286 hargrave 2020-01-20 16:53:15 
550.10 186.5 -12.3 186.5 -12.3 1.45E-03 000.4 118.2 -88.5 0.681486 0.715993 0.265781 hargrave 2020-01-21 10:50:12 
550.00 195.7 -03.0 195.7 -03.0 5.53E-05 000.6 218.8 -77.3 0.053130 0.030168 0.002651 hargrave 2020-01-21 14:18:41 
555.00 198.2  04.5 198.2  04.5 2.92E-05 000.7 211.2 -69.7 0.032621 0.015443 0.004152 hargrave 2020-01-21 17:53:04 
540.20 186.0 -12.3 186.0 -12.3 1.55E-03 000.4 113.0 -88.1 0.759197 0.778052 0.264113 hargrave 2020-01-22 12:52:05 
555.10 186.1 -12.3 186.1 -12.3 1.76E-03 000.4 112.8 -88.2 0.822482 0.875652 0.266238 hargrave 2020-01-23 10:00:15 
560.10 187.5 -11.9 187.5 -11.9 1.86E-03 000.4 167.0 -88.8 0.905948 0.846368 0.285581 hargrave 2020-01-23 14:20:04 
560.00 191.7 -03.3 191.7 -03.3 3.17E-05 000.5 202.3 -79.6 0.026306 0.015222 0.001560 hargrave 2020-01-24 09:15:29 
562.00 194.2 -00.9 194.2 -00.9 2.17E-05 000.6 208.1 -76.3 0.020388 0.010795 0.000403 hargrave 2020-01-24 13:03:55 
555.20 185.8 -12.5 185.8 -12.5 1.94E-03 000.4 105.2 -88.0 0.960166 0.964248 0.323664 hargrave 2020-01-24 17:01:30 
562.10 186.1 -13.0 186.1 -13.0 2.03E-03 000.4 089.8 -88.3 0.992497 1.057907 0.325101 hargrave 2020-01-25 12:49:04 
564.10 186.7 -13.9 186.7 -13.9 2.15E-03 000.4 048.9 -88.6 1.077014 1.056150 0.345681 hargrave 2020-01-25 16:44:15 
564.00 191.2 -02.7 191.2 -02.7 1.94E-05 000.6 198.1 -79.1 0.016711 0.010669 0.001606 hargrave 2020-01-26 14:39:40 
566.00 194.1 -02.5 194.1 -02.5 1.86E-05 000.6 211.1 -77.8 0.017588 0.010427 0.001265 hargrave 2020-01-26 17:55:27 
562.20 187.6 -11.1 187.6 -11.1 2.18E-03 000.4 173.3 -88.1 1.022323 1.049279 0.242313 hargrave 2020-01-27 11:05:24 
566.10 185.5 -12.9 185.5 -12.9 2.25E-03 000.4 092.7 -87.7 1.104988 1.083361 0.297255 hargrave 2020-01-27 14:51:54 
570.10 185.1 -12.5 185.1 -12.5 2.31E-03 000.4 100.7 -87.4 1.085706 1.109671 0.277312 hargrave 2020-01-28 11:10:03 
570.00 185.5 -10.0 185.5 -10.0 5.89E-05 000.4 143.1 -86.2 0.030045 0.025950 0.004018 hargrave 2020-01-28 17:18:21 
575.00 188.0 -08.1 188.0 -08.1 1.98E-05 000.5 182.0 -85.1 0.012399 0.010535 0.001066 hargrave 2020-01-29 10:50:33 
566.20 187.4 -12.1 187.4 -12.1 2.35E-03 000.4 155.9 -89.0 1.111206 1.064654 0.524042 hargrave 2020-01-29 14:28:36 
575.10 184.9 -12.7 184.9 -12.7 2.40E-03 000.4 095.2 -87.2 1.155010 1.118758 0.256728 hargrave 2020-01-30 11:04:22 
580.10 185.3 -13.0 185.3 -13.0 2.42E-03 000.4 090.4 -87.5 1.136362 1.179140 0.262042 hargrave 2020-01-30 14:57:53 
580.00 195.8  04.6 195.8  04.6 1.40E-05 000.7 204.7 -70.7 0.016867 0.007156 0.001610 hargrave 2020-01-31 10:49:10 
585.00 191.5  08.2 191.5  08.2 1.01E-05 000.7 190.0 -68.5 0.011897 0.006750 0.001257 hargrave 2020-01-31 14:24:57 
575.20 185.3 -13.4 185.3 -13.4 2.42E-03 000.4 080.6 -87.5 1.098409 1.145078 0.273784 hargrave 2020-01-31 18:11:19 
585.10 185.5 -12.8 185.5 -12.8 2.46E-03 000.4 094.0 -87.7 1.154185 1.166950 0.187942 hargrave 2020-02-01 13:03:42 
