AX10- 2a sun compass orientation
      0  93.4  35.0   0.0   0.0   1.0
NRM    279.0  32.8 279.0  32.8 1.92E-04 000.5 253.8  29.4 0.064803 0.099896 0.133661 hargrave 2019-12-20 15:17:12 
100.00 280.8  32.1 280.8  32.1 1.92E-04 000.5 255.6  29.9 0.099437 0.080718 0.134702 hargrave 2019-12-22 11:05:23 
100.10 280.6  32.4 280.6  32.4 1.90E-04 000.5 255.2  30.0 0.045048 0.086589 0.136416 hargrave 2019-12-22 16:37:21 
200.10 280.0  32.1 280.0  32.1 1.84E-04 000.5 255.0  29.4 0.040115 0.057503 0.136105 hargrave 2019-12-23 15:33:57 
200.00 284.1  29.6 284.1  29.6 1.85E-04 000.5 260.0  29.8 0.058500 0.056741 0.161927 hargrave 2019-12-24 14:13:29 
300.00 279.9  32.7 279.9  32.7 1.75E-04 000.6 254.6  29.8 0.054828 0.072817 0.145031 hargrave 2019-12-25 14:40:32 
100.20 280.7  31.6 280.7  31.6 1.73E-04 000.5 255.9  29.4 0.057148 0.066007 0.134924 hargrave 2019-12-26 13:24:56 
300.10 280.7  28.8 280.7  28.8 1.68E-04 000.6 258.0  27.2 0.054307 0.059386 0.149851 hargrave 2019-12-26 17:20:56 
400.10 280.2  25.1 280.2  25.1 1.41E-04 000.7 260.2  24.2 0.041180 0.077268 0.142002 hargrave 2019-12-27 14:58:08 
400.00 282.5  29.5 282.5  29.5 1.46E-04 000.6 258.8  28.9 0.044373 0.065040 0.129252 hargrave 2019-12-28 14:50:24 
425.00 280.0  31.5 280.0  31.5 1.42E-04 000.5 255.5  28.9 0.033356 0.041070 0.111329 hargrave 2019-12-29 13:23:22 
300.20 279.9  26.7 279.9  26.7 1.39E-04 000.6 258.8  25.2 0.049850 0.058498 0.121166 hargrave 2019-12-29 17:37:21 
425.10 279.2  22.4 279.2  22.4 1.34E-04 000.6 261.2  21.4 0.033278 0.063514 0.115296 hargrave 2019-12-30 13:31:11 
450.10 279.1  20.4 279.1  20.4 1.26E-04 000.5 262.5  19.8 0.034181 0.037248 0.099691 hargrave 2019-12-30 19:44:37 
450.00 281.0  28.6 281.0  28.6 1.32E-04 000.5 258.3  27.4 0.061435 0.030627 0.099620 hargrave 2019-12-31 19:43:26 
475.00 282.9  27.3 282.9  27.3 1.28E-04 000.4 260.7  27.4 0.051280 0.013666 0.086834 hargrave 2020-01-01 12:25:52 
425.20 277.3  20.9 277.3  20.9 1.21E-04 000.5 260.7  19.2 0.061492 0.007149 0.085743 hargrave 2020-01-01 16:12:40 
475.10 271.9  21.5 271.9  21.5 1.16E-04 000.4 256.1  16.6 0.034717 0.033840 0.081390 hargrave 2020-01-02 11:36:35 
500.10 268.7  21.2 268.7  21.2 1.07E-04 000.4 253.8  14.6 0.019777 0.012166 0.075921 hargrave 2020-01-02 15:50:50 
500.00 281.1  28.4 281.1  28.4 1.15E-04 000.4 258.5  27.2 0.024803 0.036037 0.072461 hargrave 2020-01-03 13:21:55 
520.00 286.1  26.4 286.1  26.4 1.10E-04 000.4 263.9  28.5 0.026362 0.025689 0.071202 hargrave 2020-01-03 17:49:51 
475.20 271.6  21.0 271.6  21.0 1.01E-04 000.5 256.2  16.0 0.035157 0.050396 0.072299 hargrave 2020-01-14 14:06:00 
520.10 270.3  16.1 270.3  16.1 9.64E-05 000.6 258.2  11.4 0.060208 0.043750 0.076417 hargrave 2020-01-18 13:08:43 
530.10 267.4  14.8 267.4  14.8 9.28E-05 000.6 256.5  08.7 0.072996 0.041657 0.071839 hargrave 2020-01-18 16:59:52 
530.00 278.3  30.5 278.3  30.5 1.02E-04 000.5 254.9  27.2 0.071636 0.034366 0.060700 hargrave 2020-01-19 13:09:16 
540.00 280.2  28.9 280.2  28.9 9.47E-05 000.5 257.6  27.0 0.020778 0.035210 0.068173 hargrave 2020-01-19 16:38:41 
520.20 267.8  15.0 267.8  15.0 8.69E-05 000.6 256.8  09.1 0.022999 0.021008 0.084261 hargrave 2020-01-20 13:20:21 
540.10 266.3  08.2 266.3  08.2 8.36E-05 000.5 259.6  02.7 0.031540 0.017458 0.066966 hargrave 2020-01-20 17:21:08 
550.10 259.1  04.0 259.1  04.0 7.92E-05 000.4 255.9 -04.8 0.023171 0.022842 0.061061 hargrave 2020-01-21 11:17:56 
550.00 275.9  31.2 275.9  31.2 8.53E-05 000.5 252.7  26.5 0.030995 0.038267 0.060054 hargrave 2020-01-21 14:40:58 
555.00 276.4  31.2 276.4  31.2 7.93E-05 000.6 253.0  26.8 0.064540 0.041963 0.056317 hargrave 2020-01-21 18:15:26 
540.20 257.5  06.0 257.5  06.0 7.25E-05 000.5 253.5 -04.0 0.025909 0.029726 0.056154 hargrave 2020-01-22 13:19:55 
555.10 255.0 -00.8 255.0 -00.8 7.25E-05 000.8 255.3 -11.1 0.072996 0.051253 0.055170 hargrave 2020-01-23 10:28:51 
560.10 248.6 -08.8 248.6 -08.8 6.77E-05 000.6 254.3 -21.3 0.045187 0.034112 0.050961 hargrave 2020-01-23 14:53:37 
560.00 276.8  29.2 276.8  29.2 6.43E-05 000.4 254.8  25.5 0.022232 0.015669 0.041800 hargrave 2020-01-24 09:38:38 
562.00 277.5  29.9 277.5  29.9 6.28E-05 000.4 254.8  26.3 0.014986 0.019270 0.042012 hargrave 2020-01-24 13:26:03 
555.20 251.1 -13.8 251.1 -13.8 6.53E-05 000.6 259.6 -24.0 0.038888 0.023267 0.046087 hargrave 2020-01-24 17:30:01 
562.10 237.8 -21.9 237.8 -21.9 6.52E-05 000.5 253.2 -38.0 0.019792 0.031208 0.040232 hargrave 2020-01-25 13:18:28 
564.10 235.8 -28.8 235.8 -28.8 6.79E-05 000.6 256.9 -44.5 0.024769 0.053944 0.039675 hargrave 2020-01-25 17:13:04 
564.00 278.9  27.6 278.9  27.6 4.68E-05 000.8 257.4  25.4 0.061931 0.031660 0.028878 hargrave 2020-01-26 15:01:11 
566.00 279.1  27.7 279.1  27.7 4.55E-05 000.6 257.5  25.6 0.044990 0.007099 0.028354 hargrave 2020-01-26 18:17:02 
562.20 236.7 -31.9 236.7 -31.9 6.52E-05 000.8 260.6 -46.4 0.058509 0.062137 0.037669 hargrave 2020-01-27 11:33:57 
566.10 227.6 -39.4 227.6 -39.4 7.00E-05 000.6 260.5 -56.9 0.063281 0.035058 0.033565 hargrave 2020-01-27 15:21:06 
570.10 201.6 -51.6 201.6 -51.6 8.57E-05 000.6 260.2 -78.7 0.065590 0.054183 0.031786 hargrave 2020-01-28 11:38:46 
570.00 271.1  25.5 271.1  25.5 1.50E-05 001.1 253.0  19.4 0.031123 0.013524 0.010396 hargrave 2020-01-28 17:40:47 
575.00 276.2  27.8 276.2  27.8 8.99E-06 001.1 255.3  24.0 0.018405 0.007625 0.006328 hargrave 2020-01-29 11:12:04 
566.20 196.3 -53.2 196.3 -53.2 8.08E-05 000.5 262.0 -82.3 0.052988 0.043762 0.038099 hargrave 2020-01-29 14:57:21 
575.10 200.3 -54.8 200.3 -54.8 9.28E-05 000.5 275.5 -80.3 0.057830 0.059191 0.029618 hargrave 2020-01-30 11:34:59 
580.10 197.4 -52.6 197.4 -52.6 9.86E-05 000.5 259.4 -81.4 0.068948 0.054323 0.026609 hargrave 2020-01-30 15:26:43 
580.00 274.1  23.3 274.1  23.3 5.55E-06 000.9 256.6  19.3 0.009572 0.004945 0.003538 hargrave 2020-01-31 11:10:48 
585.00 265.0  25.9 265.0  25.9 3.57E-06 001.1 248.1  16.5 0.007761 0.002753 0.002933 hargrave 2020-01-31 14:46:28 
575.20 192.2 -57.0 192.2 -57.0 9.96E-05 000.4 296.0 -84.7 0.046479 0.052767 0.026910 hargrave 2020-01-31 18:39:02 
585.10 197.0 -54.5 197.0 -54.5 1.05E-04 000.5 271.6 -82.2 0.068091 0.063528 0.033944 hargrave 2020-02-01 13:32:25 
