AX10- 3a sun compass orientation
      0  95.4  37.0   0.0   0.0   1.0
NRM    289.3  25.4 289.3  25.4 2.37E-04 000.5 264.4  28.3 0.121040 0.074803 0.170331 hargrave 2019-12-20 15:20:00 
100.00 291.5  24.1 291.5  24.1 2.36E-04 000.6 267.2  28.6 0.148022 0.064827 0.173731 hargrave 2019-12-22 11:06:51 
100.10 290.2  25.1 290.2  25.1 2.34E-04 000.5 265.3  28.6 0.096372 0.080153 0.171796 hargrave 2019-12-22 16:39:20 
200.10 290.1  24.5 290.1  24.5 2.29E-04 000.5 265.7  28.0 0.077957 0.069386 0.170891 hargrave 2019-12-23 15:35:57 
200.00 287.0  27.7 287.0  27.7 2.30E-04 000.5 261.0  28.6 0.047944 0.087206 0.193735 hargrave 2019-12-24 14:15:03 
300.00 291.3  24.1 291.3  24.1 2.22E-04 000.6 267.0  28.5 0.072887 0.115562 0.201143 hargrave 2019-12-25 14:42:06 
100.20 292.0  23.4 292.0  23.4 2.19E-04 000.6 268.1  28.3 0.055035 0.085350 0.189424 hargrave 2019-12-26 13:27:01 
300.10 288.6  24.1 288.6  24.1 2.15E-04 000.6 264.9  26.9 0.065217 0.106061 0.201791 hargrave 2019-12-26 17:23:02 
400.10 290.8  19.7 290.8  19.7 1.94E-04 000.6 269.8  24.8 0.052252 0.090328 0.183036 hargrave 2019-12-27 15:00:12 
400.00 289.4  24.5 289.4  24.5 1.97E-04 000.6 265.2  27.7 0.073550 0.086806 0.177790 hargrave 2019-12-28 14:51:59 
425.00 288.1  25.6 288.1  25.6 1.94E-04 000.6 263.4  27.7 0.039546 0.100997 0.164618 hargrave 2019-12-29 13:24:56 
300.20 290.9  20.9 290.9  20.9 1.91E-04 000.5 269.0  25.8 0.026728 0.082865 0.162359 hargrave 2019-12-29 17:39:25 
425.10 288.0  20.5 288.0  20.5 1.85E-04 000.5 267.0  23.7 0.051849 0.064734 0.156833 hargrave 2019-12-30 13:33:15 
450.10 287.0  19.6 287.0  19.6 1.78E-04 000.5 266.8  22.5 0.054577 0.057195 0.128817 hargrave 2019-12-30 19:46:42 
450.00 287.6  24.7 287.6  24.7 1.81E-04 000.5 263.7  26.7 0.076202 0.050905 0.150805 hargrave 2019-12-31 19:45:03 
475.00 288.9  23.4 288.9  23.4 1.77E-04 000.4 265.6  26.5 0.048462 0.017465 0.122499 hargrave 2020-01-01 12:27:26 
425.20 284.2  21.2 284.2  21.2 1.71E-04 000.5 263.6  22.0 0.062469 0.010942 0.136271 hargrave 2020-01-01 16:14:45 
475.10 282.5  20.0 282.5  20.0 1.65E-04 000.5 263.1  20.1 0.013817 0.029973 0.131056 hargrave 2020-01-02 11:38:41 
500.10 287.1  14.7 287.1  14.7 1.54E-04 000.5 270.3  18.7 0.018723 0.037949 0.128414 hargrave 2020-01-02 15:52:56 
500.00 288.0  24.5 288.0  24.5 1.61E-04 000.4 264.2  26.8 0.041472 0.024922 0.120146 hargrave 2020-01-03 13:23:30 
520.00 292.4  21.4 292.4  21.4 1.55E-04 000.5 269.9  27.1 0.043633 0.037055 0.119760 hargrave 2020-01-03 17:51:26 
475.20 283.2  19.5 283.2  19.5 1.48E-04 000.5 263.9  20.1 0.065617 0.010484 0.122497 hargrave 2020-01-14 14:08:06 
520.10 281.7  14.9 281.7  14.9 1.42E-04 000.6 265.8  15.6 0.102871 0.035236 0.127175 hargrave 2020-01-18 13:10:48 
530.10 280.4  13.5 280.4  13.5 1.37E-04 000.6 265.7  13.8 0.082853 0.028288 0.121807 hargrave 2020-01-18 17:01:58 
530.00 289.4  21.7 289.4  21.7 1.45E-04 000.5 267.3  25.5 0.042233 0.028159 0.123709 hargrave 2020-01-19 13:10:51 
540.00 289.9  22.1 289.9  22.1 1.38E-04 000.5 267.3  26.1 0.022489 0.020007 0.113596 hargrave 2020-01-19 16:40:15 
520.20 282.6  11.8 282.6  11.8 1.29E-04 000.6 268.5  13.8 0.053710 0.025116 0.114299 hargrave 2020-01-20 13:22:27 
540.10 277.4  09.0 277.4  09.0 1.26E-04 000.5 266.2  08.4 0.044538 0.021243 0.099896 hargrave 2020-01-20 17:23:14 
550.10 270.3  08.0 270.3  08.0 1.15E-04 000.6 261.1  03.3 0.083195 0.051327 0.092141 hargrave 2020-01-21 11:20:02 
550.00 290.2  20.6 290.2  20.6 1.24E-04 000.6 268.7  25.1 0.078234 0.022540 0.105495 hargrave 2020-01-21 14:42:33 
555.00 289.7  21.5 289.7  21.5 1.17E-04 000.5 267.7  25.5 0.031594 0.041259 0.099677 hargrave 2020-01-21 18:17:00 
540.20 275.7  04.7 275.7  04.7 1.07E-04 000.6 267.4  04.0 0.072947 0.016272 0.086378 hargrave 2020-01-22 13:22:00 
555.10 273.0 -01.4 273.0 -01.4 1.06E-04 000.5 268.9 -02.5 0.021074 0.013135 0.085825 hargrave 2020-01-23 10:30:57 
560.10 264.9 -05.8 264.9 -05.8 9.69E-05 000.6 265.1 -11.0 0.042992 0.037021 0.080909 hargrave 2020-01-23 14:55:42 
560.00 287.2  22.7 287.2  22.7 9.81E-05 000.5 264.8  24.9 0.047374 0.021563 0.083220 hargrave 2020-01-24 09:40:12 
562.00 287.1  22.9 287.1  22.9 9.46E-05 000.5 264.6  25.0 0.017470 0.007487 0.082046 hargrave 2020-01-24 13:27:37 
555.20 264.1 -06.8 264.1 -06.8 9.40E-05 000.7 265.1 -12.2 0.078612 0.047835 0.073565 hargrave 2020-01-24 17:32:07 
562.10 252.4 -14.9 252.4 -14.9 8.89E-05 000.5 260.6 -25.7 0.024625 0.030984 0.065244 hargrave 2020-01-25 13:20:34 
564.10 248.6 -20.7 248.6 -20.7 8.67E-05 000.5 261.5 -32.4 0.023803 0.034682 0.058581 hargrave 2020-01-25 17:15:09 
564.00 287.9  21.5 287.9  21.5 7.29E-05 000.7 266.3  24.4 0.055246 0.028613 0.066496 hargrave 2020-01-26 15:02:46 
566.00 286.9  22.0 286.9  22.0 7.15E-05 000.6 265.1  24.2 0.046640 0.020801 0.072613 hargrave 2020-01-26 18:18:35 
562.20 248.9 -23.2 248.9 -23.2 8.20E-05 000.7 263.7 -34.2 0.058714 0.068587 0.060252 hargrave 2020-01-27 11:36:02 
566.10 240.5 -33.8 240.5 -33.8 8.68E-05 000.4 266.3 -46.9 0.046609 0.025664 0.050599 hargrave 2020-01-27 15:23:15 
570.10 203.4 -48.5 203.4 -48.5 1.04E-04 000.6 255.4 -77.8 0.077871 0.082506 0.030965 hargrave 2020-01-28 11:40:51 
570.00 282.4  18.3 282.4  18.3 2.25E-05 001.0 264.2  18.7 0.035844 0.037445 0.016893 hargrave 2020-01-28 17:42:21 
575.00 283.2  22.4 283.2  22.4 1.37E-05 001.0 261.9  22.3 0.023376 0.015355 0.009978 hargrave 2020-01-29 11:13:38 
566.20 197.9 -48.4 197.9 -48.4 9.64E-05 000.6 244.6 -80.8 0.075231 0.055168 0.034348 hargrave 2020-01-29 14:59:27 
575.10 199.4 -51.2 199.4 -51.2 1.18E-04 000.5 263.7 -81.3 0.082750 0.071423 0.027324 hargrave 2020-01-30 11:37:05 
580.10 198.8 -51.6 198.8 -51.6 1.24E-04 000.5 265.6 -81.7 0.084208 0.074704 0.028334 hargrave 2020-01-30 15:28:48 
580.00 279.4  17.4 279.4  17.4 7.63E-06 000.9 262.4  16.2 0.012732 0.009681 0.005768 hargrave 2020-01-31 11:12:22 
585.00 276.2  21.8 276.2  21.8 3.85E-06 001.0 257.0  17.7 0.007038 0.004565 0.003245 hargrave 2020-01-31 14:48:02 
575.20 191.5 -52.4 191.5 -52.4 1.27E-04 000.4 263.9 -86.3 0.071034 0.063894 0.024623 hargrave 2020-01-31 18:41:07 
585.10 194.8 -51.9 194.8 -51.9 1.33E-04 000.5 262.5 -84.2 0.086792 0.074870 0.029774 hargrave 2020-02-01 13:34:31 
