AX10- 1a sun compass orientation
      0  92.2  35.0   0.0   0.0   1.0
NRM    281.4  30.4 281.4  30.4 1.48E-04 000.5 258.2  29.6 0.060876 0.081673 0.104239 hargrave 2019-12-20 12:08:23 
100.00 283.3  29.1 283.3  29.1 1.48E-04 000.6 260.6  29.7 0.079892 0.078898 0.106785 hargrave 2019-12-21 13:29:41 
100.10 282.7  29.8 282.7  29.8 1.47E-04 000.6 259.7  29.9 0.073023 0.101044 0.113626 hargrave 2019-12-22 13:45:59 
200.10 280.1  30.2 280.1  30.2 1.43E-04 000.5 257.4  28.7 0.068225 0.066861 0.091759 hargrave 2019-12-23 12:28:03 
200.00 282.9  29.8 282.9  29.8 1.44E-04 000.7 259.8  30.0 0.046211 0.109155 0.123720 hargrave 2019-12-24 13:24:56 
300.00 283.4  29.3 283.4  29.3 1.37E-04 000.7 260.5  29.9 0.027571 0.108147 0.119787 hargrave 2019-12-25 13:51:26 
100.20 286.6  26.1 286.6  26.1 1.36E-04 000.6 265.4  29.2 0.044148 0.072379 0.124953 hargrave 2019-12-26 12:29:56 
300.10 281.8  27.2 281.8  27.2 1.33E-04 000.6 260.9  27.4 0.046091 0.069951 0.120693 hargrave 2019-12-26 16:26:27 
400.10 277.6  26.6 277.6  26.6 1.20E-04 000.6 258.1  24.5 0.063658 0.058119 0.101135 hargrave 2019-12-27 14:03:05 
400.00 282.3  28.7 282.3  28.7 1.23E-04 000.6 260.2  28.8 0.064579 0.053590 0.106419 hargrave 2019-12-28 14:02:29 
425.00 281.9  29.3 281.9  29.3 1.21E-04 000.6 259.4  29.1 0.033822 0.068087 0.099214 hargrave 2019-12-29 12:36:47 
300.20 277.7  28.6 277.7  28.6 1.18E-04 000.5 256.8  26.2 0.043690 0.044475 0.079326 hargrave 2019-12-29 16:43:10 
425.10 278.1  24.6 278.1  24.6 1.15E-04 000.5 259.8  23.3 0.021597 0.047480 0.089614 hargrave 2019-12-30 12:35:04 
450.10 276.5  22.0 276.5  22.0 1.08E-04 000.7 260.4  20.3 0.091336 0.033568 0.081859 hargrave 2019-12-30 17:45:10 
450.00 281.9  26.8 281.9  26.8 1.13E-04 000.5 261.3  27.1 0.034768 0.030338 0.096095 hargrave 2019-12-31 18:52:49 
475.00 284.0  26.0 284.0  26.0 1.10E-04 000.5 263.5  27.7 0.022480 0.019137 0.087947 hargrave 2020-01-01 11:35:33 
425.20 278.1  20.7 278.1  20.7 1.04E-04 000.5 262.4  20.2 0.010640 0.016929 0.085742 hargrave 2020-01-01 15:17:11 
475.10 269.6  17.3 269.6  17.3 9.87E-05 000.5 257.8  12.6 0.014965 0.027335 0.084978 hargrave 2020-01-02 10:41:16 
500.10 207.4  17.4 207.4  17.4 9.18E-05 000.7 254.1  07.4 0.084091 0.045274 0.070341 hargrave 2020-01-02 14:59:44 
500.00 229.4  16.2 229.4  16.2 1.02E-04 000.6 260.7  27.5 0.096635 0.046973 0.078668 hargrave 2020-01-03 12:37:36 
520.00 280.6  29.3 280.6  29.3 9.95E-05 000.5 258.5  28.3 0.049377 0.020301 0.079007 hargrave 2020-01-03 17:01:26 
475.20 266.0  13.9 266.0  13.9 9.01E-05 000.6 257.0  07.9 0.041449 0.020646 0.082762 hargrave 2020-01-14 13:11:01 
520.10 266.2  06.0 266.2  06.0 8.54E-05 000.5 261.7  01.4 0.013652 0.054353 0.070225 hargrave 2020-01-18 12:12:59 
530.10 258.5  07.8 258.5  07.8 8.43E-05 000.5 254.3 -01.4 0.022711 0.040743 0.066392 hargrave 2020-01-18 16:04:01 
530.00 278.4  28.7 278.4  28.7 9.19E-05 000.5 257.2  26.6 0.018756 0.033418 0.078440 hargrave 2020-01-19 12:20:13 
540.00 278.8  29.1 278.8  29.1 8.64E-05 000.5 257.3  27.1 0.018597 0.022870 0.073921 hargrave 2020-01-19 15:50:22 
520.20 264.9  02.8 264.9  02.8 7.90E-05 000.5 262.4 -01.9 0.024508 0.016441 0.063646 hargrave 2020-01-20 12:26:09 
540.10 257.0  01.6 257.0  01.6 7.70E-05 000.5 256.5 -07.3 0.024534 0.028747 0.060835 hargrave 2020-01-20 16:26:40 
550.10 255.0 -05.2 255.0 -05.2 7.27E-05 000.8 258.7 -14.1 0.075385 0.050291 0.054559 hargrave 2020-01-21 10:23:46 
550.00 278.9  28.1 278.9  28.1 7.79E-05 000.7 258.0  26.4 0.072146 0.038218 0.066626 hargrave 2020-01-21 13:52:39 
555.00 272.5  33.4 272.5  33.4 7.52E-05 000.7 249.5  26.9 0.063781 0.037560 0.068992 hargrave 2020-01-21 17:27:01 
540.20 251.6 -00.7 251.6 -00.7 6.99E-05 000.7 253.3 -12.2 0.068222 0.041011 0.052720 hargrave 2020-01-22 12:25:38 
555.10 249.6 -05.9 249.6 -05.9 7.12E-05 000.8 254.5 -17.6 0.069564 0.055412 0.053435 hargrave 2020-01-23 09:33:52 
560.10 246.1 -14.0 246.1 -14.0 6.76E-05 000.6 256.4 -26.3 0.049107 0.023855 0.046344 hargrave 2020-01-23 13:53:34 
560.00 278.7  28.0 278.7  28.0 6.37E-05 000.4 257.9  26.2 0.024663 0.009501 0.039653 hargrave 2020-01-24 08:49:14 
562.00 276.7  29.6 276.7  29.6 6.34E-05 000.5 255.3  26.4 0.019302 0.012123 0.055248 hargrave 2020-01-24 12:38:04 
555.20 244.8 -13.2 244.8 -13.2 6.53E-05 000.6 254.7 -26.3 0.045581 0.025055 0.046269 hargrave 2020-01-24 16:34:13 
562.10 239.6 -21.1 239.6 -21.1 6.56E-05 000.6 255.3 -35.7 0.047628 0.029296 0.041899 hargrave 2020-01-25 12:21:37 
564.10 235.6 -27.7 235.6 -27.7 6.54E-05 000.8 256.9 -43.2 0.070239 0.058325 0.037573 hargrave 2020-01-25 16:17:38 
564.00 277.6  29.0 277.6  29.0 4.87E-05 000.8 256.4  26.4 0.061991 0.033138 0.028815 hargrave 2020-01-26 14:12:54 
566.00 277.0  29.4 277.0  29.4 4.84E-05 000.9 255.6  26.4 0.071496 0.036452 0.028355 hargrave 2020-01-26 17:28:33 
562.20 234.2 -28.0 234.2 -28.0 6.27E-05 000.9 255.8 -44.1 0.066592 0.060923 0.038342 hargrave 2020-01-27 10:38:08 
566.10 220.1 -34.4 220.1 -34.4 6.39E-05 000.7 247.6 -56.8 0.067382 0.033266 0.031792 hargrave 2020-01-27 14:24:19 
570.10 199.4 -48.0 199.4 -48.0 8.07E-05 000.7 243.7 -77.2 0.080362 0.048818 0.019485 hargrave 2020-01-28 10:41:55 
570.00 272.3  25.6 272.3  25.6 1.54E-05 001.1 254.7  20.8 0.031585 0.014893 0.010953 hargrave 2020-01-28 16:51:30 
575.00 277.3  28.7 277.3  28.7 1.18E-05 001.0 256.3  26.0 0.023215 0.011220 0.007740 hargrave 2020-01-29 10:23:48 
566.20 195.6 -48.6 195.6 -48.6 7.54E-05 000.6 237.7 -79.6 0.069418 0.042488 0.023578 hargrave 2020-01-29 14:00:18 
575.10 193.6 -51.0 193.6 -51.0 8.68E-05 000.6 244.3 -82.1 0.071537 0.045883 0.020446 hargrave 2020-01-30 10:36:07 
580.10 192.0 -51.1 192.0 -51.1 9.07E-05 000.5 240.6 -82.9 0.070657 0.048097 0.017860 hargrave 2020-01-30 14:29:32 
580.00 268.0  21.1 268.0  21.1 5.85E-06 001.2 254.3  14.8 0.013686 0.005420 0.004333 hargrave 2020-01-31 10:23:06 
585.00 274.2  32.9 274.2  32.9 4.39E-06 001.0 251.1  27.5 0.008941 0.003286 0.002986 hargrave 2020-01-31 13:57:21 
575.20 186.1 -50.5 186.1 -50.5 9.16E-05 000.5 209.2 -85.0 0.061813 0.042361 0.014787 hargrave 2020-01-31 17:43:51 
585.10 185.3 -50.7 185.3 -50.7 9.50E-05 000.5 204.4 -85.3 0.059510 0.048286 0.013216 hargrave 2020-02-01 12:35:08 
