AX11- 6a sun compass orientation
      0  16.4  83.0   0.0   0.0   1.0
NRM    279.9  24.7 279.9  24.7 3.69E-04 000.3 198.6  71.3 0.040127 0.181022 0.071989 hargrave 2019-12-20 15:28:33 
100.00 280.6  24.9 280.6  24.9 3.70E-04 000.3 196.5  71.2 0.046355 0.217145 0.074862 hargrave 2019-12-22 11:11:22 
100.10 281.1  24.3 281.1  24.3 3.68E-04 000.3 195.9  72.0 0.080278 0.209042 0.073889 hargrave 2019-12-22 16:45:25 
200.10 280.1  23.8 280.1  23.8 3.62E-04 000.3 199.1  72.2 0.080977 0.163962 0.085487 hargrave 2019-12-23 15:41:59 
200.00 281.5  23.2 281.5  23.2 3.63E-04 000.4 195.7  73.1 0.141622 0.175708 0.073197 hargrave 2019-12-24 14:20:04 
300.00 280.4  23.1 280.4  23.1 3.57E-04 000.3 199.1  72.9 0.097780 0.167822 0.107260 hargrave 2019-12-25 14:47:08 
100.20 280.2  22.9 280.2  22.9 3.54E-04 000.3 200.0  73.0 0.120362 0.157102 0.102883 hargrave 2019-12-26 13:33:44 
300.10 280.1  23.0 280.1  23.0 3.47E-04 000.3 200.2  72.8 0.092049 0.174347 0.105213 hargrave 2019-12-26 17:29:35 
400.10 279.6  23.5 279.6  23.5 3.22E-04 000.4 200.9  72.3 0.123685 0.162158 0.104274 hargrave 2019-12-27 15:06:46 
400.00 278.6  22.4 278.6  22.4 3.31E-04 000.4 205.4  72.9 0.112676 0.183144 0.106627 hargrave 2019-12-28 14:57:00 
425.00 279.2  22.7 279.2  22.7 3.28E-04 000.5 203.1  72.8 0.152165 0.198822 0.106791 hargrave 2019-12-29 13:29:58 
300.20 278.2  22.7 278.2  22.7 3.22E-04 000.4 205.7  72.4 0.120222 0.161879 0.102901 hargrave 2019-12-29 17:46:00 
425.10 279.3  24.0 279.3  24.0 3.12E-04 000.3 200.9  71.7 0.099845 0.140940 0.099843 hargrave 2019-12-30 13:39:49 
450.10 277.8  23.6 277.8  23.6 3.05E-04 000.5 205.7  71.5 0.160946 0.158037 0.101289 hargrave 2019-12-30 19:55:33 
450.00 278.9  23.4 278.9  23.4 3.15E-04 000.3 203.0  72.1 0.096633 0.130813 0.136010 hargrave 2019-12-31 19:50:06 
475.00 277.9  23.3 277.9  23.3 3.11E-04 000.4 205.6  71.8 0.119376 0.163244 0.089258 hargrave 2020-01-01 12:32:28 
425.20 277.3  24.6 277.3  24.6 2.99E-04 000.3 205.3  70.4 0.097325 0.137110 0.080971 hargrave 2020-01-01 16:21:24 
475.10 277.4  25.2 277.4  25.2 2.88E-04 000.3 204.4  69.8 0.076346 0.130476 0.071230 hargrave 2020-01-02 11:45:17 
500.10 277.7  26.6 277.7  26.6 2.68E-04 000.3 201.9  68.8 0.035101 0.133094 0.064121 hargrave 2020-01-02 15:59:34 
500.00 278.7  25.0 278.7  25.0 2.90E-04 000.3 201.5  70.6 0.035471 0.159959 0.040578 hargrave 2020-01-03 13:28:31 
520.00 277.2  24.2 277.2  24.2 2.68E-04 000.3 206.2  70.6 0.039790 0.126515 0.047637 hargrave 2020-01-03 17:56:29 
475.20 277.6  26.4 277.6  26.4 2.46E-04 000.3 202.4  68.9 0.024540 0.117254 0.042318 hargrave 2020-01-14 14:14:43 
520.10 277.2  28.2 277.2  28.2 2.07E-04 000.3 201.2  67.0 0.067923 0.062036 0.119530 hargrave 2020-01-18 13:17:23 
530.10 277.2  28.4 277.2  28.4 1.78E-04 000.4 201.0  66.9 0.055011 0.070827 0.088066 hargrave 2020-01-18 17:08:33 
530.00 278.8  24.3 278.8  24.3 2.24E-04 000.4 202.0  71.2 0.072635 0.103215 0.093259 hargrave 2020-01-19 13:15:53 
540.00 278.8  23.6 278.8  23.6 2.00E-04 000.3 202.8  71.9 0.058610 0.075655 0.084276 hargrave 2020-01-19 16:45:15 
520.20 278.4  29.0 278.4  29.0 1.55E-04 000.4 198.0  66.7 0.078806 0.058102 0.079549 hargrave 2020-01-20 13:29:02 
540.10 275.2  29.9 275.2  29.9 1.30E-04 000.5 203.4  64.8 0.087143 0.042863 0.074755 hargrave 2020-01-20 17:29:49 
550.10 277.1  39.5 277.1  39.5 8.06E-05 000.7 193.1  56.5 0.057611 0.070062 0.061887 hargrave 2020-01-21 11:26:36 
550.00 280.3  24.3 280.3  24.3 1.54E-04 000.5 197.9  71.7 0.074706 0.099801 0.070783 hargrave 2020-01-21 14:47:33 
555.00 281.3  23.8 281.3  23.8 1.36E-04 000.5 195.6  72.5 0.076874 0.091651 0.063725 hargrave 2020-01-21 18:22:01 
540.20 282.1  37.6 282.1  37.6 7.00E-05 000.7 186.7  59.2 0.049164 0.044206 0.058079 hargrave 2020-01-22 13:28:38 
555.10 268.0  51.8 268.0  51.8 4.71E-05 000.8 195.4  42.7 0.047499 0.035982 0.041179 hargrave 2020-01-23 10:37:32 
560.10 130.3  74.6 130.3  74.6 2.78E-05 001.0 186.2 -07.1 0.038583 0.025185 0.042932 hargrave 2020-01-23 15:02:17 
560.00 282.8  24.2 282.8  24.2 1.01E-04 000.5 190.9  72.5 0.063174 0.052253 0.051834 hargrave 2020-01-24 09:45:13 
562.00 283.4  24.2 283.4  24.2 1.01E-04 000.5 189.1  72.6 0.062714 0.053053 0.054163 hargrave 2020-01-24 13:32:36 
555.20 136.6  77.0 136.6  77.0 2.27E-05 001.1 186.5 -04.3 0.020772 0.025770 0.033663 hargrave 2020-01-24 17:38:43 
562.10 103.6  36.0 103.6  36.0 2.88E-05 000.8 176.7 -46.9 0.041419 0.018170 0.029498 hargrave 2020-01-25 13:27:10 
564.10 103.6  29.7 103.6  29.7 3.90E-05 000.7 175.9 -53.2 0.023985 0.035636 0.029972 hargrave 2020-01-25 17:21:45 
564.00 282.9  24.7 282.9  24.7 8.51E-05 000.5 190.3  72.0 0.043343 0.056516 0.045280 hargrave 2020-01-26 15:07:47 
566.00 283.5  25.0 283.5  25.0 8.43E-05 000.5 188.5  71.8 0.040349 0.056246 0.045746 hargrave 2020-01-26 18:23:37 
562.20 101.4  22.9 101.4  22.9 3.43E-05 000.6 170.8 -59.7 0.036012 0.019782 0.025974 hargrave 2020-01-27 11:42:38 
566.10 108.3  13.0 108.3  13.0 4.05E-05 000.8 185.3 -70.0 0.043617 0.032275 0.022638 hargrave 2020-01-27 15:30:01 
570.10 105.4  04.2 105.4  04.2 6.83E-05 000.6 174.9 -78.8 0.050863 0.041285 0.017288 hargrave 2020-01-28 11:48:20 
570.00 283.6  26.2 283.6  26.2 6.14E-05 000.7 187.6  70.6 0.058000 0.048609 0.035321 hargrave 2020-01-28 17:47:25 
575.00 281.6  25.6 281.6  25.6 5.95E-05 000.7 193.3  70.9 0.057191 0.040565 0.033972 hargrave 2020-01-29 11:18:40 
566.20 103.2  04.1 103.2  04.1 6.69E-05 000.5 163.7 -78.4 0.047533 0.041501 0.013195 hargrave 2020-01-29 15:06:59 
575.10 104.8 -03.7 104.8 -03.7 7.65E-05 000.4 154.2 -86.3 0.040837 0.043640 0.008975 hargrave 2020-01-30 11:44:36 
580.10 106.9 -02.1 106.9 -02.1 8.88E-05 000.5 185.8 -85.1 0.055658 0.048842 0.014238 hargrave 2020-01-30 15:36:16 
580.00 282.2  25.4 282.2  25.4 4.73E-05 000.5 191.9  71.1 0.025314 0.029331 0.028115 hargrave 2020-01-31 11:17:25 
585.00 283.9  26.1 283.9  26.1 4.65E-05 000.5 186.9  70.8 0.027160 0.034231 0.028483 hargrave 2020-01-31 14:53:04 
575.20 103.4 -05.4 103.4 -05.4 8.88E-05 000.4 118.3 -86.6 0.037507 0.046190 0.009425 hargrave 2020-01-31 18:48:31 
585.10 105.3 -04.2 105.3 -04.2 9.27E-05 000.4 158.8 -87.0 0.047053 0.049116 0.013265 hargrave 2020-02-01 13:41:55 
