AX11- 4a sun compass orientation
      0  21.5  89.0   0.0   0.0   1.0
NRM    287.7  25.9 287.7  25.9 4.87E-04 000.3 188.1  64.9 0.110809 0.211899 0.062978 hargrave 2019-12-20 15:22:46 
100.00 286.9  25.5 286.9  25.5 4.87E-04 000.4 189.8  65.1 0.164418 0.278381 0.067043 hargrave 2019-12-22 11:08:18 
100.10 288.8  25.6 288.8  25.6 4.85E-04 000.4 185.9  65.3 0.170926 0.264086 0.073271 hargrave 2019-12-22 16:41:19 
200.10 285.9  24.8 285.9  24.8 4.80E-04 000.4 192.3  65.6 0.192917 0.198460 0.116101 hargrave 2019-12-23 15:37:55 
200.00 289.6  24.5 289.6  24.5 4.82E-04 000.3 184.3  66.5 0.160450 0.180797 0.097966 hargrave 2019-12-24 14:16:40 
300.00 286.2  24.4 286.2  24.4 4.76E-04 000.3 192.0  66.1 0.172604 0.203379 0.117565 hargrave 2019-12-25 14:43:44 
100.20 287.5  24.6 287.5  24.6 4.72E-04 000.3 189.1  66.1 0.163090 0.179990 0.135853 hargrave 2019-12-26 13:29:10 
300.10 287.2  24.7 287.2  24.7 4.68E-04 000.4 189.6  65.9 0.171470 0.209336 0.152066 hargrave 2019-12-26 17:25:10 
400.10 288.2  24.5 288.2  24.5 4.43E-04 000.3 187.4  66.3 0.166951 0.154332 0.135292 hargrave 2019-12-27 15:02:20 
400.00 285.7  23.4 285.7  23.4 4.50E-04 000.4 193.7  66.9 0.181540 0.192244 0.143717 hargrave 2019-12-28 14:53:36 
425.00 285.6  23.3 285.6  23.3 4.46E-04 000.4 193.9  67.0 0.199381 0.164217 0.150699 hargrave 2019-12-29 13:26:33 
300.20 285.0  23.4 285.0  23.4 4.41E-04 000.4 195.3  66.8 0.194334 0.130839 0.168963 hargrave 2019-12-29 17:41:33 
425.10 282.7  23.8 282.7  23.8 4.32E-04 000.3 199.8  65.7 0.157638 0.123878 0.195495 hargrave 2019-12-30 13:35:23 
450.10 293.2  25.3 293.2  25.3 4.21E-04 000.5 176.3  65.7 0.221883 0.178180 0.233261 hargrave 2019-12-30 19:48:50 
450.00 283.6  23.8 283.6  23.8 4.30E-04 000.4 197.9  66.0 0.195900 0.153806 0.243653 hargrave 2019-12-31 19:46:41 
475.00 282.5  23.6 282.5  23.6 4.23E-04 000.4 200.5  65.8 0.183806 0.183399 0.177382 hargrave 2020-01-01 12:29:03 
425.20 284.0  25.0 284.0  25.0 4.12E-04 000.4 196.3  64.9 0.191631 0.153236 0.169729 hargrave 2020-01-01 16:16:54 
475.10 284.1  25.6 284.1  25.6 4.00E-04 000.4 195.5  64.4 0.162697 0.147560 0.130032 hargrave 2020-01-02 12:28:10 
500.10 285.2  26.5 285.2  26.5 3.70E-04 000.4 192.8  63.8 0.132919 0.221192 0.144566 hargrave 2020-01-02 15:55:05 
500.00 283.8  24.9 283.8  24.9 3.93E-04 000.4 196.7  65.0 0.131241 0.243119 0.114886 hargrave 2020-01-03 13:25:07 
520.00 282.0  24.7 282.0  24.7 3.63E-04 000.4 200.4  64.6 0.109852 0.180419 0.102896 hargrave 2020-01-03 17:53:03 
475.20 285.1  26.7 285.1  26.7 3.42E-04 000.3 193.0  63.5 0.085432 0.161727 0.084468 hargrave 2020-01-14 14:10:15 
520.10 282.8  28.8 282.8  28.8 2.91E-04 000.5 196.0  61.0 0.137004 0.094065 0.195904 hargrave 2020-01-18 13:12:56 
530.10 283.3  30.6 283.3  30.6 2.46E-04 000.4 194.0  59.4 0.112286 0.071415 0.139008 hargrave 2020-01-18 17:04:06 
530.00 283.1  24.6 283.1  24.6 2.98E-04 000.4 198.3  65.0 0.116050 0.107073 0.150094 hargrave 2020-01-19 13:12:28 
540.00 283.8  25.0 283.8  25.0 2.50E-04 000.4 196.5  64.9 0.110143 0.083900 0.126528 hargrave 2020-01-19 16:41:52 
520.20 284.5  31.8 284.5  31.8 2.01E-04 000.5 191.4  58.5 0.116118 0.058363 0.122068 hargrave 2020-01-20 13:24:36 
540.10 286.3  37.7 286.3  37.7 1.61E-04 000.3 186.9  53.0 0.018442 0.043211 0.094824 hargrave 2020-01-20 17:25:22 
550.10 281.6  57.1 281.6  57.1 8.40E-05 000.7 186.4  33.4 0.027378 0.080581 0.060315 hargrave 2020-01-21 11:22:10 
550.00 284.1  25.9 284.1  25.9 1.75E-04 000.4 195.4  64.1 0.082829 0.052925 0.090938 hargrave 2020-01-21 14:44:09 
555.00 286.9  25.3 286.9  25.3 1.42E-04 000.5 190.0  65.3 0.068785 0.072857 0.071335 hargrave 2020-01-21 18:18:37 
540.20 290.4  60.1 290.4  60.1 6.21E-05 000.6 180.7  30.9 0.036681 0.032851 0.044883 hargrave 2020-01-22 13:24:09 
555.10 125.9  76.4 125.9  76.4 4.93E-05 000.7 183.4 -12.1 0.021946 0.045867 0.036530 hargrave 2020-01-23 10:33:05 
560.10 103.0  23.0 103.0  23.0 7.54E-05 000.4 161.6 -64.6 0.032657 0.038591 0.008487 hargrave 2020-01-23 14:57:50 
560.00 289.9  25.3 289.9  25.3 8.52E-05 000.6 183.5  65.6 0.049519 0.059185 0.044348 hargrave 2020-01-24 09:41:49 
562.00 291.1  25.4 291.1  25.4 8.32E-05 000.6 180.9  65.6 0.051417 0.058297 0.044585 hargrave 2020-01-24 13:29:13 
555.20 105.4  18.3 105.4  18.3 7.08E-05 000.6 163.0 -69.8 0.058439 0.042146 0.006435 hargrave 2020-01-24 17:34:15 
562.10 099.3  07.1 099.3  07.1 1.04E-04 000.6 123.8 -75.3 0.066249 0.077700 0.004709 hargrave 2020-01-25 13:22:42 
564.10 100.0  06.3 100.0  06.3 1.16E-04 000.6 122.6 -76.4 0.047533 0.104045 0.007945 hargrave 2020-01-25 17:17:18 
564.00 291.9  26.4 291.9  26.4 5.76E-05 000.7 179.1  64.6 0.031339 0.060433 0.032780 hargrave 2020-01-26 15:04:23 
566.00 293.2  26.9 293.2  26.9 5.80E-05 000.7 176.5  64.0 0.032408 0.061990 0.035345 hargrave 2020-01-26 18:20:13 
562.20 099.5  03.7 099.5  03.7 1.14E-04 000.5 111.5 -77.1 0.068542 0.076727 0.008116 hargrave 2020-01-27 11:38:11 
566.10 099.8  02.9 099.8  02.9 1.27E-04 000.3 108.5 -77.6 0.023450 0.067390 0.012155 hargrave 2020-01-27 15:25:27 
570.10 104.1  00.3 104.1  00.3 1.50E-04 000.3 100.1 -82.4 0.052457 0.060858 0.022414 hargrave 2020-01-28 11:43:00 
570.00 291.8  29.1 291.8  29.1 3.25E-05 000.8 179.4  61.9 0.025657 0.037065 0.016417 hargrave 2020-01-28 17:44:00 
575.00 295.5  28.6 295.5  28.6 3.01E-05 000.8 172.5  62.2 0.021066 0.037641 0.014837 hargrave 2020-01-29 11:15:16 
566.20 101.7  00.5 101.7  00.5 1.51E-04 000.4 098.5 -80.1 0.047108 0.083677 0.041278 hargrave 2020-01-29 15:01:41 
575.10 103.7 -03.7 103.7 -03.7 1.59E-04 000.5 070.5 -81.8 0.101407 0.094849 0.031434 hargrave 2020-01-30 11:39:17 
580.10 106.1 -02.8 106.1 -02.8 1.63E-04 000.4 072.0 -84.3 0.109649 0.065179 0.043759 hargrave 2020-01-30 15:31:00 
580.00 294.1  28.3 294.1  28.3 2.35E-05 000.8 175.1  62.6 0.016199 0.028274 0.012078 hargrave 2020-01-31 11:14:00 
585.00 294.2  28.4 294.2  28.4 2.17E-05 000.8 174.8  62.4 0.015630 0.027010 0.011244 hargrave 2020-01-31 14:49:39 
575.20 103.3 -03.7 103.3 -03.7 1.67E-04 000.4 071.7 -81.4 0.076124 0.109548 0.031236 hargrave 2020-01-31 18:43:17 
585.10 106.2 -02.8 106.2 -02.8 1.67E-04 000.3 071.2 -84.4 0.053065 0.063992 0.032721 hargrave 2020-02-01 13:36:40 
