AX11- 1a sun compass orientation
      0   5.7  68.0   0.0   0.0   1.0
NRM    280.5  23.5 280.5  23.5 4.59E-04 000.4 109.6  85.3 0.243468 0.166631 0.180371 hargrave 2019-12-20 12:09:55 
100.00 281.9  23.5 281.9  23.5 4.59E-04 000.4 105.7  84.1 0.259541 0.125777 0.148523 hargrave 2019-12-21 13:31:10 
100.10 281.4  22.7 281.4  22.7 4.59E-04 000.4 099.0  84.7 0.250451 0.164705 0.150142 hargrave 2019-12-22 13:47:27 
200.10 280.4  21.6 280.4  21.6 4.53E-04 000.4 085.1  85.6 0.245442 0.178071 0.138059 hargrave 2019-12-23 12:29:31 
200.00 280.7  21.5 280.7  21.5 4.57E-04 000.3 084.8  85.4 0.224321 0.153078 0.073784 hargrave 2019-12-24 13:26:21 
300.00 281.3  22.1 281.3  22.1 4.49E-04 000.4 092.5  84.8 0.241839 0.138100 0.074390 hargrave 2019-12-25 13:52:52 
100.20 280.8  21.6 280.8  21.6 4.48E-04 000.3 085.8  85.3 0.215219 0.142642 0.036560 hargrave 2019-12-26 12:31:22 
300.10 281.8  21.8 281.8  21.8 4.41E-04 000.4 088.8  84.3 0.257140 0.168808 0.032948 hargrave 2019-12-26 16:27:52 
400.10 281.6  21.2 281.6  21.2 4.10E-04 000.4 082.4  84.5 0.212621 0.158982 0.020167 hargrave 2019-12-27 14:04:27 
400.00 280.9  20.5 280.9  20.5 4.24E-04 000.4 074.2  84.9 0.223483 0.155668 0.016806 hargrave 2019-12-28 14:03:54 
425.00 281.0  20.3 281.0  20.3 4.20E-04 000.4 071.9  84.7 0.230973 0.182186 0.050961 hargrave 2019-12-29 12:38:11 
300.20 280.7  20.7 280.7  20.7 4.12E-04 000.4 075.7  85.2 0.212126 0.165232 0.014488 hargrave 2019-12-29 16:44:35 
425.10 279.8  20.6 279.8  20.6 4.00E-04 000.4 070.0  85.9 0.178918 0.172110 0.030550 hargrave 2019-12-30 12:36:29 
450.10 280.1  21.7 280.1  21.7 3.89E-04 000.5 086.7  85.9 0.233693 0.199333 0.053749 hargrave 2019-12-30 17:46:16 
450.00 276.6  19.2 276.6  19.2 4.06E-04 000.3 017.5  87.0 0.192043 0.153923 0.057332 hargrave 2019-12-31 18:54:16 
475.00 279.7  21.4 279.7  21.4 3.98E-04 000.4 081.7  86.3 0.237572 0.165387 0.059960 hargrave 2020-01-01 11:36:58 
425.20 279.8  21.8 279.8  21.8 3.81E-04 000.4 087.6  86.2 0.224083 0.164678 0.048894 hargrave 2020-01-01 15:18:36 
475.10 280.0  22.0 280.0  22.0 3.65E-04 000.4 090.9  86.0 0.202384 0.141906 0.055222 hargrave 2020-01-02 10:42:39 
500.10 299.2  03.5 299.2  03.5 3.38E-04 000.4 081.7  86.5 0.169305 0.125823 0.082860 hargrave 2020-01-02 14:58:19 
500.00 299.6  04.5 299.6  04.5 3.70E-04 000.3 097.7  86.0 0.189482 0.114261 0.070271 hargrave 2020-01-03 12:36:10 
520.00 280.7  23.2 280.7  23.2 3.51E-04 000.4 105.6  85.3 0.204575 0.117223 0.061745 hargrave 2020-01-03 17:02:52 
475.20 281.0  22.9 281.0  22.9 3.23E-04 000.4 101.0  85.0 0.172149 0.102648 0.086640 hargrave 2020-01-14 13:12:26 
520.10 280.3  21.6 280.3  21.6 2.80E-04 000.4 085.4  85.7 0.167205 0.120195 0.064777 hargrave 2020-01-18 12:14:22 
530.10 280.9  22.0 280.9  22.0 2.49E-04 000.4 090.6  85.2 0.145433 0.110439 0.048265 hargrave 2020-01-18 16:05:24 
530.00 279.7  22.1 279.7  22.1 3.05E-04 000.4 091.8  86.3 0.168914 0.130700 0.038875 hargrave 2020-01-19 12:21:38 
540.00 280.0  22.2 280.0  22.2 2.67E-04 000.4 093.8  86.0 0.146091 0.124159 0.036539 hargrave 2020-01-19 15:51:47 
520.20 281.5  22.0 281.5  22.0 2.13E-04 000.4 091.2  84.6 0.126800 0.099870 0.040617 hargrave 2020-01-20 12:27:34 
540.10 283.4  22.9 283.4  22.9 1.75E-04 000.5 098.4  82.8 0.108350 0.088561 0.036793 hargrave 2020-01-20 16:28:02 
550.10 293.4  21.9 293.4  21.9 8.95E-05 000.5 093.1  73.6 0.064959 0.038068 0.028685 hargrave 2020-01-21 10:25:08 
550.00 281.1  22.3 281.1  22.3 1.93E-04 000.5 094.7  85.0 0.112611 0.112670 0.033162 hargrave 2020-01-21 13:54:05 
555.00 281.2  22.7 281.2  22.7 1.64E-04 000.5 099.1  84.8 0.094187 0.102848 0.028031 hargrave 2020-01-21 17:28:23 
540.20 291.5  25.0 291.5  25.0 7.36E-05 000.5 104.7  75.2 0.042474 0.046355 0.020202 hargrave 2020-01-22 12:27:01 
555.10 315.6  22.1 315.6  22.1 3.30E-05 000.7 098.0  53.1 0.028248 0.037951 0.018784 hargrave 2020-01-23 09:35:15 
560.10 071.3 -13.5 071.3 -13.5 4.79E-05 000.5 106.1 -65.3 0.014193 0.044531 0.011649 hargrave 2020-01-23 13:54:57 
560.00 282.2  24.1 282.2  24.1 1.04E-04 000.4 110.4  83.6 0.055455 0.054514 0.016896 hargrave 2020-01-24 08:50:37 
562.00 282.4  23.7 282.4  23.7 1.03E-04 000.4 106.5  83.6 0.056071 0.054739 0.018107 hargrave 2020-01-24 12:39:28 
555.20 070.8 -13.3 070.8 -13.3 4.37E-05 000.5 105.9 -64.7 0.009686 0.038538 0.007836 hargrave 2020-01-24 16:35:36 
562.10 083.0 -17.3 083.0 -17.3 7.94E-05 000.4 109.3 -77.1 0.027001 0.042394 0.007564 hargrave 2020-01-25 12:23:04 
564.10 084.6 -21.2 084.6 -21.2 9.78E-05 000.3 092.6 -79.6 0.030480 0.044881 0.009217 hargrave 2020-01-25 16:19:00 
564.00 283.3  24.1 283.3  24.1 7.09E-05 000.4 108.1  82.7 0.038199 0.039390 0.014032 hargrave 2020-01-26 14:14:16 
566.00 283.2  23.9 283.2  23.9 7.07E-05 000.4 106.4  82.8 0.038302 0.039275 0.014276 hargrave 2020-01-26 17:29:56 
562.20 083.2 -19.8 083.2 -19.8 9.64E-05 000.4 098.2 -78.1 0.024231 0.064843 0.005291 hargrave 2020-01-27 10:39:31 
566.10 084.7 -19.4 084.7 -19.4 1.12E-04 000.3 102.2 -79.3 0.035013 0.058513 0.006620 hargrave 2020-01-27 14:25:42 
570.10 091.1 -20.8 091.1 -20.8 1.48E-04 000.3 104.9 -85.6 0.059934 0.062129 0.010796 hargrave 2020-01-28 10:43:19 
570.00 282.8  25.9 282.8  25.9 3.96E-05 000.4 122.2  82.4 0.018152 0.023170 0.011782 hargrave 2020-01-28 16:52:52 
575.00 282.9  26.3 282.9  26.3 3.74E-05 000.4 124.4  82.1 0.015958 0.021825 0.010465 hargrave 2020-01-29 10:25:11 
566.20 090.3 -18.9 090.3 -18.9 1.46E-04 000.3 121.1 -84.1 0.062531 0.059702 0.020294 hargrave 2020-01-29 14:01:42 
575.10 090.8 -22.6 090.8 -22.6 1.57E-04 000.3 081.4 -85.4 0.052208 0.067824 0.012633 hargrave 2020-01-30 10:37:30 
580.10 091.3 -21.4 091.3 -21.4 1.66E-04 000.3 097.6 -85.9 0.063794 0.067904 0.016537 hargrave 2020-01-30 14:30:56 
580.00 281.4  25.8 281.4  25.8 2.66E-05 000.4 127.7  83.6 0.011918 0.014899 0.008628 hargrave 2020-01-31 10:24:29 
585.00 282.7  26.8 282.7  26.8 2.56E-05 000.5 128.1  82.0 0.011499 0.017938 0.008928 hargrave 2020-01-31 13:58:44 
575.20 089.1 -19.7 089.1 -19.7 1.69E-04 000.3 109.0 -83.5 0.060991 0.069026 0.015654 hargrave 2020-01-31 17:45:16 
585.10 089.6 -20.5 089.6 -20.5 1.73E-04 000.3 103.9 -84.1 0.057233 0.064323 0.012745 hargrave 2020-02-01 12:36:35 
