AX11- 2a sun compass orientation
      0  25.7  86.0   0.0   0.0   1.0
NRM    279.4  24.0 279.4  24.0 4.71E-04 000.3 216.7  64.6 0.118294 0.225351 0.095838 hargrave 2019-12-20 12:12:12 
100.00 280.7  24.4 280.7  24.4 4.70E-04 000.3 214.0  65.0 0.049453 0.192607 0.104765 hargrave 2019-12-21 13:32:37 
100.10 280.7  23.9 280.7  23.9 4.69E-04 000.4 214.8  65.4 0.106104 0.281982 0.124415 hargrave 2019-12-22 13:48:58 
200.10 281.0  24.0 281.0  24.0 4.63E-04 000.4 214.0  65.5 0.132955 0.259335 0.123572 hargrave 2019-12-23 12:31:49 
200.00 281.3  23.8 281.3  23.8 4.67E-04 000.3 213.7  65.8 0.047471 0.208602 0.117072 hargrave 2019-12-24 13:27:47 
300.00 280.1  22.5 280.1  22.5 4.58E-04 000.3 217.7  66.1 0.073482 0.214438 0.127611 hargrave 2019-12-25 13:54:15 
100.20 278.7  20.8 278.7  20.8 4.56E-04 000.4 223.1  66.5 0.130432 0.212313 0.158609 hargrave 2019-12-26 12:33:34 
300.10 280.0  22.5 280.0  22.5 4.47E-04 000.3 218.1  66.1 0.102536 0.197959 0.151345 hargrave 2019-12-26 16:29:15 
400.10 279.3  23.3 279.3  23.3 4.08E-04 000.3 218.0  65.0 0.087035 0.182739 0.132879 hargrave 2019-12-27 14:05:50 
400.00 278.2  20.3 278.2  20.3 4.25E-04 000.3 224.7  66.4 0.079018 0.164991 0.164188 hargrave 2019-12-28 14:05:20 
425.00 279.5  21.6 279.5  21.6 4.19E-04 000.3 220.4  66.4 0.130123 0.162786 0.154509 hargrave 2019-12-29 12:39:36 
300.20 278.7  21.8 278.7  21.8 4.09E-04 000.4 221.3  65.7 0.147887 0.175848 0.176325 hargrave 2019-12-29 16:45:58 
425.10 276.4  20.8 276.4  20.8 3.95E-04 000.3 226.6  64.8 0.118260 0.151548 0.167883 hargrave 2019-12-30 12:37:52 
450.10 277.0  22.8 277.0  22.8 3.82E-04 000.4 222.2  63.9 0.084826 0.218857 0.157871 hargrave 2019-12-30 17:47:23 
450.00 277.8  20.7 277.8  20.7 4.03E-04 000.4 224.6  65.9 0.158653 0.134130 0.207101 hargrave 2019-12-31 18:55:41 
475.00 278.2  21.8 278.2  21.8 3.96E-04 000.3 222.2  65.4 0.144444 0.112872 0.154989 hargrave 2020-01-01 11:38:21 
425.20 275.1  21.4 275.1  21.4 3.73E-04 000.3 227.2  63.5 0.115739 0.150270 0.146197 hargrave 2020-01-01 15:19:59 
475.10 274.8  22.8 274.8  22.8 3.55E-04 000.3 225.1  62.4 0.085798 0.139957 0.129065 hargrave 2020-01-02 10:44:04 
500.10 306.1  66.9 306.1  66.9 3.23E-04 000.4 223.0  61.5 0.086685 0.152847 0.120547 hargrave 2020-01-02 14:55:26 
500.00 314.0  66.3 314.0  66.3 3.63E-04 000.3 224.4  64.6 0.072865 0.129039 0.094465 hargrave 2020-01-03 12:33:22 
520.00 275.7  19.9 275.7  19.9 3.37E-04 000.3 229.1  64.9 0.043012 0.172238 0.083859 hargrave 2020-01-03 17:04:15 
475.20 274.5  23.2 274.5  23.2 3.02E-04 000.3 224.8  61.9 0.020456 0.112649 0.085023 hargrave 2020-01-14 13:13:46 
520.10 271.1  23.7 271.1  23.7 2.59E-04 000.5 228.1  59.1 0.114206 0.087910 0.167989 hargrave 2020-01-18 12:15:42 
530.10 270.6  26.5 270.6  26.5 2.31E-04 000.4 224.3  57.1 0.097519 0.083484 0.128270 hargrave 2020-01-18 16:06:44 
530.00 276.2  20.8 276.2  20.8 2.94E-04 000.4 226.7  64.6 0.114634 0.096600 0.138169 hargrave 2020-01-19 12:23:01 
540.00 276.0  20.5 276.0  20.5 2.57E-04 000.3 227.6  64.7 0.074076 0.058277 0.127931 hargrave 2020-01-19 15:53:10 
520.20 272.3  28.0 272.3  28.0 1.97E-04 000.4 220.4  57.2 0.059001 0.061949 0.112241 hargrave 2020-01-20 12:28:55 
540.10 267.6  32.1 267.6  32.1 1.64E-04 000.5 219.9  51.5 0.079326 0.051578 0.109928 hargrave 2020-01-20 16:29:26 
550.10 258.5  48.1 258.5  48.1 8.79E-05 000.7 209.8  35.7 0.056841 0.069159 0.069040 hargrave 2020-01-21 10:26:29 
550.00 277.6  23.4 277.6  23.4 1.86E-04 000.4 220.4  63.9 0.057844 0.073949 0.091979 hargrave 2020-01-21 13:55:28 
555.00 278.8  23.1 278.8  23.1 1.58E-04 000.4 219.0  64.9 0.078086 0.047392 0.077725 hargrave 2020-01-21 17:29:45 
540.20 258.0  51.4 258.0  51.4 7.38E-05 000.7 207.1  33.1 0.034956 0.064668 0.061900 hargrave 2020-01-22 12:28:22 
555.10 197.0  64.5 197.0  64.5 5.81E-05 000.9 205.2 -00.1 0.040750 0.061333 0.058192 hargrave 2020-01-23 09:36:35 
560.10 121.4  32.7 121.4  32.7 7.14E-05 000.5 188.0 -52.9 0.045238 0.038912 0.023016 hargrave 2020-01-23 13:56:18 
560.00 279.7  24.1 279.7  24.1 1.03E-04 000.5 216.0  64.6 0.062392 0.041413 0.050109 hargrave 2020-01-24 08:51:58 
562.00 280.4  24.5 280.4  24.5 1.03E-04 000.5 214.2  64.8 0.065155 0.042206 0.052670 hargrave 2020-01-24 12:40:48 
555.20 123.6  31.6 123.6  31.6 6.71E-05 000.7 191.4 -53.6 0.053206 0.057417 0.022277 hargrave 2020-01-24 16:36:57 
562.10 117.0  19.7 117.0  19.7 9.04E-05 000.5 183.1 -66.2 0.050298 0.056166 0.016199 hargrave 2020-01-25 12:24:26 
564.10 115.0  13.4 115.0  13.4 1.04E-04 000.5 177.7 -72.6 0.045183 0.072314 0.009484 hargrave 2020-01-25 16:20:22 
564.00 280.8  26.3 280.8  26.3 7.58E-05 000.5 211.2  63.6 0.045016 0.035736 0.039164 hargrave 2020-01-26 14:15:37 
566.00 282.4  27.0 282.4  27.0 7.54E-05 000.5 207.6  63.8 0.046956 0.039874 0.039059 hargrave 2020-01-26 17:31:18 
562.20 112.0  13.0 112.0  13.0 1.03E-04 000.4 167.8 -72.6 0.049711 0.048905 0.010137 hargrave 2020-01-27 10:40:52 
566.10 111.2  09.3 111.2  09.3 1.15E-04 000.3 161.3 -76.0 0.046310 0.032673 0.006429 hargrave 2020-01-27 14:27:04 
570.10 112.5  04.3 112.5  04.3 1.50E-04 000.4 159.0 -81.1 0.087467 0.047131 0.015722 hargrave 2020-01-28 10:44:40 
570.00 283.6  29.7 283.6  29.7 4.32E-05 001.0 202.7  61.9 0.062087 0.038589 0.026052 hargrave 2020-01-28 16:54:14 
575.00 281.4  27.2 281.4  27.2 4.19E-05 001.0 209.1  63.1 0.060634 0.039050 0.024788 hargrave 2020-01-29 10:26:32 
566.20 110.9  05.5 110.9  05.5 1.47E-04 000.3 153.1 -79.4 0.052578 0.059867 0.028360 hargrave 2020-01-29 14:03:05 
575.10 111.1  01.5 111.1  01.5 1.59E-04 000.4 140.1 -82.8 0.085392 0.078549 0.013442 hargrave 2020-01-30 10:38:52 
580.10 109.9  01.3 109.9  01.3 1.68E-04 000.4 132.2 -82.2 0.086044 0.096881 0.018361 hargrave 2020-01-30 14:32:19 
580.00 281.0  30.1 281.0  30.1 3.02E-05 000.6 206.4  60.4 0.031814 0.019575 0.021431 hargrave 2020-01-31 10:25:50 
585.00 282.0  28.2 282.0  28.2 2.78E-05 000.6 206.9  62.5 0.027193 0.017282 0.020583 hargrave 2020-01-31 14:00:05 
575.20 108.1  01.9 108.1  01.9 1.70E-04 000.5 127.4 -80.4 0.066037 0.125762 0.016722 hargrave 2020-01-31 17:46:40 
585.10 107.6  01.8 107.6  01.8 1.74E-04 000.5 125.4 -80.1 0.055909 0.133345 0.009019 hargrave 2020-02-01 12:37:57 
