AX12- 5a mag compass orientation (IGRF corrected)
      0  46.1  94.0   0.0   0.0   1.0
NRM    288.6  38.3 288.6  38.3 4.80E-04 000.4 208.5  40.6 0.094092 0.261484 0.234596 hargrave 2019-12-20 15:34:12 
100.00 284.3  34.8 284.3  34.8 4.79E-04 000.5 215.0  41.0 0.061436 0.304653 0.266477 hargrave 2019-12-22 11:14:18 
100.10 290.1  38.8 290.1  38.8 4.74E-04 000.4 206.9  40.9 0.033388 0.278830 0.249344 hargrave 2019-12-22 16:49:23 
200.10 288.7  37.6 288.7  37.6 4.59E-04 000.4 209.0  41.3 0.043602 0.207334 0.249924 hargrave 2019-12-23 15:45:56 
200.00 287.8  35.9 287.8  35.9 4.58E-04 000.5 211.2  42.1 0.045994 0.255315 0.276952 hargrave 2019-12-24 14:23:28 
300.00 289.9  37.4 289.9  37.4 4.53E-04 000.5 208.2  42.0 0.035684 0.282853 0.238208 hargrave 2019-12-25 14:50:32 
100.20 291.4  38.4 291.4  38.4 4.46E-04 000.4 206.1  41.9 0.073352 0.213795 0.270465 hargrave 2019-12-26 13:38:13 
300.10 287.8  36.4 287.8  36.4 4.40E-04 000.5 210.7  41.7 0.109663 0.217582 0.272731 hargrave 2019-12-26 17:34:01 
400.10 289.2  38.2 289.2  38.2 4.14E-04 000.5 208.1  41.0 0.099625 0.173411 0.273726 hargrave 2019-12-27 15:11:12 
400.00 288.8  37.7 288.8  37.7 4.13E-04 000.5 208.8  41.2 0.093859 0.256058 0.270948 hargrave 2019-12-28 15:00:25 
425.00 291.8  39.3 291.8  39.3 4.09E-04 000.5 205.1  41.3 0.135727 0.173922 0.277969 hargrave 2019-12-29 13:33:23 
300.20 288.8  38.0 288.8  38.0 4.05E-04 000.5 208.7  41.0 0.162418 0.150142 0.286736 hargrave 2019-12-29 17:50:31 
425.10 287.8  37.9 287.8  37.9 3.98E-04 000.5 209.5  40.5 0.153900 0.114921 0.288531 hargrave 2019-12-30 13:44:16 
450.10 288.9  39.2 288.9  39.2 3.90E-04 000.5 207.6  40.1 0.168725 0.117151 0.266954 hargrave 2019-12-30 19:59:59 
450.00 288.1  38.4 288.1  38.4 3.88E-04 000.5 208.9  40.3 0.181780 0.076030 0.326506 hargrave 2019-12-31 19:54:28 
475.00 289.3  39.2 289.3  39.2 3.86E-04 000.5 207.2  40.2 0.160024 0.132674 0.263653 hargrave 2020-01-01 12:35:53 
425.20 286.7  38.7 286.7  38.7 3.83E-04 000.4 209.7  39.4 0.156736 0.098234 0.252737 hargrave 2020-01-01 16:25:52 
475.10 287.9  40.4 287.9  40.4 3.77E-04 000.5 207.5  38.7 0.122956 0.165242 0.247002 hargrave 2020-01-02 11:49:44 
500.10 283.8  38.2 283.8  38.2 3.66E-04 000.4 212.3  38.3 0.126254 0.153869 0.216952 hargrave 2020-01-02 16:04:01 
500.00 288.4  39.7 288.4  39.7 3.68E-04 000.5 207.6  39.4 0.091149 0.222194 0.212707 hargrave 2020-01-03 13:31:54 
520.00 284.5  36.7 284.5  36.7 3.64E-04 000.4 213.1  39.8 0.062247 0.187316 0.200763 hargrave 2020-01-03 17:59:52 
475.20 284.4  37.9 284.4  37.9 3.61E-04 000.4 212.2  38.8 0.056591 0.144398 0.197659 hargrave 2020-01-14 14:19:11 
520.10 285.9  40.6 285.9  40.6 3.47E-04 000.6 208.8  37.6 0.182166 0.037458 0.306740 hargrave 2020-01-18 13:21:49 
530.10 287.0  42.2 287.0  42.2 3.34E-04 000.5 206.7  36.8 0.142400 0.095529 0.259449 hargrave 2020-01-18 17:12:59 
530.00 287.3  39.2 287.3  39.2 3.38E-04 000.5 208.8  39.3 0.143925 0.116802 0.259715 hargrave 2020-01-19 13:19:16 
540.00 285.2  38.4 285.2  38.4 2.98E-04 000.5 211.2  38.9 0.126338 0.102457 0.224672 hargrave 2020-01-19 16:48:39 
520.20 284.6  42.0 284.6  42.0 2.91E-04 000.5 208.6  35.8 0.115206 0.082314 0.223233 hargrave 2020-01-20 13:33:30 
540.10 273.6  45.4 273.6  45.4 2.50E-04 000.5 212.4  27.8 0.091660 0.067767 0.211568 hargrave 2020-01-20 17:34:15 
550.10 249.2  57.8 249.2  57.8 1.71E-04 000.6 209.7  08.6 0.038183 0.077139 0.143055 hargrave 2020-01-21 11:31:03 
550.00 281.5  40.9 281.5  40.9 2.05E-04 000.5 211.7  35.1 0.081499 0.060008 0.159959 hargrave 2020-01-21 14:50:57 
555.00 282.7  39.8 282.7  39.8 1.66E-04 000.6 211.7  36.5 0.093716 0.087365 0.130899 hargrave 2020-01-21 18:25:25 
540.20 243.0  58.1 243.0  58.1 1.33E-04 000.6 210.5  05.4 0.095396 0.054234 0.093560 hargrave 2020-01-22 13:33:04 
555.10 188.6  55.5 188.6  55.5 1.39E-04 000.4 209.4 -23.6 0.044056 0.033396 0.104813 hargrave 2020-01-23 10:41:58 
560.10 158.9  36.5 158.9  36.5 1.51E-04 000.4 209.8 -51.3 0.042486 0.081970 0.067655 hargrave 2020-01-23 15:06:43 
560.00 280.8  42.4 280.8  42.4 9.83E-05 000.6 210.9  33.7 0.052970 0.056387 0.080022 hargrave 2020-01-24 09:48:37 
562.00 280.4  41.8 280.4  41.8 9.73E-05 000.7 211.6  33.9 0.066735 0.056256 0.081696 hargrave 2020-01-24 13:35:58 
555.20 152.9  31.5 152.9  31.5 1.61E-04 000.5 207.9 -58.3 0.075680 0.092389 0.068300 hargrave 2020-01-24 17:43:09 
562.10 144.0  20.8 144.0  20.8 1.82E-04 000.5 204.1 -71.5 0.113599 0.096705 0.055916 hargrave 2020-01-25 13:31:36 
564.10 141.4  16.0 141.4  16.0 2.05E-04 000.5 203.1 -76.9 0.136452 0.109612 0.043570 hargrave 2020-01-25 17:26:15 
564.00 276.6  40.6 276.6  40.6 5.65E-05 000.8 215.0  32.6 0.035524 0.048066 0.050657 hargrave 2020-01-26 15:11:10 
566.00 281.9  44.1 281.9  44.1 5.66E-05 000.9 208.8  33.0 0.079374 0.054636 0.049478 hargrave 2020-01-26 18:27:01 
562.20 140.0  13.2 140.0  13.2 2.21E-04 000.4 202.7 -80.0 0.127109 0.110460 0.045970 hargrave 2020-01-27 11:47:06 
566.10 140.9  10.2 140.9  10.2 2.40E-04 000.5 217.5 -82.2 0.151460 0.132280 0.062185 hargrave 2020-01-27 15:34:31 
570.10 138.6  07.7 138.6  07.7 2.81E-04 000.5 213.5 -85.6 0.152001 0.175624 0.071824 hargrave 2020-01-28 11:52:47 
570.00 267.7  47.9 267.7  47.9 2.09E-05 002.0 213.0  23.1 0.061592 0.044313 0.030449 hargrave 2020-01-28 17:50:50 
575.00 272.7  44.4 272.7  44.4 2.10E-05 001.1 213.8  28.0 0.046694 0.013016 0.030349 hargrave 2020-01-29 11:22:04 
566.20 135.3  04.4 135.3  04.4 2.95E-04 000.4 118.4 -89.1 0.145673 0.144338 0.119676 hargrave 2020-01-29 15:11:30 
575.10 137.2  01.7 137.2  01.7 3.10E-04 000.5 334.0 -87.4 0.166262 0.218186 0.099659 hargrave 2020-01-30 11:49:02 
580.10 136.3  04.9 136.3  04.9 3.26E-04 000.4 190.1 -89.0 0.176085 0.169284 0.088296 hargrave 2020-01-30 15:40:46 
580.00 268.4  48.1 268.4  48.1 1.47E-05 001.2 212.6  23.4 0.033611 0.010343 0.025903 hargrave 2020-01-31 11:20:51 
585.00 276.7  49.9 276.7  49.9 1.38E-05 001.3 207.1  26.3 0.031711 0.014813 0.025031 hargrave 2020-01-31 14:56:28 
575.20 134.8  04.6 134.8  04.6 3.49E-04 000.4 115.2 -88.6 0.171590 0.168702 0.093350 hargrave 2020-01-31 18:52:56 
585.10 135.7  06.2 135.7  06.2 3.63E-04 000.4 170.7 -87.8 0.202302 0.180209 0.096368 hargrave 2020-02-01 13:46:22 
