AX12- 4a mag compass orientation (IGRF corrected)
      0  46.1  96.0   0.0   0.0   1.0
NRM    290.3  34.9 290.3  34.9 4.83E-04 000.3 208.9  42.4 0.114120 0.215337 0.197691 hargrave 2019-12-20 12:20:20 
100.00 291.2  35.3 291.2  35.3 4.81E-04 000.4 207.8  42.5 0.102691 0.274523 0.207845 hargrave 2019-12-21 13:38:58 
100.10 289.3  34.0 289.3  34.0 4.80E-04 000.4 210.5  42.7 0.044842 0.277335 0.238417 hargrave 2019-12-22 13:55:03 
200.10 288.7  33.9 288.7  33.9 4.66E-04 000.5 211.2  42.4 0.053824 0.314654 0.244514 hargrave 2019-12-23 12:37:49 
200.00 287.5  31.4 287.5  31.4 4.67E-04 000.4 214.4  43.7 0.058478 0.231788 0.263202 hargrave 2019-12-24 13:33:39 
300.00 289.7  33.4 289.7  33.4 4.61E-04 000.5 210.7  43.3 0.105742 0.274894 0.273965 hargrave 2019-12-25 14:00:23 
100.20 288.3  32.2 288.3  32.2 4.61E-04 000.5 213.0  43.5 0.105013 0.251450 0.282001 hargrave 2019-12-26 12:39:26 
300.10 290.9  34.0 290.9  34.0 4.56E-04 000.6 209.1  43.5 0.152159 0.299633 0.316984 hargrave 2019-12-26 16:35:08 
400.10 287.1  33.1 287.1  33.1 4.35E-04 000.5 213.2  42.2 0.130951 0.245662 0.273150 hargrave 2019-12-27 14:11:42 
400.00 288.2  32.6 288.2  32.6 4.42E-04 000.6 212.7  43.1 0.144488 0.268709 0.298552 hargrave 2019-12-28 14:11:14 
425.00 287.6  32.1 287.6  32.1 4.37E-04 000.6 213.7  43.2 0.205441 0.250569 0.354885 hargrave 2019-12-29 12:46:43 
300.20 283.7  30.3 283.7  30.3 4.33E-04 000.7 218.7  42.3 0.275937 0.275973 0.384201 hargrave 2019-12-29 16:51:49 
425.10 287.1  34.1 287.1  34.1 4.26E-04 000.5 212.4  41.4 0.194248 0.194611 0.303044 hargrave 2019-12-30 12:43:49 
450.10 285.4  33.8 285.4  33.8 4.19E-04 000.6 214.1  40.7 0.248080 0.216163 0.327659 hargrave 2019-12-30 17:52:14 
450.00 287.9  33.8 287.9  33.8 4.24E-04 000.5 211.9  42.1 0.190925 0.147194 0.271514 hargrave 2020-01-01 09:29:41 
475.00 285.7  32.1 285.7  32.1 4.19E-04 000.5 215.3  42.2 0.182071 0.186114 0.244927 hargrave 2020-01-01 11:44:16 
425.20 284.8  33.6 284.8  33.6 4.11E-04 000.4 214.7  40.6 0.135380 0.163044 0.235215 hargrave 2020-01-01 15:25:52 
475.10 286.2  35.9 286.2  35.9 4.03E-04 000.4 211.6  39.6 0.116252 0.189948 0.223009 hargrave 2020-01-02 10:49:57 
500.10 282.6  35.1 282.6  35.1 3.90E-04 000.4 215.1  38.2 0.080427 0.189828 0.226795 hargrave 2020-01-02 15:04:12 
500.00 289.5  36.5 289.5  36.5 4.01E-04 000.4 208.3  40.7 0.058947 0.220535 0.210278 hargrave 2020-01-03 12:42:05 
520.00 286.6  33.8 286.6  33.8 3.96E-04 000.4 213.0  41.4 0.066632 0.233886 0.181513 hargrave 2020-01-03 17:10:07 
475.20 283.9  34.8 283.9  34.8 3.83E-04 000.4 214.3  39.2 0.037959 0.206238 0.196453 hargrave 2020-01-14 13:19:38 
520.10 281.4  35.7 281.4  35.7 3.66E-04 000.5 215.4  37.1 0.193776 0.077403 0.287131 hargrave 2020-01-18 12:21:32 
530.10 281.3  37.3 281.3  37.3 3.52E-04 000.5 214.1  35.8 0.166706 0.094853 0.253579 hargrave 2020-01-18 16:12:35 
530.00 286.2  34.6 286.2  34.6 3.70E-04 000.5 212.6  40.6 0.152340 0.104813 0.241865 hargrave 2020-01-19 12:28:50 
540.00 284.2  32.9 284.2  32.9 3.40E-04 000.5 215.8  40.7 0.153200 0.124456 0.226282 hargrave 2020-01-19 15:59:01 
520.20 277.5  34.6 277.5  34.6 3.18E-04 000.5 219.1  35.5 0.166598 0.116897 0.229871 hargrave 2020-01-20 12:34:46 
540.10 273.7  44.5 273.7  44.5 2.82E-04 000.6 212.6  26.7 0.143732 0.075770 0.223376 hargrave 2020-01-20 16:35:17 
550.10 249.9  52.6 249.9  52.6 2.09E-04 000.5 214.2  09.3 0.074902 0.076154 0.167120 hargrave 2020-01-21 10:32:20 
550.00 280.2  35.9 280.2  35.9 2.43E-04 000.5 216.1  36.3 0.126849 0.091218 0.174043 hargrave 2020-01-21 14:01:18 
555.00 282.8  34.6 282.8  34.6 2.11E-04 000.6 215.4  38.7 0.128162 0.061686 0.162380 hargrave 2020-01-21 17:35:38 
540.20 251.4  51.6 251.4  51.6 1.75E-04 000.5 214.8  10.5 0.063948 0.072901 0.139458 hargrave 2020-01-22 12:34:12 
555.10 214.9  57.2 214.9  57.2 1.73E-04 000.4 212.8 -11.1 0.027564 0.069587 0.123763 hargrave 2020-01-23 09:42:25 
560.10 175.5  48.0 175.5  48.0 1.71E-04 000.4 211.7 -36.3 0.042600 0.082796 0.090707 hargrave 2020-01-23 14:02:10 
560.00 283.4  37.5 283.4  37.5 1.37E-04 000.5 212.4  36.9 0.052881 0.074937 0.093713 hargrave 2020-01-24 08:57:53 
562.00 282.4  36.4 282.4  36.4 1.37E-04 000.6 214.1  37.2 0.046617 0.080694 0.095087 hargrave 2020-01-24 12:46:38 
555.20 173.6  39.2 173.6  39.2 1.60E-04 000.3 219.9 -42.7 0.045364 0.063257 0.076678 hargrave 2020-01-24 16:42:48 
562.10 163.5  36.7 163.5  36.7 1.87E-04 000.4 215.4 -50.4 0.069527 0.089362 0.080680 hargrave 2020-01-25 12:30:19 
564.10 154.9  26.2 154.9  26.2 2.00E-04 000.4 219.5 -62.9 0.089251 0.081321 0.059980 hargrave 2020-01-25 16:26:13 
564.00 280.9  37.4 280.9  37.4 8.55E-05 000.6 214.2  35.6 0.042978 0.048491 0.061933 hargrave 2020-01-26 14:21:29 
566.00 279.3  35.7 279.3  35.7 8.61E-05 000.7 216.9  35.8 0.078028 0.044213 0.063070 hargrave 2020-01-26 17:37:11 
562.20 148.6  29.1 148.6  29.1 2.04E-04 000.5 205.6 -64.0 0.113183 0.099584 0.064688 hargrave 2020-01-27 10:46:41 
566.10 152.8  26.5 152.8  26.5 2.24E-04 000.5 216.0 -64.0 0.116627 0.115711 0.074633 hargrave 2020-01-27 14:32:58 
570.10 143.8  17.2 143.8  17.2 2.55E-04 000.4 213.4 -76.5 0.130008 0.126773 0.054514 hargrave 2020-01-28 10:51:18 
570.00 275.6  41.0 275.6  41.0 4.52E-05 000.8 214.5  30.2 0.053972 0.024835 0.041043 hargrave 2020-01-28 17:00:07 
575.00 275.7  36.8 275.7  36.8 4.55E-05 000.5 218.2  32.9 0.014919 0.020897 0.040462 hargrave 2020-01-29 10:32:22 
566.20 140.9  18.1 140.9  18.1 2.61E-04 000.4 200.8 -77.0 0.131942 0.129566 0.031081 hargrave 2020-01-29 14:09:46 
575.10 143.0  15.3 143.0  15.3 2.73E-04 000.4 215.5 -78.6 0.137431 0.090464 0.046844 hargrave 2020-01-30 10:45:33 
580.10 141.5  15.6 141.5  15.6 2.86E-04 000.4 208.4 -79.0 0.147236 0.138804 0.070041 hargrave 2020-01-30 14:39:04 
580.00 277.7  42.1 277.7  42.1 3.34E-05 001.2 212.3  30.5 0.036623 0.058927 0.032654 hargrave 2020-01-31 10:31:42 
585.00 278.5  38.6 278.5  38.6 3.14E-05 001.1 214.8  33.4 0.048480 0.040137 0.030538 hargrave 2020-01-31 14:05:56 
575.20 142.9  12.9 142.9  12.9 2.93E-04 000.4 223.7 -80.4 0.141714 0.140496 0.069660 hargrave 2020-01-31 17:52:33 
585.10 143.4  14.9 143.4  14.9 3.06E-04 000.4 218.1 -78.6 0.161160 0.121841 0.075250 hargrave 2020-02-01 12:44:41 
