AX12- 2a mag compass orientation (IGRF corrected)
      0  52.1  72.0   0.0   0.0   1.0
NRM    285.8  42.2 285.8  42.2 5.50E-04 000.3 223.9  50.8 0.103978 0.245864 0.226548 hargrave 2019-12-20 12:18:47 
100.00 286.8  43.1 286.8  43.1 5.49E-04 000.3 222.2  51.1 0.089346 0.220448 0.209987 hargrave 2019-12-21 13:37:29 
100.10 285.9  40.7 285.9  40.7 5.46E-04 000.4 226.1  51.5 0.022635 0.245575 0.245796 hargrave 2019-12-22 13:53:36 
200.10 286.3  41.3 286.3  41.3 5.34E-04 000.4 225.0  51.6 0.041781 0.256123 0.245284 hargrave 2019-12-23 12:36:21 
200.00 284.2  35.6 284.2  35.6 5.35E-04 000.5 234.6  52.2 0.115916 0.288016 0.326097 hargrave 2019-12-24 13:32:07 
300.00 287.2  41.3 287.2  41.3 5.30E-04 000.4 224.5  52.2 0.101062 0.269702 0.273944 hargrave 2019-12-25 13:58:47 
100.20 284.4  36.1 284.4  36.1 5.29E-04 000.5 233.8  52.2 0.143460 0.261936 0.346964 hargrave 2019-12-26 12:37:53 
300.10 286.3  40.6 286.3  40.6 5.24E-04 000.5 226.1  51.9 0.140995 0.272581 0.281976 hargrave 2019-12-26 16:33:36 
400.10 286.2  42.0 286.2  42.0 5.03E-04 000.4 224.0  51.2 0.164330 0.229297 0.278747 hargrave 2019-12-27 14:10:10 
400.00 284.9  38.3 284.9  38.3 5.08E-04 000.5 230.2  51.8 0.167769 0.264120 0.328098 hargrave 2019-12-28 14:09:42 
425.00 284.8  38.5 284.8  38.5 5.05E-04 000.5 229.8  51.6 0.193552 0.231197 0.310575 hargrave 2019-12-29 12:43:57 
300.20 285.5  41.3 285.5  41.3 5.01E-04 000.5 225.3  51.1 0.209974 0.203458 0.307196 hargrave 2019-12-29 16:50:17 
425.10 282.9  38.2 282.9  38.2 4.94E-04 000.5 231.2  50.4 0.242749 0.203837 0.314222 hargrave 2019-12-30 12:42:12 
450.10 281.7  37.5 281.7  37.5 4.87E-04 000.4 232.7  49.7 0.154861 0.171968 0.300899 hargrave 2019-12-30 17:50:59 
450.00 283.4  38.2 283.4  38.2 4.90E-04 000.4 230.9  50.7 0.201267 0.104664 0.335784 hargrave 2019-12-31 19:00:09 
475.00 282.8  37.3 282.8  37.3 4.87E-04 000.4 232.6  50.6 0.197850 0.166804 0.275123 hargrave 2020-01-01 11:42:43 
425.20 281.9  38.0 281.9  38.0 4.80E-04 000.3 231.9  49.7 0.124356 0.123493 0.259997 hargrave 2020-01-01 15:24:20 
475.10 282.1  40.4 282.1  40.4 4.72E-04 000.3 228.3  49.0 0.097847 0.148258 0.241876 hargrave 2020-01-02 10:48:24 
500.10 280.9  39.7 280.9  39.7 4.60E-04 000.3 229.7  48.4 0.064877 0.145212 0.232172 hargrave 2020-01-02 15:02:39 
500.00 282.1  37.8 282.1  37.8 4.71E-04 000.3 232.1  49.9 0.051548 0.198658 0.230650 hargrave 2020-01-03 12:40:33 
520.00 281.3  34.9 281.3  34.9 4.66E-04 000.4 236.6  50.1 0.079179 0.202742 0.230296 hargrave 2020-01-03 17:08:35 
475.20 281.9  40.7 281.9  40.7 4.56E-04 000.4 228.0  48.7 0.066670 0.227429 0.220420 hargrave 2020-01-14 13:18:06 
520.10 278.2  35.2 278.2  35.2 4.38E-04 000.6 237.2  47.6 0.329725 0.158993 0.327787 hargrave 2020-01-18 12:20:00 
530.10 278.5  40.1 278.5  40.1 4.22E-04 000.5 230.1  46.6 0.222149 0.123570 0.274826 hargrave 2020-01-18 16:11:04 
530.00 281.0  37.1 281.0  37.1 4.41E-04 000.5 233.5  49.3 0.264377 0.159044 0.289335 hargrave 2020-01-19 12:27:18 
540.00 280.7  36.1 280.7  36.1 3.87E-04 000.5 235.1  49.4 0.220358 0.111377 0.254219 hargrave 2020-01-19 15:57:29 
520.20 278.0  39.9 278.0  39.9 3.64E-04 000.5 230.5  46.3 0.200182 0.112951 0.236974 hargrave 2020-01-20 12:33:14 
540.10 269.1  42.7 269.1  42.7 2.98E-04 000.5 229.1  39.1 0.154129 0.085196 0.212387 hargrave 2020-01-20 16:33:45 
550.10 244.4  51.7 244.4  51.7 1.83E-04 000.6 220.6  21.6 0.112009 0.057481 0.144342 hargrave 2020-01-21 10:30:48 
550.00 278.6  39.8 278.6  39.8 2.61E-04 000.6 230.4  46.7 0.158284 0.102102 0.174956 hargrave 2020-01-21 13:59:46 
555.00 280.0  39.4 280.0  39.4 2.21E-04 000.6 230.6  47.9 0.136088 0.105724 0.148556 hargrave 2020-01-21 17:34:04 
540.20 242.8  40.5 242.8  40.5 1.53E-04 000.6 232.4  19.6 0.106552 0.059148 0.125563 hargrave 2020-01-22 12:32:40 
555.10 205.0  38.8 205.0  38.8 1.34E-04 000.4 224.5 -08.3 0.060604 0.062132 0.093890 hargrave 2020-01-23 09:40:53 
560.10 167.6  18.8 167.6  18.8 1.44E-04 000.4 215.5 -45.5 0.054730 0.083477 0.055195 hargrave 2020-01-23 14:00:38 
560.00 281.2  44.3 281.2  44.3 1.33E-04 000.6 223.2  46.9 0.061648 0.072593 0.091910 hargrave 2020-01-24 08:56:21 
562.00 280.3  41.8 280.3  41.8 1.33E-04 000.6 227.1  47.3 0.094633 0.045791 0.094255 hargrave 2020-01-24 12:45:06 
555.20 156.5  12.4 156.5  12.4 1.45E-04 000.4 206.0 -56.4 0.055018 0.078955 0.036842 hargrave 2020-01-24 16:41:16 
562.10 153.2  04.2 153.2  04.2 1.81E-04 000.3 207.2 -65.3 0.076401 0.060361 0.033192 hargrave 2020-01-25 12:28:46 
564.10 147.8 -04.3 147.8 -04.3 2.13E-04 000.4 202.9 -75.2 0.094628 0.115220 0.015491 hargrave 2020-01-25 16:24:41 
564.00 279.4  43.8 279.4  43.8 7.59E-05 000.7 224.7  45.9 0.055471 0.051279 0.059347 hargrave 2020-01-26 14:19:57 
566.00 278.3  39.4 278.3  39.4 7.63E-05 000.7 231.1  46.6 0.066772 0.040384 0.059087 hargrave 2020-01-26 17:35:38 
562.20 144.9 -04.7 144.9 -04.7 2.29E-04 000.4 192.2 -76.5 0.099725 0.107238 0.014131 hargrave 2020-01-27 10:45:09 
566.10 148.3 -03.1 148.3 -03.1 2.54E-04 000.4 202.9 -73.9 0.111562 0.131488 0.027661 hargrave 2020-01-27 14:31:26 
570.10 141.6 -11.4 141.6 -11.4 3.03E-04 000.3 175.9 -83.4 0.123204 0.108408 0.032078 hargrave 2020-01-28 10:48:57 
570.00 273.2  45.7 273.2  45.7 3.33E-05 001.3 224.3  41.1 0.059603 0.039149 0.033124 hargrave 2020-01-28 16:58:33 
575.00 275.6  43.7 275.6  43.7 3.27E-05 001.2 226.1  43.4 0.053562 0.040619 0.033328 hargrave 2020-01-29 10:30:50 
566.20 141.0 -11.3 141.0 -11.3 3.18E-04 000.4 170.5 -83.2 0.148761 0.159100 0.073649 hargrave 2020-01-29 14:07:24 
575.10 138.9 -12.1 138.9 -12.1 3.38E-04 000.4 151.8 -83.3 0.146115 0.161199 0.031141 hargrave 2020-01-30 10:43:10 
580.10 137.8 -12.6 137.8 -12.6 3.53E-04 000.4 142.0 -83.2 0.167659 0.170333 0.035634 hargrave 2020-01-30 14:36:39 
580.00 273.2  48.2 273.2  48.2 2.35E-05 000.9 221.2  40.3 0.044419 0.007825 0.011578 hargrave 2020-01-31 10:30:09 
585.00 274.5  48.7 274.5  48.7 2.33E-05 000.9 220.3  40.9 0.043927 0.007960 0.011806 hargrave 2020-01-31 14:04:24 
575.20 138.1 -14.1 138.1 -14.1 3.72E-04 000.4 134.5 -84.5 0.162241 0.169995 0.041206 hargrave 2020-01-31 17:51:01 
585.10 142.4 -11.0 142.4 -11.0 3.85E-04 000.4 182.1 -83.0 0.166712 0.181971 0.038818 hargrave 2020-02-01 12:42:20 
