AX12- 7a mag compass orientation (IGRF corrected)
      0  61.1  92.0   0.0   0.0   1.0
NRM    310.4  43.3 310.4  43.3 3.70E-04 000.4 199.9  41.0 0.087094 0.203743 0.177568 hargrave 2019-12-20 15:42:08 
100.00 309.4  42.0 309.4  42.0 3.71E-04 000.4 201.6  41.8 0.063875 0.226659 0.170137 hargrave 2019-12-22 11:19:27 
100.10 307.9  41.0 307.9  41.0 3.63E-04 000.5 203.6  42.1 0.123781 0.255798 0.191957 hargrave 2019-12-22 16:55:33 
200.10 310.5  41.9 310.5  41.9 3.48E-04 000.5 200.8  42.3 0.089118 0.206712 0.182139 hargrave 2019-12-23 15:51:16 
200.00 315.9  43.4 315.9  43.4 3.48E-04 000.5 195.0  42.6 0.080084 0.219462 0.175593 hargrave 2019-12-24 14:26:39 
300.00 308.5  40.3 308.5  40.3 3.43E-04 000.4 203.5  42.9 0.051453 0.199648 0.182557 hargrave 2019-12-25 14:53:44 
100.20 307.0  40.1 307.0  40.1 3.32E-04 000.6 205.1  42.5 0.122855 0.241692 0.203699 hargrave 2019-12-26 13:43:19 
300.10 315.5  43.5 315.5  43.5 3.30E-04 000.5 195.3  42.4 0.119935 0.181116 0.207302 hargrave 2019-12-26 17:38:14 
400.10 312.4  43.0 312.4  43.0 2.82E-04 000.5 198.4  42.0 0.114690 0.141728 0.177610 hargrave 2019-12-27 15:15:25 
400.00 311.3  42.3 311.3  42.3 2.83E-04 000.6 199.8  42.2 0.107539 0.191519 0.174597 hargrave 2019-12-28 15:03:36 
425.00 310.2  42.0 310.2  42.0 2.78E-04 000.5 201.0  42.1 0.123767 0.135127 0.177892 hargrave 2019-12-29 13:37:51 
300.20 308.1  41.7 308.1  41.7 2.78E-04 000.4 203.0  41.6 0.071542 0.092462 0.182470 hargrave 2019-12-29 17:54:46 
425.10 307.2  41.9 307.2  41.9 2.72E-04 000.4 203.6  41.1 0.069607 0.070421 0.198611 hargrave 2019-12-30 13:48:30 
450.10 307.2  40.9 307.2  40.9 2.62E-04 000.5 204.3  41.9 0.084753 0.084934 0.198273 hargrave 2019-12-30 20:04:13 
450.00 311.1  42.5 311.1  42.5 2.63E-04 000.5 199.8  42.0 0.093354 0.094200 0.219176 hargrave 2019-12-31 19:57:42 
475.00 311.0  42.6 311.0  42.6 2.61E-04 000.5 199.9  41.8 0.092746 0.124439 0.173109 hargrave 2020-01-01 12:39:06 
425.20 306.9  41.8 306.9  41.8 2.59E-04 000.4 203.9  41.0 0.069034 0.105152 0.166020 hargrave 2020-01-01 16:30:08 
475.10 307.1  43.1 307.1  43.1 2.50E-04 000.4 202.8  40.0 0.060342 0.113988 0.156488 hargrave 2020-01-02 11:53:57 
500.10 306.2  43.5 306.2  43.5 2.40E-04 000.4 203.2  39.3 0.048363 0.128279 0.150424 hargrave 2020-01-02 16:08:16 
500.00 309.4  43.4 309.4  43.4 2.43E-04 000.4 200.7  40.6 0.055634 0.135189 0.135760 hargrave 2020-01-03 13:35:06 
520.00 304.9  40.6 304.9  40.6 2.39E-04 000.5 206.4  41.1 0.039570 0.166655 0.127916 hargrave 2020-01-03 18:03:05 
475.20 304.9  42.3 304.9  42.3 2.36E-04 000.3 205.2  39.8 0.042090 0.100873 0.126514 hargrave 2020-01-14 14:23:25 
520.10 305.5  44.7 305.5  44.7 2.23E-04 000.5 202.9  38.0 0.087562 0.065750 0.198139 hargrave 2020-01-18 13:26:05 
530.10 309.0  47.3 309.0  47.3 2.14E-04 000.5 198.6  37.1 0.050249 0.098176 0.141753 hargrave 2020-01-18 17:17:15 
530.00 308.2  42.8 308.2  42.8 2.22E-04 000.5 202.1  40.7 0.098270 0.080110 0.164050 hargrave 2020-01-19 13:22:28 
540.00 305.2  41.2 305.2  41.2 2.05E-04 000.6 205.7  40.8 0.117718 0.110423 0.158063 hargrave 2020-01-19 16:51:51 
520.20 305.8  45.6 305.8  45.6 1.94E-04 000.5 202.1  37.4 0.047443 0.066243 0.146919 hargrave 2020-01-20 13:37:44 
540.10 301.7  53.6 301.7  53.6 1.73E-04 000.5 199.5  29.3 0.062175 0.051489 0.142005 hargrave 2020-01-20 17:38:29 
550.10 266.8  66.4 266.8  66.4 1.27E-04 000.6 201.3  08.1 0.078175 0.049714 0.105740 hargrave 2020-01-21 11:35:19 
550.00 301.5  46.4 301.5  46.4 1.52E-04 000.6 204.5  35.0 0.079228 0.090465 0.118515 hargrave 2020-01-21 14:54:08 
555.00 301.1  43.2 301.1  43.2 1.30E-04 000.7 207.3  37.4 0.076902 0.094549 0.103264 hargrave 2020-01-21 18:28:37 
540.20 259.9  67.7 259.9  67.7 1.01E-04 000.6 201.2  05.2 0.040443 0.064378 0.088477 hargrave 2020-01-22 13:37:19 
555.10 196.5  60.2 196.5  60.2 1.05E-04 000.4 202.5 -22.3 0.049441 0.029589 0.078014 hargrave 2020-01-23 10:46:59 
560.10 161.5  37.7 161.5  37.7 1.14E-04 000.4 193.8 -53.0 0.074653 0.030752 0.025618 hargrave 2020-01-23 15:12:17 
560.00 304.0  47.9 304.0  47.9 8.01E-05 000.7 201.8  34.8 0.036514 0.063703 0.063087 hargrave 2020-01-24 09:51:48 
562.00 303.6  46.0 303.6  46.0 8.05E-05 000.7 203.5  36.2 0.047280 0.063444 0.065737 hargrave 2020-01-24 13:39:08 
555.20 164.4  22.6 164.4  22.6 1.34E-04 000.4 211.0 -65.7 0.057429 0.060938 0.017529 hargrave 2020-01-24 17:47:25 
562.10 151.5  20.1 151.5  20.1 1.58E-04 000.8 181.1 -71.9 0.212768 0.090006 0.013353 hargrave 2020-01-25 13:35:50 
564.10 148.7  09.0 148.7  09.0 1.86E-04 000.4 160.9 -82.6 0.105577 0.069881 0.020775 hargrave 2020-01-25 17:30:29 
564.00 297.8  52.6 297.8  52.6 3.79E-05 000.8 202.4  28.7 0.040018 0.027930 0.035615 hargrave 2020-01-26 15:14:21 
566.00 295.5  48.5 295.5  48.5 3.90E-05 000.8 206.7  30.9 0.044792 0.022006 0.037383 hargrave 2020-01-26 18:30:12 
562.20 152.2  07.8 152.2  07.8 2.11E-04 000.4 190.4 -84.1 0.112609 0.100991 0.027133 hargrave 2020-01-27 11:51:21 
566.10 150.6  06.5 150.6  06.5 2.34E-04 000.5 173.9 -85.5 0.141864 0.133794 0.032906 hargrave 2020-01-27 15:38:49 
570.10 151.4  02.5 151.4  02.5 2.79E-04 000.4 212.7 -89.4 0.142852 0.147401 0.050096 hargrave 2020-01-28 11:57:04 
570.00 256.7  68.3 256.7  68.3 1.26E-05 001.2 201.0  03.8 0.033460 0.014530 0.008220 hargrave 2020-01-28 17:54:02 
575.00 283.2  66.4 283.2  66.4 1.13E-05 001.1 197.8  13.6 0.027809 0.013068 0.009085 hargrave 2020-01-29 11:25:16 
566.20 147.2  01.5 147.2  01.5 3.04E-04 000.4 083.4 -86.1 0.127536 0.161192 0.097521 hargrave 2020-01-29 15:15:45 
575.10 149.4 -00.8 149.4 -00.8 3.20E-04 000.5 031.3 -86.7 0.176649 0.179033 0.060500 hargrave 2020-01-30 11:53:19 
580.10 152.4  01.9 152.4  01.9 3.37E-04 000.4 274.1 -88.7 0.175247 0.179145 0.066326 hargrave 2020-01-30 15:45:04 
580.00 222.5  60.6 222.5  60.6 8.93E-06 001.3 208.3 -10.8 0.024214 0.007375 0.006216 hargrave 2020-01-31 11:24:04 
585.00 229.3  67.6 229.3  67.6 7.65E-06 001.3 202.1 -06.3 0.022447 0.008448 0.006644 hargrave 2020-01-31 14:59:40 
575.20 151.0  01.0 151.0  01.0 3.62E-04 000.4 007.7 -89.0 0.170436 0.200867 0.065128 hargrave 2020-01-31 18:57:08 
585.10 148.2  02.7 148.2  02.7 3.75E-04 000.4 103.5 -87.0 0.159959 0.177698 0.048991 hargrave 2020-02-01 13:50:41 
