AX13- 8a mag compass orientation (IGRF corrected)
      0 214.0  62.0   0.0   0.0   1.0
NRM    295.6  25.7 295.6  25.7 8.50E-04 000.6 170.7 -35.7 0.411406 0.322574 0.729402 hargrave 2019-12-20 15:50:49 
100.00 293.4  25.3 293.4  25.3 8.50E-04 000.6 168.1 -35.7 0.418606 0.382661 0.723845 hargrave 2019-12-22 11:23:59 
100.10 293.5  25.4 293.5  25.4 8.48E-04 000.6 168.2 -35.7 0.333791 0.335710 0.715602 hargrave 2019-12-22 17:01:41 
200.10 292.6  25.2 292.6  25.2 8.45E-04 000.5 167.3 -35.7 0.266831 0.324025 0.671073 hargrave 2019-12-23 15:57:25 
200.00 295.0  26.6 295.0  26.6 8.45E-04 000.6 170.2 -34.7 0.314394 0.435583 0.728468 hargrave 2019-12-24 14:33:51 
300.00 294.0  26.5 294.0  26.5 8.38E-04 000.6 169.1 -34.7 0.301363 0.465106 0.701924 hargrave 2019-12-25 15:00:56 
100.20 292.0  26.3 292.0  26.3 8.35E-04 000.6 167.0 -34.5 0.265096 0.562509 0.684755 hargrave 2019-12-26 13:52:03 
300.10 292.5  26.4 292.5  26.4 8.37E-04 000.6 167.5 -34.5 0.210665 0.538695 0.652922 hargrave 2019-12-26 17:46:57 
400.10 291.1  25.8 291.1  25.8 8.17E-04 000.5 165.8 -34.8 0.154008 0.427724 0.611902 hargrave 2019-12-27 15:24:08 
400.00 297.4  27.3 297.4  27.3 8.13E-04 000.5 172.9 -34.3 0.177579 0.504282 0.573288 hargrave 2019-12-28 15:10:47 
425.00 297.5  27.3 297.5  27.3 8.07E-04 000.5 173.0 -34.4 0.125614 0.460615 0.521029 hargrave 2019-12-29 13:42:54 
300.20 296.8  26.9 296.8  26.9 8.07E-04 000.4 172.2 -34.7 0.119455 0.342636 0.504473 hargrave 2019-12-29 18:03:29 
425.10 295.9  26.3 295.9  26.3 8.06E-04 000.4 171.1 -35.2 0.200122 0.254308 0.494579 hargrave 2019-12-30 13:57:13 
450.10 295.8  26.3 295.8  26.3 7.99E-04 000.4 171.0 -35.1 0.217356 0.279458 0.478396 hargrave 2019-12-30 20:10:48 
450.00 295.3  26.4 295.3  26.4 7.90E-04 000.4 170.5 -35.0 0.280374 0.212968 0.472744 hargrave 2019-12-31 20:04:14 
475.00 296.4  26.4 296.4  26.4 7.76E-04 000.5 171.6 -35.1 0.313533 0.342318 0.458380 hargrave 2020-01-01 12:46:19 
425.20 292.4  25.2 292.4  25.2 7.80E-04 000.4 167.0 -35.7 0.361718 0.205594 0.476997 hargrave 2020-01-01 16:39:46 
475.10 294.5  24.5 294.5  24.5 7.75E-04 000.5 169.3 -36.7 0.331120 0.331460 0.492718 hargrave 2020-01-02 12:02:44 
500.10 294.1  22.8 294.1  22.8 7.43E-04 000.5 168.4 -38.3 0.356714 0.105548 0.484511 hargrave 2020-01-02 16:17:02 
500.00 292.5  24.3 292.5  24.3 7.18E-04 000.5 166.9 -36.5 0.378427 0.249527 0.514277 hargrave 2020-01-03 13:42:16 
520.00 299.3  25.5 299.3  25.5 6.73E-04 000.6 174.8 -36.3 0.393325 0.253571 0.504097 hargrave 2020-01-03 18:10:20 
475.20 295.1  23.5 295.1  23.5 6.86E-04 000.6 169.6 -37.8 0.387758 0.138304 0.531986 hargrave 2020-01-14 14:32:11 
520.10 295.2  21.0 295.2  21.0 6.79E-04 000.4 169.2 -40.2 0.261045 0.335796 0.354571 hargrave 2020-01-18 13:34:04 
530.10 294.3  17.8 294.3  17.8 6.31E-04 000.4 167.2 -43.2 0.248966 0.316018 0.312655 hargrave 2020-01-18 17:26:00 
530.00 292.9  24.9 292.9  24.9 5.68E-04 000.5 167.5 -36.0 0.197754 0.294376 0.328716 hargrave 2020-01-19 13:29:39 
540.00 295.8  26.1 295.8  26.1 4.44E-04 000.5 171.0 -35.3 0.180651 0.229008 0.260727 hargrave 2020-01-19 16:59:02 
520.20 293.9  18.8 293.9  18.8 4.92E-04 000.5 167.0 -42.2 0.215869 0.238978 0.251560 hargrave 2020-01-20 13:46:28 
540.10 292.8  09.8 292.8  09.8 5.11E-04 000.5 162.4 -50.6 0.225913 0.277168 0.204678 hargrave 2020-01-20 17:47:15 
550.10 295.2 -00.9 295.2 -00.9 4.05E-04 000.4 161.4 -61.6 0.181879 0.215686 0.113340 hargrave 2020-01-21 11:44:04 
550.00 289.8  21.9 289.8  21.9 2.39E-04 000.5 163.1 -38.3 0.095674 0.136103 0.129665 hargrave 2020-01-21 15:01:19 
555.00 292.3  25.2 292.3  25.2 1.67E-04 000.6 166.9 -35.6 0.097176 0.125524 0.093951 hargrave 2020-01-21 18:35:47 
540.20 297.6 -01.5 297.6 -01.5 3.13E-04 000.5 165.8 -62.8 0.152683 0.187540 0.072851 hargrave 2020-01-22 13:46:05 
555.10 296.4 -07.4 296.4 -07.4 3.64E-04 000.4 159.4 -68.2 0.196848 0.183894 0.061539 hargrave 2020-01-23 10:55:43 
560.10 297.9 -10.2 297.9 -10.2 3.44E-04 000.4 161.0 -71.3 0.154513 0.158844 0.025630 hargrave 2020-01-23 15:18:56 
560.00 288.1  23.3 288.1  23.3 1.04E-04 000.6 161.8 -36.4 0.068294 0.077960 0.057891 hargrave 2020-01-24 09:59:01 
562.00 287.4  23.0 287.4  23.0 1.04E-04 000.8 160.9 -36.5 0.084860 0.105153 0.056686 hargrave 2020-01-24 13:46:16 
555.20 299.1 -13.5 299.1 -13.5 3.24E-04 000.5 161.6 -74.7 0.196434 0.190701 0.033225 hargrave 2020-01-24 17:55:23 
562.10 297.4 -13.2 297.4 -13.2 3.34E-04 000.5 156.0 -74.0 0.213237 0.193643 0.019330 hargrave 2020-01-25 13:43:49 
564.10 298.8 -15.7 298.8 -15.7 3.26E-04 000.5 157.7 -76.8 0.180292 0.184806 0.019998 hargrave 2020-01-25 17:38:27 
564.00 292.1  24.1 292.1  24.1 6.66E-05 000.7 166.4 -36.7 0.049807 0.063811 0.037321 hargrave 2020-01-26 15:21:32 
566.00 289.1  23.2 289.1  23.2 6.63E-05 000.7 162.8 -36.8 0.043446 0.065358 0.038054 hargrave 2020-01-26 18:37:23 
562.20 298.1 -17.1 298.1 -17.1 3.12E-04 000.5 152.2 -77.8 0.202990 0.161888 0.014257 hargrave 2020-01-27 12:00:12 
566.10 299.2 -18.5 299.2 -18.5 3.19E-04 000.4 154.4 -79.5 0.180068 0.174301 0.008264 hargrave 2020-01-27 15:47:40 
570.10 301.4 -22.1 301.4 -22.1 3.09E-04 000.4 157.5 -83.6 0.139230 0.138484 0.010959 hargrave 2020-01-28 12:06:42 
570.00 292.9  21.3 292.9  21.3 3.28E-05 001.4 166.5 -39.6 0.075201 0.051642 0.017861 hargrave 2020-01-28 18:01:16 
575.00 291.6  24.4 291.6  24.4 3.11E-05 001.4 165.9 -36.3 0.074163 0.054203 0.017890 hargrave 2020-01-29 11:32:27 
566.20 299.4 -21.9 299.4 -21.9 3.06E-04 000.4 144.7 -82.6 0.129392 0.145904 0.039659 hargrave 2020-01-29 15:24:32 
575.10 299.4 -25.7 299.4 -25.7 3.04E-04 000.5 117.6 -85.3 0.185905 0.195163 0.027170 hargrave 2020-01-30 12:02:12 
580.10 301.7 -23.7 301.7 -23.7 3.03E-04 000.4 153.7 -85.3 0.162017 0.151414 0.014890 hargrave 2020-01-30 15:53:56 
580.00 289.4  28.9 289.4  28.9 2.04E-05 002.0 165.1 -31.4 0.079195 0.058304 0.012655 hargrave 2020-01-31 11:31:18 
585.00 294.2  29.4 294.2  29.4 1.89E-05 002.3 170.0 -31.9 0.078604 0.059142 0.011877 hargrave 2020-01-31 15:06:05 
575.20 302.7 -22.3 302.7 -22.3 3.03E-04 000.4 167.9 -84.1 0.137128 0.135596 0.021116 hargrave 2020-01-31 19:05:50 
585.10 302.9 -23.0 302.9 -23.0 3.03E-04 000.4 168.4 -84.9 0.135858 0.135942 0.028569 hargrave 2020-02-01 13:59:26 
