AX13- 2a mag compass orientation (IGRF corrected)
      0 243.0  91.0   0.0   0.0   1.0
NRM    289.3  21.8 289.3  21.8 4.14E-04 000.5 119.2 -42.6 0.129038 0.161777 0.255297 hargrave 2019-12-20 12:21:49 
100.00 289.8  22.7 289.8  22.7 4.13E-04 000.6 120.6 -42.8 0.136776 0.260813 0.294839 hargrave 2019-12-21 13:40:29 
100.10 290.2  22.8 290.2  22.8 4.13E-04 000.6 121.0 -43.1 0.156413 0.296415 0.333223 hargrave 2019-12-22 13:56:33 
200.10 290.4  22.3 290.4  22.3 4.13E-04 000.6 120.5 -43.5 0.165596 0.281590 0.330247 hargrave 2019-12-23 12:39:20 
200.00 290.1  23.3 290.1  23.3 4.11E-04 000.6 121.5 -42.8 0.090955 0.268163 0.330355 hargrave 2019-12-24 13:35:27 
300.00 290.6  24.8 290.6  24.8 4.06E-04 000.7 123.7 -42.7 0.124300 0.321035 0.354389 hargrave 2019-12-25 14:02:15 
100.20 290.4  24.4 290.4  24.4 4.07E-04 000.6 123.1 -42.6 0.053902 0.260537 0.300700 hargrave 2019-12-26 12:41:13 
300.10 291.0  25.1 291.0  25.1 4.08E-04 000.6 124.2 -42.8 0.077270 0.317808 0.314738 hargrave 2019-12-26 16:36:56 
400.10 291.2  24.3 291.2  24.3 4.01E-04 000.5 123.4 -43.3 0.117835 0.216768 0.279917 hargrave 2019-12-27 14:13:30 
400.00 291.8  27.4 291.8  27.4 3.94E-04 000.6 127.5 -42.5 0.047045 0.306980 0.305994 hargrave 2019-12-28 14:13:02 
425.00 292.2  29.2 292.2  29.2 3.89E-04 000.5 129.9 -42.0 0.056633 0.241454 0.258564 hargrave 2019-12-29 12:48:30 
300.20 290.7  25.5 290.7  25.5 3.93E-04 000.4 124.6 -42.4 0.087469 0.190470 0.239425 hargrave 2019-12-29 16:53:36 
425.10 291.2  25.1 291.2  25.1 3.95E-04 000.4 124.4 -43.0 0.093198 0.110479 0.234275 hargrave 2019-12-30 12:45:40 
450.10 290.5  23.5 290.5  23.5 3.92E-04 000.5 121.9 -43.1 0.189053 0.188260 0.221749 hargrave 2019-12-30 17:55:14 
450.00 290.0  25.5 290.0  25.5 3.82E-04 000.4 124.3 -41.8 0.137350 0.119993 0.224921 hargrave 2019-12-31 19:03:31 
475.00 288.7  22.9 288.7  22.9 3.75E-04 000.4 120.4 -41.8 0.128910 0.137432 0.198784 hargrave 2020-01-01 11:46:04 
425.20 290.6  23.5 290.6  23.5 3.82E-04 000.3 122.1 -43.1 0.082278 0.112477 0.197318 hargrave 2020-01-01 15:27:44 
475.10 291.9  23.8 291.9  23.8 3.82E-04 000.4 123.0 -44.2 0.079118 0.136842 0.192784 hargrave 2020-01-02 10:51:46 
500.10 294.3  24.4 294.3  24.4 3.68E-04 000.4 125.2 -45.9 0.096714 0.133733 0.191928 hargrave 2020-01-02 15:05:59 
500.00 290.8  24.1 290.8  24.1 3.49E-04 000.4 123.0 -43.1 0.089644 0.116674 0.196158 hargrave 2020-01-03 12:43:53 
520.00 292.2  27.1 292.2  27.1 3.24E-04 000.4 127.3 -43.0 0.083107 0.137361 0.193873 hargrave 2020-01-03 17:11:54 
475.20 293.4  23.2 293.4  23.2 3.38E-04 000.5 123.1 -45.7 0.102387 0.174433 0.202491 hargrave 2020-01-14 13:21:25 
520.10 297.1  23.4 297.1  23.4 3.29E-04 000.5 125.6 -48.6 0.168568 0.159665 0.163353 hargrave 2020-01-18 12:23:22 
530.10 299.7  23.2 299.7  23.2 3.05E-04 000.5 127.0 -50.8 0.128753 0.167805 0.142484 hargrave 2020-01-18 16:14:24 
530.00 287.8  21.5 287.8  21.5 2.60E-04 000.5 118.3 -41.4 0.130416 0.107381 0.143960 hargrave 2020-01-19 12:30:38 
540.00 288.5  26.3 288.5  26.3 2.10E-04 000.4 124.5 -40.3 0.054984 0.095161 0.109156 hargrave 2020-01-19 16:00:50 
520.20 296.4  19.4 296.4  19.4 2.49E-04 000.5 119.6 -49.7 0.108056 0.141973 0.105706 hargrave 2020-01-20 12:36:34 
540.10 305.7  20.8 305.7  20.8 2.62E-04 000.4 128.5 -56.8 0.092776 0.115975 0.085084 hargrave 2020-01-20 16:37:05 
550.10 308.1  16.7 308.1  16.7 2.38E-04 000.5 124.0 -60.9 0.101569 0.161360 0.077109 hargrave 2020-01-21 10:34:08 
550.00 288.9  24.1 288.9  24.1 1.53E-04 000.5 122.0 -41.5 0.073264 0.097075 0.068734 hargrave 2020-01-21 14:03:08 
555.00 287.0  25.7 287.0  25.7 1.25E-04 000.5 123.2 -39.3 0.040788 0.087846 0.061645 hargrave 2020-01-21 17:37:26 
540.20 307.4  14.8 307.4  14.8 2.01E-04 000.4 120.0 -61.2 0.085241 0.120417 0.050692 hargrave 2020-01-22 12:36:00 
555.10 310.3  10.9 310.3  10.9 2.19E-04 000.5 114.6 -65.4 0.087202 0.137266 0.062795 hargrave 2020-01-23 09:44:13 
560.10 315.8  13.5 315.8  13.5 2.10E-04 000.4 127.0 -68.9 0.077311 0.115609 0.046540 hargrave 2020-01-23 14:03:58 
560.00 287.9  27.3 287.9  27.3 9.04E-05 000.5 125.4 -39.5 0.012885 0.071888 0.042462 hargrave 2020-01-24 08:59:44 
562.00 285.5  22.7 285.5  22.7 8.96E-05 000.5 118.9 -39.0 0.028349 0.066346 0.039358 hargrave 2020-01-24 12:48:26 
555.20 317.2  09.9 317.2  09.9 1.93E-04 000.5 120.2 -71.9 0.077806 0.132984 0.042582 hargrave 2020-01-24 16:44:36 
562.10 317.0  10.6 317.0  10.6 2.02E-04 000.5 121.8 -71.4 0.077332 0.142565 0.050664 hargrave 2020-01-25 12:32:08 
564.10 318.4  10.0 318.4  10.0 1.98E-04 000.5 122.1 -72.9 0.087101 0.130585 0.031528 hargrave 2020-01-25 16:28:02 
564.00 288.2  27.4 288.2  27.4 6.73E-05 000.6 125.7 -39.6 0.035938 0.062606 0.030060 hargrave 2020-01-26 14:23:18 
566.00 287.5  26.1 287.5  26.1 6.69E-05 000.6 123.8 -39.5 0.036466 0.066491 0.030318 hargrave 2020-01-26 17:39:00 
562.20 319.3  09.0 319.3  09.0 1.89E-04 000.5 120.8 -74.2 0.073230 0.129557 0.028130 hargrave 2020-01-27 10:48:29 
566.10 319.5  09.3 319.5  09.3 1.94E-04 000.5 122.1 -74.3 0.072851 0.135350 0.028090 hargrave 2020-01-27 14:34:46 
570.10 324.8  05.1 324.8  05.1 1.86E-04 000.5 116.7 -80.8 0.081962 0.141792 0.017713 hargrave 2020-01-28 10:53:07 
570.00 291.3  26.1 291.3  26.1 4.54E-05 000.4 125.6 -42.7 0.009612 0.031955 0.021115 hargrave 2020-01-28 17:01:54 
575.00 290.9  28.3 290.9  28.3 4.41E-05 000.5 128.1 -41.4 0.026914 0.033857 0.021194 hargrave 2020-01-29 10:34:10 
566.20 323.0  06.7 323.0  06.7 1.85E-04 000.4 120.0 -78.5 0.081592 0.120275 0.041439 hargrave 2020-01-29 14:11:35 
575.10 327.4  02.8 327.4  02.8 1.81E-04 000.3 107.6 -84.1 0.074924 0.082796 0.019548 hargrave 2020-01-30 10:47:21 
580.10 329.9  02.8 329.9  02.8 1.76E-04 000.4 119.6 -86.4 0.078495 0.080938 0.017242 hargrave 2020-01-30 14:40:53 
580.00 289.1  27.7 289.1  27.7 2.22E-05 001.0 126.5 -40.2 0.005533 0.038136 0.016265 hargrave 2020-01-31 10:33:30 
585.00 291.9  36.0 291.9  36.0 2.06E-05 001.2 137.4 -38.3 0.012408 0.039337 0.018555 hargrave 2020-01-31 14:07:45 
575.20 330.0  03.3 330.0  03.3 1.74E-04 000.4 127.7 -86.2 0.077980 0.075985 0.013350 hargrave 2020-01-31 17:54:21 
585.10 329.1  02.3 329.1  02.3 1.76E-04 000.3 107.8 -85.9 0.070905 0.080735 0.013988 hargrave 2020-02-01 12:46:29 
