AX15- 1a sun compass orientation
      0  34.0  85.0   0.0   0.0   1.0
NRM    279.9  49.0 279.9  49.0 2.62E-05 001.4 200.9  41.4 0.054532 0.043620 0.012827 hargrave 2019-12-20 12:31:11 
100.00 280.2  48.3 280.2  48.3 2.63E-05 002.3 201.2  42.2 0.084183 0.073329 0.013765 hargrave 2019-12-21 13:47:23 
100.10 284.5  49.4 284.5  49.4 2.63E-05 002.2 197.1  42.6 0.080234 0.073773 0.014110 hargrave 2019-12-22 14:03:10 
200.10 281.2  48.4 281.2  48.4 2.57E-05 001.9 200.4  42.5 0.091278 0.039869 0.013379 hargrave 2019-12-23 12:46:00 
200.00 283.4  48.5 283.4  48.5 2.59E-05 001.9 198.6  43.1 0.087919 0.043076 0.012353 hargrave 2019-12-24 13:42:05 
300.00 284.1  48.7 284.1  48.7 2.53E-05 002.0 198.0  43.2 0.088786 0.046286 0.012437 hargrave 2019-12-25 14:09:03 
100.20 280.8  47.6 280.8  47.6 2.54E-05 002.0 201.3  43.0 0.090599 0.044299 0.012164 hargrave 2019-12-26 12:47:48 
300.10 283.3  49.1 283.3  49.1 2.50E-05 002.0 198.3  42.5 0.088015 0.047963 0.013855 hargrave 2019-12-26 16:43:33 
400.10 282.9  50.3 282.9  50.3 2.27E-05 002.1 197.9  41.4 0.082754 0.047272 0.012814 hargrave 2019-12-27 14:20:53 
400.00 283.4  48.7 283.4  48.7 2.31E-05 002.0 198.5  42.9 0.080962 0.046190 0.013074 hargrave 2019-12-28 14:19:39 
425.00 277.7  45.7 277.7  45.7 2.25E-05 002.1 205.2  43.3 0.081889 0.042548 0.011501 hargrave 2019-12-29 12:53:01 
300.20 281.3  48.4 281.3  48.4 2.22E-05 002.0 200.3  42.4 0.080393 0.042405 0.014107 hargrave 2019-12-29 17:00:10 
425.10 280.4  49.6 280.4  49.6 2.12E-05 002.0 200.2  41.1 0.071133 0.040026 0.015255 hargrave 2019-12-30 12:52:15 
450.10 274.9  47.3 274.9  47.3 2.05E-05 002.0 205.8  40.8 0.037656 0.072722 0.015343 hargrave 2019-12-30 17:58:56 
450.00 277.9  47.9 277.9  47.9 2.13E-05 000.9 203.3  41.6 0.034597 0.014974 0.015480 hargrave 2019-12-31 19:10:11 
475.00 276.9  47.5 276.9  47.5 2.08E-05 002.0 204.3  41.5 0.082324 0.039732 0.011829 hargrave 2020-01-01 11:52:41 
425.20 273.3  49.4 273.3  49.4 2.00E-05 002.1 205.2  38.6 0.084171 0.039230 0.013160 hargrave 2020-01-01 15:34:21 
475.10 278.6  53.8 278.6  53.8 1.94E-05 002.0 198.5  37.0 0.082609 0.039195 0.012793 hargrave 2020-01-02 10:58:26 
500.10 271.5  50.4 271.5  50.4 1.82E-05 002.2 205.5  37.1 0.080245 0.040068 0.011612 hargrave 2020-01-02 15:12:39 
500.00 279.2  49.2 279.2  49.2 1.94E-05 002.0 201.4  41.1 0.079445 0.036104 0.010526 hargrave 2020-01-03 12:50:30 
520.00 273.8  46.3 273.8  46.3 1.92E-05 002.2 207.5  41.1 0.082382 0.035873 0.009958 hargrave 2020-01-03 17:18:31 
475.20 275.1  52.4 275.1  52.4 1.81E-05 002.3 201.7  37.0 0.085339 0.039100 0.009776 hargrave 2020-01-14 13:28:01 
520.10 277.4  54.8 277.4  54.8 1.72E-05 000.9 198.5  35.8 0.029484 0.017957 0.014604 hargrave 2020-01-18 12:29:59 
530.10 267.0  50.9 267.0  50.9 1.65E-05 002.2 207.5  34.7 0.075343 0.037516 0.012912 hargrave 2020-01-18 16:21:00 
530.00 279.3  49.4 279.3  49.4 1.80E-05 002.1 201.1  40.9 0.076126 0.039506 0.013094 hargrave 2020-01-19 12:38:02 
540.00 278.6  49.0 278.6  49.0 1.74E-05 002.1 201.9  41.0 0.073691 0.037227 0.012505 hargrave 2020-01-19 16:07:27 
520.20 270.9  54.2 270.9  54.2 1.57E-05 002.3 202.7  34.0 0.074449 0.038327 0.012000 hargrave 2020-01-20 12:43:09 
540.10 262.1  52.9 262.1  52.9 1.44E-05 002.5 208.1  31.1 0.073420 0.036396 0.011244 hargrave 2020-01-20 16:43:43 
550.10 261.4  62.8 261.4  62.8 1.27E-05 001.1 199.8  24.4 0.025840 0.015306 0.009664 hargrave 2020-01-21 10:40:43 
550.00 277.0  49.9 277.0  49.9 1.50E-05 002.4 202.3  39.7 0.071888 0.036954 0.011089 hargrave 2020-01-21 14:09:43 
555.00 274.3  47.4 274.3  47.4 1.40E-05 002.6 206.2  40.5 0.068945 0.036801 0.010726 hargrave 2020-01-21 17:44:04 
540.20 247.5  63.3 247.5  63.3 1.11E-05 002.8 203.4  19.0 0.070297 0.037168 0.008703 hargrave 2020-01-22 12:42:37 
555.10 224.2  66.1 224.2  66.1 9.78E-06 003.2 203.8  08.7 0.072166 0.039008 0.007865 hargrave 2020-01-23 09:50:47 
560.10 183.6  57.4 183.6  57.4 8.02E-06 004.2 208.3 -11.4 0.069400 0.038911 0.005811 hargrave 2020-01-23 14:10:35 
560.00 275.0  49.4 275.0  49.4 9.12E-06 003.7 204.0  39.3 0.064219 0.034986 0.006564 hargrave 2020-01-24 09:06:24 
562.00 275.1  48.2 275.1  48.2 8.82E-06 003.8 205.0  40.3 0.062915 0.035085 0.006235 hargrave 2020-01-24 12:54:59 
555.20 156.0  39.5 156.0  39.5 7.86E-06 001.3 210.6 -36.7 0.018301 0.006362 0.004687 hargrave 2020-01-24 16:52:01 
562.10 146.1  36.2 146.1  36.2 9.21E-06 001.2 204.9 -43.9 0.020116 0.006900 0.004786 hargrave 2020-01-25 12:39:34 
564.10 129.5  14.1 129.5  14.1 1.09E-05 000.8 196.0 -70.1 0.013373 0.006540 0.002162 hargrave 2020-01-25 16:34:43 
564.00 272.2  50.0 272.2  50.0 3.92E-06 001.0 205.4  37.7 0.007634 0.003476 0.002670 hargrave 2020-01-26 14:30:42 
566.00 268.4  48.6 268.4  48.6 3.98E-06 001.1 208.8  37.0 0.008504 0.003693 0.002478 hargrave 2020-01-26 17:46:28 
562.20 128.1  07.6 128.1  07.6 1.31E-05 000.7 197.9 -76.8 0.013809 0.006972 0.003985 hargrave 2020-01-27 10:55:55 
566.10 129.8  04.1 129.8  04.1 1.41E-05 000.6 212.4 -79.2 0.013038 0.008868 0.004652 hargrave 2020-01-27 14:42:21 
570.10 129.2 -02.7 129.2 -02.7 1.64E-05 000.5 246.2 -84.3 0.011133 0.008962 0.004651 hargrave 2020-01-28 11:00:32 
570.00 267.4  56.0 267.4  56.0 2.52E-06 001.1 203.0  31.3 0.005592 0.002416 0.001951 hargrave 2020-01-28 17:09:21 
575.00 270.0  54.9 270.0  54.9 2.68E-06 001.1 202.5  33.1 0.005877 0.002718 0.001795 hargrave 2020-01-29 10:41:34 
566.20 126.7 -02.4 126.7 -02.4 1.83E-05 000.4 226.4 -86.3 0.010901 0.008548 0.007125 hargrave 2020-01-29 14:19:02 
575.10 128.1 -01.6 128.1 -01.6 1.93E-05 000.5 230.8 -84.7 0.014325 0.009936 0.005611 hargrave 2020-01-30 10:54:48 
580.10 125.9 -01.7 125.9 -01.7 2.02E-05 000.4 209.4 -86.2 0.012462 0.009640 0.005763 hargrave 2020-01-30 14:48:21 
580.00 271.8  51.0 271.8  51.0 2.25E-06 001.2 204.7  36.7 0.005474 0.002175 0.001415 hargrave 2020-01-31 10:40:09 
585.00 273.7  50.4 273.7  50.4 2.12E-06 001.1 204.0  38.0 0.004270 0.002095 0.001397 hargrave 2020-01-31 14:14:22 
575.20 126.0 -03.0 126.0 -03.0 2.25E-05 000.5 225.1 -87.1 0.014105 0.011425 0.005771 hargrave 2020-01-31 18:01:48 
585.10 126.3 -04.6 126.3 -04.6 2.36E-05 000.4 260.0 -87.7 0.012781 0.011814 0.006064 hargrave 2020-02-01 12:54:08 
