AX15- 7a sun compass orientation
      0  35.3  88.0   0.0   0.0   1.0
NRM    285.7  40.3 285.7  40.3 2.22E-05 000.9 202.3  47.8 0.035460 0.018924 0.008550 hargrave 2019-12-20 15:59:47 
100.00 287.9  40.5 287.9  40.5 2.22E-05 000.9 200.1  48.4 0.033912 0.023237 0.007394 hargrave 2019-12-22 11:28:49 
100.10 285.5  39.0 285.5  39.0 2.20E-05 000.9 203.6  48.9 0.034611 0.021912 0.008435 hargrave 2019-12-22 17:08:08 
200.10 289.5  40.5 289.5  40.5 2.14E-05 000.9 198.3  48.9 0.030128 0.023218 0.009211 hargrave 2019-12-23 16:03:46 
200.00 287.4  39.3 287.4  39.3 2.15E-05 000.9 201.4  49.3 0.031715 0.022317 0.009305 hargrave 2019-12-24 14:39:16 
300.00 286.7  38.9 286.7  38.9 2.09E-05 000.9 202.4  49.4 0.030649 0.020598 0.009283 hargrave 2019-12-25 15:07:09 
100.20 286.6  38.8 286.6  38.8 2.09E-05 000.9 202.6  49.4 0.031819 0.020954 0.010041 hargrave 2019-12-26 13:58:58 
300.10 285.5  38.9 285.5  38.9 2.06E-05 000.9 203.6  48.9 0.031854 0.019065 0.010180 hargrave 2019-12-26 17:54:44 
400.10 295.6  42.8 295.6  42.8 1.88E-05 000.9 190.7  48.3 0.025639 0.022037 0.009709 hargrave 2019-12-27 15:31:03 
400.00 287.1  39.1 287.1  39.1 1.91E-05 000.9 201.9  49.3 0.027793 0.018695 0.009472 hargrave 2019-12-28 15:16:09 
425.00 287.6  39.1 287.6  39.1 1.88E-05 000.9 201.3  49.5 0.026321 0.018527 0.009758 hargrave 2019-12-29 13:48:16 
300.20 292.0  41.1 292.0  41.1 1.85E-05 000.8 195.4  49.1 0.023098 0.016667 0.009869 hargrave 2019-12-29 18:10:23 
425.10 292.3  41.9 292.3  41.9 1.81E-05 000.8 194.6  48.4 0.024310 0.016146 0.009855 hargrave 2019-12-30 14:04:10 
450.10 292.0  42.3 292.0  42.3 1.76E-05 000.8 194.8  48.0 0.023130 0.015497 0.010058 hargrave 2019-12-30 20:19:19 
450.00 286.4  38.6 286.4  38.6 1.81E-05 000.9 203.0  49.5 0.025824 0.014562 0.009906 hargrave 2019-12-31 20:09:50 
475.00 286.3  38.5 286.3  38.5 1.81E-05 002.0 203.1  49.6 0.027099 0.015056 0.092910 hargrave 2020-01-01 12:51:45 
425.20 281.8  38.6 281.8  38.6 1.73E-05 001.4 207.5  47.5 0.047345 0.015803 0.008368 hargrave 2020-01-01 16:48:23 
475.10 284.4  41.0 284.4  41.0 1.72E-05 001.0 203.1  46.6 0.028578 0.016664 0.008444 hargrave 2020-01-02 12:09:42 
500.10 282.9  41.0 282.9  41.0 1.64E-05 000.9 204.4  46.0 0.028627 0.013282 0.007657 hargrave 2020-01-02 16:23:59 
500.00 284.3  39.3 284.3  39.3 1.71E-05 001.0 204.5  48.1 0.029674 0.016053 0.006803 hargrave 2020-01-03 13:47:40 
520.00 281.6  38.9 281.6  38.9 1.72E-05 001.0 207.5  47.3 0.031096 0.016499 0.006143 hargrave 2020-01-03 18:15:44 
475.20 280.0  38.7 280.0  38.7 1.63E-05 001.0 209.0  46.6 0.029567 0.012637 0.006316 hargrave 2020-01-14 14:39:09 
520.10 280.7  39.5 280.7  39.5 1.56E-05 000.8 207.8  46.4 0.021637 0.010822 0.010872 hargrave 2020-01-18 13:41:02 
530.10 281.8  41.8 281.8  41.8 1.49E-05 000.8 204.8  44.9 0.023048 0.012110 0.009015 hargrave 2020-01-18 17:32:57 
530.00 286.2  39.9 286.2  39.9 1.60E-05 000.9 202.1  48.3 0.024549 0.014055 0.009142 hargrave 2020-01-19 13:35:02 
540.00 283.1  37.9 283.1  37.9 1.56E-05 000.8 206.9  48.7 0.023221 0.011103 0.008960 hargrave 2020-01-19 17:04:25 
520.20 279.3  43.1 279.3  43.1 1.40E-05 000.9 205.9  42.9 0.024608 0.011089 0.008538 hargrave 2020-01-20 13:53:25 
540.10 277.9  48.2 277.9  48.2 1.29E-05 000.9 203.0  38.2 0.021547 0.011896 0.008172 hargrave 2020-01-20 17:54:13 
550.10 271.8  57.2 271.8  57.2 1.03E-05 001.0 199.9  28.7 0.020872 0.010806 0.007023 hargrave 2020-01-21 11:51:01 
550.00 281.1  39.0 281.1  39.0 1.33E-05 000.9 207.8  46.9 0.022260 0.010501 0.007522 hargrave 2020-01-21 15:06:43 
555.00 288.8  40.7 288.8  40.7 1.22E-05 000.9 198.9  48.5 0.017466 0.011362 0.006725 hargrave 2020-01-21 18:41:10 
540.20 252.6  62.6 252.6  62.6 8.40E-06 001.1 202.7  18.1 0.019053 0.009257 0.005759 hargrave 2020-01-22 13:53:03 
555.10 206.4  70.3 206.4  70.3 8.13E-06 001.2 199.4 -01.1 0.020160 0.010021 0.006176 hargrave 2020-01-23 11:02:39 
560.10 159.7  49.5 159.7  49.5 7.58E-06 001.3 205.2 -30.6 0.019045 0.007113 0.004512 hargrave 2020-01-23 15:26:44 
560.00 281.1  38.5 281.1  38.5 6.95E-06 000.9 208.2  47.3 0.011715 0.005642 0.003820 hargrave 2020-01-24 10:04:25 
562.00 283.7  40.0 283.7  40.0 6.72E-06 000.9 204.5  47.2 0.010370 0.005742 0.003752 hargrave 2020-01-24 13:51:37 
555.20 140.9  28.7 140.9  28.7 8.83E-06 001.1 204.9 -55.8 0.015959 0.006610 0.002950 hargrave 2020-01-24 18:03:09 
562.10 139.2  17.2 139.2  17.2 1.01E-05 000.9 214.9 -66.4 0.014598 0.005120 0.003345 hargrave 2020-01-25 13:51:37 
564.10 131.1  06.1 131.1  06.1 1.40E-05 000.6 215.7 -80.0 0.013165 0.007251 0.001943 hargrave 2020-01-25 17:46:13 
564.00 278.3  39.7 278.3  39.7 2.01E-06 000.9 209.6  45.0 0.003206 0.001652 0.001143 hargrave 2020-01-26 15:26:56 
566.00 279.6  43.1 279.6  43.1 2.09E-06 001.0 205.6  43.0 0.003889 0.001934 0.001291 hargrave 2020-01-26 18:43:33 
562.20 129.2  01.5 129.2  01.5 1.60E-05 000.4 227.9 -84.7 0.009992 0.007099 0.003457 hargrave 2020-01-27 12:08:00 
566.10 127.9  02.3 127.9  02.3 1.71E-05 000.5 211.1 -84.9 0.012025 0.008576 0.003008 hargrave 2020-01-27 15:55:39 
570.10 127.8 -01.7 127.8 -01.7 1.91E-05 000.4 263.4 -87.5 0.009541 0.008889 0.004070 hargrave 2020-01-28 12:13:41 
570.00 269.2  55.3 269.2  55.3 1.03E-06 001.2 202.6  29.3 0.001806 0.001418 0.000644 hargrave 2020-01-28 18:06:42 
575.00 278.0  45.7 278.0  45.7 1.03E-06 001.3 204.8  40.2 0.002642 0.001281 0.000803 hargrave 2020-01-29 11:37:50 
566.20 127.9 -00.2 127.9 -00.2 2.06E-05 000.4 236.2 -86.8 0.012155 0.009717 0.005439 hargrave 2020-01-29 15:32:21 
575.10 126.8 -02.6 126.8 -02.6 2.15E-05 000.4 291.7 -88.4 0.011283 0.010914 0.003561 hargrave 2020-01-30 12:09:09 
580.10 127.8 -00.6 127.8 -00.6 2.19E-05 000.4 240.4 -87.1 0.011957 0.010908 0.003782 hargrave 2020-01-30 16:01:52 
580.00 278.4  47.8 278.4  47.8 9.54E-07 001.0 202.9  38.7 0.001849 0.000967 0.000560 hargrave 2020-01-31 11:36:43 
585.00 280.6  41.0 280.6  41.0 8.70E-07 001.0 206.5  45.1 0.001621 0.000827 0.000604 hargrave 2020-01-31 15:11:30 
575.20 128.3  00.9 128.3  00.9 2.35E-05 000.4 225.6 -85.8 0.013770 0.010586 0.004122 hargrave 2020-01-31 19:12:46 
585.10 126.3  00.4 126.3  00.4 2.42E-05 000.4 203.2 -87.4 0.013692 0.011035 0.004904 hargrave 2020-02-01 14:07:13 
