AX16- 2a sun compass orientation
      0  47.4  60.0   0.0   0.0   1.0
NRM    280.3  41.9 280.3  41.9 3.78E-05 000.9 237.9  58.0 0.054038 0.027582 0.015483 hargrave 2019-12-20 12:38:42 
100.00 281.1  43.9 281.1  43.9 3.77E-05 001.0 233.9  58.2 0.060762 0.027241 0.015928 hargrave 2019-12-21 13:53:43 
100.10 280.6  41.0 280.6  41.0 3.76E-05 000.9 239.5  58.4 0.055206 0.029782 0.014602 hargrave 2019-12-22 14:09:31 
200.10 280.4  43.0 280.4  43.0 3.66E-05 001.0 235.8  57.8 0.056849 0.029309 0.014323 hargrave 2019-12-23 12:52:21 
200.00 281.0  38.6 281.0  38.6 3.70E-05 000.9 244.1  58.9 0.056007 0.023918 0.024871 hargrave 2019-12-24 13:48:04 
300.00 280.9  40.8 280.9  40.8 3.58E-05 000.8 239.9  58.6 0.046608 0.015619 0.022235 hargrave 2019-12-25 14:15:07 
100.20 280.3  40.3 280.3  40.3 3.57E-05 000.8 241.0  58.3 0.047285 0.014445 0.022044 hargrave 2019-12-26 12:53:46 
300.10 278.1  38.9 278.1  38.9 3.43E-05 000.8 243.8  56.7 0.046679 0.012609 0.021893 hargrave 2019-12-26 16:49:32 
400.10 274.1  39.9 274.1  39.9 2.69E-05 000.9 242.2  53.5 0.042391 0.008873 0.019449 hargrave 2019-12-27 14:26:52 
400.00 280.0  40.9 280.0  40.9 2.98E-05 000.7 239.8  57.9 0.037677 0.008266 0.018158 hargrave 2019-12-28 14:25:40 
425.00 280.2  41.3 280.2  41.3 2.83E-05 000.7 239.0  58.0 0.034173 0.008250 0.016977 hargrave 2019-12-29 12:58:58 
300.20 276.9  39.5 276.9  39.5 2.68E-05 000.7 242.8  55.7 0.033199 0.008892 0.015696 hargrave 2019-12-29 17:06:07 
425.10 270.5  40.5 270.5  40.5 2.39E-05 000.8 241.4  50.8 0.033786 0.006818 0.014737 hargrave 2019-12-30 12:58:13 
450.10 268.9  38.5 268.9  38.5 2.19E-05 000.9 244.5  49.5 0.032547 0.010738 0.013799 hargrave 2019-12-30 18:03:42 
450.00 278.6  37.3 278.6  37.3 2.55E-05 000.6 246.7  57.1 0.025023 0.006422 0.026189 hargrave 2019-12-31 19:16:14 
475.00 277.0  37.5 277.0  37.5 2.36E-05 000.7 246.4  55.8 0.027861 0.009447 0.023297 hargrave 2020-01-01 11:58:50 
425.20 266.9  39.6 266.9  39.6 1.99E-05 000.8 242.6  48.0 0.031384 0.008866 0.022986 hargrave 2020-01-01 15:40:21 
475.10 259.2  41.3 259.2  41.3 1.79E-05 001.0 239.6  42.3 0.033081 0.008166 0.027465 hargrave 2020-01-02 11:04:25 
500.10 251.5  40.2 251.5  40.2 1.45E-05 001.1 240.0  36.4 0.032553 0.007829 0.008490 hargrave 2020-01-02 15:18:38 
500.00 275.6  39.2 275.6  39.2 1.97E-05 000.8 243.4  54.7 0.027102 0.010349 0.019737 hargrave 2020-01-03 12:56:30 
520.00 276.6  36.0 276.6  36.0 1.86E-05 000.8 249.0  55.5 0.024862 0.010426 0.021044 hargrave 2020-01-03 17:24:29 
475.20 254.0  39.4 254.0  39.4 1.37E-05 001.2 241.4  38.1 0.030602 0.008429 0.008148 hargrave 2020-01-14 13:33:59 
520.10 240.4  34.8 240.4  34.8 1.21E-05 001.0 243.3  26.4 0.023187 0.006757 0.009808 hargrave 2020-01-18 12:35:58 
530.10 227.5  38.4 227.5  38.4 1.05E-05 001.2 235.6  18.2 0.025431 0.006210 0.008098 hargrave 2020-01-18 16:26:59 
530.00 274.2  36.9 274.2  36.9 1.61E-05 000.7 247.4  53.6 0.020741 0.006096 0.009289 hargrave 2020-01-19 12:44:01 
540.00 275.0  39.4 275.0  39.4 1.46E-05 000.7 243.1  54.2 0.018823 0.005025 0.007704 hargrave 2020-01-19 16:13:27 
520.20 219.5  31.6 219.5  31.6 9.27E-06 001.3 238.7  09.2 0.024654 0.005474 0.007233 hargrave 2020-01-20 12:49:07 
540.10 199.3  21.8 199.3  21.8 8.66E-06 001.4 236.6 -11.1 0.023261 0.005353 0.006448 hargrave 2020-01-20 16:49:44 
550.10 161.9 -03.6 161.9 -03.6 1.00E-05 001.0 226.0 -54.9 0.017379 0.005400 0.003957 hargrave 2020-01-21 10:46:42 
550.00 271.6  41.7 271.6  41.7 8.27E-06 000.8 239.4  51.6 0.012205 0.002637 0.005171 hargrave 2020-01-21 14:15:42 
555.00 276.2  42.3 276.2  42.3 5.09E-06 000.7 238.0  55.0 0.006098 0.002267 0.002859 hargrave 2020-01-21 17:50:04 
540.20 149.5 -14.6 149.5 -14.6 1.15E-05 000.8 218.5 -71.0 0.014339 0.005870 0.002427 hargrave 2020-01-22 12:48:35 
555.10 142.8 -16.5 142.8 -16.5 1.58E-05 000.7 201.3 -75.6 0.016085 0.009373 0.001350 hargrave 2020-01-23 09:56:46 
560.10 139.3 -20.3 139.3 -20.3 1.84E-05 000.5 190.7 -80.1 0.015157 0.009350 0.001585 hargrave 2020-01-23 14:16:33 
560.00 274.1  43.7 274.1  43.7 1.47E-06 001.0 235.9  53.2 0.002849 0.000830 0.000805 hargrave 2020-01-24 09:12:31 
562.00 280.0  45.1 280.0  45.1 1.29E-06 000.7 232.2  57.1 0.001574 0.000497 0.000864 hargrave 2020-01-24 13:00:57 
555.20 139.8 -22.7 139.8 -22.7 2.07E-05 000.5 197.1 -82.4 0.015799 0.010189 0.002560 hargrave 2020-01-24 16:58:00 
562.10 141.5 -21.5 141.5 -21.5 2.17E-05 000.5 204.3 -80.7 0.017518 0.009852 0.002348 hargrave 2020-01-25 12:45:34 
564.10 135.1 -15.5 135.1 -15.5 2.25E-05 000.6 171.1 -75.4 0.019771 0.014363 0.001617 hargrave 2020-01-25 16:40:45 
564.00 272.7  40.3 272.7  40.3 7.59E-07 000.7 241.6  52.4 0.000995 0.000361 0.000457 hargrave 2020-01-26 14:36:42 
566.00 274.2  52.0 274.2  52.0 8.33E-07 001.3 222.7  51.5 0.001951 0.000684 0.000295 hargrave 2020-01-26 17:52:28 
562.20 132.2 -22.7 132.2 -22.7 2.37E-05 000.4 146.2 -81.3 0.012962 0.011496 0.001260 hargrave 2020-01-27 11:01:54 
566.10 133.9 -25.2 133.9 -25.2 2.39E-05 000.4 146.3 -84.3 0.012201 0.010524 0.001978 hargrave 2020-01-27 14:48:21 
570.10 136.6 -25.7 136.6 -25.7 2.44E-05 000.4 169.9 -85.6 0.013944 0.010735 0.002706 hargrave 2020-01-28 11:06:32 
570.00 272.1  41.6 272.1  41.6 5.72E-07 000.8 239.7  52.0 0.000908 0.000326 0.000590 hargrave 2020-01-28 17:15:21 
575.00 268.8  60.9 268.8  60.9 6.60E-07 001.0 211.4  45.7 0.001297 0.000461 0.000277 hargrave 2020-01-29 10:47:34 
566.20 135.5 -24.6 135.5 -24.6 2.53E-05 000.4 162.2 -84.3 0.014592 0.010695 0.006216 hargrave 2020-01-29 14:25:05 
575.10 133.3 -27.6 133.3 -27.6 2.56E-05 000.4 123.4 -85.7 0.012091 0.012456 0.002816 hargrave 2020-01-30 11:00:48 
580.10 135.0 -22.8 135.0 -22.8 2.61E-05 000.4 162.7 -82.5 0.015794 0.012347 0.002055 hargrave 2020-01-30 14:54:23 
580.00 249.1  51.8 249.1  51.8 3.55E-07 002.0 225.4  36.2 0.001495 0.000529 0.000571 hargrave 2020-01-31 10:46:10 
585.00 245.1  45.3 245.1  45.3 3.29E-07 001.0 232.8  32.7 0.000349 0.000466 0.000368 hargrave 2020-01-31 14:20:23 
575.20 135.7 -24.6 135.7 -24.6 2.70E-05 000.4 163.9 -84.4 0.016257 0.012261 0.002490 hargrave 2020-01-31 18:07:50 
585.10 132.2 -28.1 132.2 -28.1 2.73E-05 000.3 111.9 -85.1 0.010318 0.011003 0.002891 hargrave 2020-02-01 13:00:12 
