AX16- 5a mag compass orientation (IGRF corrected)
      0  71.1  60.0   0.0   0.0   1.0
NRM    278.9  50.3 278.9  50.3 3.51E-05 001.1 227.6  40.0 0.057947 0.039064 0.019251 hargrave 2019-12-20 16:05:31 
100.00 279.5  44.6 279.5  44.6 3.50E-05 001.1 235.0  40.1 0.058243 0.035722 0.019326 hargrave 2019-12-22 11:31:51 
100.10 279.3  48.7 279.3  48.7 3.50E-05 001.1 229.6  40.2 0.065497 0.028300 0.019378 hargrave 2019-12-22 17:12:12 
200.10 279.2  49.6 279.2  49.6 3.45E-05 001.2 228.5  40.2 0.065256 0.031199 0.020562 hargrave 2019-12-23 16:07:48 
200.00 279.1  49.9 279.1  49.9 3.47E-05 001.2 228.0  40.1 0.069502 0.033173 0.020165 hargrave 2019-12-24 14:42:50 
300.00 279.6  46.0 279.6  46.0 3.41E-05 001.2 233.2  40.3 0.065431 0.032165 0.020627 hargrave 2019-12-25 15:10:43 
100.20 279.1  48.8 279.1  48.8 3.39E-05 001.3 229.5  40.1 0.070423 0.034304 0.020343 hargrave 2019-12-26 14:03:33 
300.10 278.5  47.8 278.5  47.8 3.34E-05 001.2 230.8  39.7 0.063195 0.035412 0.020302 hargrave 2019-12-26 17:59:19 
400.10 276.3  48.7 276.3  48.7 3.02E-05 001.4 229.5  38.3 0.065153 0.041298 0.019459 hargrave 2019-12-27 15:35:38 
400.00 279.4  46.9 279.4  46.9 3.09E-05 001.4 232.0  40.2 0.065515 0.039502 0.018943 hargrave 2019-12-28 15:19:42 
425.00 279.2  43.8 279.2  43.8 3.00E-05 001.3 236.0  39.8 0.058207 0.039973 0.026949 hargrave 2019-12-29 13:51:51 
300.20 278.1  45.7 278.1  45.7 2.96E-05 001.2 233.4  39.2 0.052320 0.038330 0.018788 hargrave 2019-12-29 18:14:59 
425.10 274.9  46.7 274.9  46.7 2.87E-05 001.3 231.9  37.1 0.053145 0.039205 0.018410 hargrave 2019-12-30 14:08:46 
450.10 273.5  45.1 273.5  45.1 2.79E-05 001.3 233.7  36.0 0.049453 0.038712 0.017723 hargrave 2019-12-30 20:23:55 
450.00 277.9  44.4 277.9  44.4 2.87E-05 001.3 235.1  39.0 0.053267 0.038565 0.014165 hargrave 2019-12-31 20:13:33 
475.00 276.0  43.1 276.0  43.1 2.78E-05 001.5 236.5  37.4 0.067696 0.036644 0.011828 hargrave 2020-01-01 12:55:19 
425.20 273.0  42.7 273.0  42.7 2.69E-05 001.4 236.5  35.2 0.061233 0.034243 0.011917 hargrave 2020-01-01 16:53:00 
475.10 269.6  43.9 269.6  43.9 2.61E-05 001.6 234.6  33.0 0.069676 0.038134 0.012338 hargrave 2020-01-02 12:14:20 
500.10 265.1  43.9 265.1  43.9 2.33E-05 001.6 233.7  29.8 0.060046 0.038278 0.015176 hargrave 2020-01-02 16:28:36 
500.00 275.5  45.5 275.5  45.5 2.49E-05 001.6 233.5  37.4 0.063017 0.037216 0.010223 hargrave 2020-01-03 13:51:15 
520.00 276.3  38.3 276.3  38.3 2.40E-05 001.1 242.5  36.8 0.051283 0.016757 0.009561 hargrave 2020-01-03 18:19:17 
475.20 266.5  44.5 266.5  44.5 2.27E-05 001.1 233.3  31.0 0.055636 0.014128 0.014268 hargrave 2020-01-14 14:43:52 
520.10 260.0  41.0 260.0  41.0 2.08E-05 001.0 235.6  25.4 0.043969 0.011529 0.014901 hargrave 2020-01-18 13:45:40 
530.10 252.1  43.0 252.1  43.0 1.89E-05 001.1 231.4  20.6 0.045243 0.012367 0.013758 hargrave 2020-01-18 17:37:35 
530.00 270.8  44.9 270.8  44.9 2.09E-05 001.0 233.6  34.0 0.043254 0.010606 0.013365 hargrave 2020-01-19 13:38:36 
540.00 272.8  39.9 272.8  39.9 1.95E-05 001.0 239.9  34.5 0.036737 0.011103 0.012582 hargrave 2020-01-19 17:07:59 
520.20 252.2  39.8 252.2  39.8 1.72E-05 001.1 234.5  19.4 0.041239 0.009156 0.012419 hargrave 2020-01-20 13:58:00 
540.10 238.2  35.7 238.2  35.7 1.52E-05 001.2 233.0  07.7 0.038939 0.005428 0.011248 hargrave 2020-01-20 17:58:50 
550.10 214.9  27.4 214.9  27.4 1.21E-05 001.3 227.4 -13.0 0.033319 0.006706 0.008209 hargrave 2020-01-21 11:55:38 
550.00 267.1  41.6 267.1  41.6 1.37E-05 001.1 236.7  30.7 0.030157 0.006554 0.008835 hargrave 2020-01-21 15:10:17 
555.00 270.8  44.1 270.8  44.1 1.04E-05 001.0 234.6  33.9 0.021854 0.004164 0.006050 hargrave 2020-01-21 18:44:43 
540.20 205.5  11.2 205.5  11.2 1.03E-05 001.4 233.0 -30.7 0.027130 0.008130 0.005345 hargrave 2020-01-22 13:57:40 
555.10 188.7 -08.7 188.7 -08.7 1.35E-05 001.1 236.1 -56.5 0.024782 0.009759 0.004284 hargrave 2020-01-23 11:07:15 
560.10 174.0 -18.0 174.0 -18.0 1.72E-05 000.7 227.2 -73.2 0.020552 0.010419 0.006330 hargrave 2020-01-23 15:31:20 
560.00 268.8  47.4 268.8  47.4 2.62E-06 001.2 230.4  33.1 0.006397 0.001399 0.001704 hargrave 2020-01-24 10:07:59 
562.00 271.0  54.4 271.0  54.4 2.00E-06 001.0 222.1  35.3 0.003603 0.001527 0.001061 hargrave 2020-01-24 13:55:09 
555.20 161.8 -26.6 161.8 -26.6 2.36E-05 000.5 189.9 -86.6 0.017037 0.013485 0.005150 hargrave 2020-01-24 18:07:44 
562.10 165.2 -30.1 165.2 -30.1 2.62E-05 000.6 272.5 -86.5 0.018657 0.017100 0.006864 hargrave 2020-01-25 13:56:14 
564.10 160.7 -30.8 160.7 -30.8 3.04E-05 000.5 020.8 -89.1 0.018471 0.018215 0.008300 hargrave 2020-01-25 17:50:49 
564.00 278.4  63.3 278.4  63.3 4.83E-07 001.0 210.7  38.7 0.001167 0.000404 0.000265 hargrave 2020-01-26 15:30:29 
566.00 268.5  66.5 268.5  66.5 4.43E-07 001.0 207.4  34.2 0.001024 0.000395 0.000466 hargrave 2020-01-26 18:47:05 
562.20 160.6 -31.4 160.6 -31.4 3.76E-05 000.5 015.2 -88.5 0.021270 0.022003 0.009159 hargrave 2020-01-27 12:12:37 
566.10 159.3 -31.6 159.3 -31.6 3.94E-05 000.5 042.9 -87.8 0.022306 0.023019 0.009931 hargrave 2020-01-27 16:01:06 
570.10 160.8 -31.7 160.8 -31.7 4.45E-05 000.5 008.9 -88.3 0.025678 0.026854 0.010817 hargrave 2020-01-28 12:18:21 
570.00 231.1  58.5 231.1  58.5 3.79E-07 001.1 210.7  15.7 0.000981 0.000321 0.000335 hargrave 2020-01-28 18:10:16 
575.00 269.7  64.7 269.7  64.7 3.71E-07 001.2 209.5  34.8 0.001062 0.000315 0.000294 hargrave 2020-01-29 11:41:24 
566.20 160.6 -31.3 160.6 -31.3 5.29E-05 000.5 016.6 -88.6 0.031916 0.032534 0.022700 hargrave 2020-01-29 15:36:58 
575.10 160.1 -33.0 160.1 -33.0 5.57E-05 000.5 016.3 -86.9 0.032580 0.036286 0.014271 hargrave 2020-01-30 12:13:45 
580.10 158.2 -31.8 158.2 -31.8 6.01E-05 000.5 053.9 -86.9 0.033981 0.036461 0.015331 hargrave 2020-01-30 16:06:33 
580.00 263.4  72.6 263.4  72.6 3.35E-07 001.7 200.2  32.2 0.001356 0.000559 0.000257 hargrave 2020-01-31 11:40:18 
585.00 078.3  66.6 078.3  66.6 2.47E-07 001.5 154.3  24.6 0.001094 0.000618 0.000216 hargrave 2020-01-31 15:15:04 
575.20 161.6 -31.2 161.6 -31.2 6.98E-05 000.5 339.9 -88.7 0.042783 0.044448 0.015871 hargrave 2020-01-31 19:17:20 
585.10 158.7 -33.4 158.7 -33.4 7.28E-05 000.5 030.2 -86.0 0.041875 0.047176 0.017981 hargrave 2020-02-01 14:11:50 
