AX16- 16a mag compass orientation (IGRF corrected)
      0  50.3  52.0   0.0   0.0   1.0
NRM    275.2  42.8 275.2  42.8 2.13E-05 000.6 247.5  55.7 0.023455 0.013364 0.009609 hargrave 2020-10-12 15:47:07 
100.00 276.1  42.5 276.1  42.5 2.13E-05 000.7 248.0  56.3 0.025670 0.011424 0.008185 hargrave 2020-10-14 10:59:53 
100.10 276.1  42.0 276.1  42.0 2.10E-05 000.7 249.0  56.2 0.025791 0.012162 0.009066 hargrave 2020-10-14 16:27:12 
200.10 276.3  40.3 276.3  40.3 2.06E-05 000.7 252.0  56.1 0.023960 0.013583 0.010026 hargrave 2020-10-15 11:16:10 
200.00 276.2  41.6 276.2  41.6 2.06E-05 000.7 249.8  56.3 0.026903 0.011289 0.009833 hargrave 2020-10-15 14:15:59 
300.00 276.6  40.0 276.6  40.0 2.02E-05 000.7 252.6  56.3 0.025421 0.011685 0.008792 hargrave 2020-10-15 16:55:14 
100.20 276.1  41.3 276.1  41.3 2.00E-05 000.7 250.2  56.2 0.026206 0.011225 0.009238 hargrave 2020-10-16 13:16:17 
300.10 276.3  39.2 276.3  39.2 1.96E-05 000.6 254.0  56.0 0.021016 0.010755 0.010547 hargrave 2020-10-18 13:50:37 
400.10 275.6  39.7 275.6  39.7 1.78E-05 000.7 252.9  55.5 0.020277 0.011882 0.009377 hargrave 2020-10-18 17:25:59 
400.00 276.5  40.6 276.5  40.6 1.79E-05 000.7 251.5  56.4 0.021771 0.009069 0.010473 hargrave 2020-10-19 11:28:13 
450.00 277.0  38.6 277.0  38.6 1.71E-05 000.7 255.3  56.3 0.020015 0.009803 0.010331 hargrave 2020-10-19 14:28:03 
300.20 276.2  38.0 276.2  38.0 1.68E-05 000.7 256.0  55.6 0.017291 0.010985 0.009006 hargrave 2020-10-19 18:26:16 
450.10 274.8  38.0 274.8  38.0 1.61E-05 000.7 255.5  54.5 0.018740 0.010604 0.010032 hargrave 2020-10-20 11:05:29 
475.10 273.8  39.2 273.8  39.2 1.55E-05 000.6 253.2  54.1 0.017137 0.008639 0.008653 hargrave 2020-10-20 15:50:24 
475.00 275.3  40.9 275.3  40.9 1.60E-05 000.7 250.7  55.5 0.020127 0.007738 0.008625 hargrave 2020-10-21 11:00:16 
500.00 275.0  40.9 275.0  40.9 1.55E-05 000.7 250.6  55.3 0.019293 0.006134 0.008139 hargrave 2020-10-21 15:28:12 
450.20 273.3  39.2 273.3  39.2 1.48E-05 000.7 253.0  53.6 0.016566 0.008758 0.007632 hargrave 2020-10-22 10:33:49 
500.10 271.3  41.8 271.3  41.8 1.41E-05 000.7 248.2  52.7 0.017843 0.006542 0.008453 hargrave 2020-10-22 14:22:03 
510.10 271.7  39.4 271.7  39.4 1.39E-05 000.7 252.3  52.5 0.016035 0.007994 0.008102 hargrave 2020-10-22 18:05:10 
510.00 275.8  38.4 275.8  38.4 1.46E-05 000.7 255.3  55.4 0.017404 0.008402 0.007833 hargrave 2020-10-23 12:31:16 
520.00 275.8  37.0 275.8  37.0 1.43E-05 000.7 257.5  55.0 0.016751 0.008018 0.008159 hargrave 2020-10-23 15:35:02 
500.20 271.1  37.7 271.1  37.7 1.33E-05 000.7 254.8  51.6 0.016055 0.009117 0.008467 hargrave 2020-10-25 16:31:09 
520.10 269.3  40.4 269.3  40.4 1.29E-05 000.7 250.1  51.0 0.017329 0.007775 0.007504 hargrave 2020-10-26 11:03:01 
530.10 268.2  36.6 268.2  36.6 1.21E-05 000.7 255.3  49.1 0.014714 0.008758 0.007674 hargrave 2020-10-26 17:56:18 
530.00 274.4  40.2 274.4  40.2 1.36E-05 000.8 251.7  54.7 0.017984 0.006473 0.007001 hargrave 2020-10-27 10:36:36 
540.00 274.1  41.1 274.1  41.1 1.31E-05 000.8 250.1  54.7 0.018225 0.006311 0.007036 hargrave 2020-10-27 13:34:59 
520.20 266.8  41.6 266.8  41.6 1.16E-05 000.8 247.4  49.4 0.017943 0.006814 0.006300 hargrave 2020-10-27 16:40:15 
540.10 263.6  38.3 263.6  38.3 1.09E-05 000.9 251.2  46.1 0.017428 0.008309 0.007012 hargrave 2020-10-28 09:31:12 
550.10 259.5  35.7 259.5  35.7 9.26E-06 000.9 253.1  42.1 0.015564 0.006022 0.006285 hargrave 2020-10-28 13:35:42 
550.00 272.7  39.5 272.7  39.5 1.14E-05 000.8 252.3  53.3 0.015973 0.006961 0.006411 hargrave 2020-10-28 16:48:10 
553.00 272.9  37.1 272.9  37.1 1.05E-05 000.8 256.4  52.8 0.014643 0.007878 0.005527 hargrave 2020-10-29 09:18:38 
540.20 254.6  33.2 254.6  33.2 7.78E-06 001.0 253.9  37.5 0.014459 0.005266 0.004913 hargrave 2020-10-31 09:50:34 
553.10 241.1  30.5 241.1  30.5 6.68E-06 001.1 250.5  26.1 0.014673 0.004784 0.006032 hargrave 2020-10-31 13:42:49 
556.10 227.7  16.3 227.7  16.3 5.05E-06 001.3 255.5  08.0 0.011650 0.004427 0.004445 hargrave 2020-10-31 17:19:01 
556.00 272.7  39.0 272.7  39.0 8.18E-06 000.8 253.2  53.2 0.010863 0.004646 0.004183 hargrave 2020-11-01 09:08:02 
559.00 272.5  38.4 272.5  38.4 6.88E-06 000.8 254.0  52.8 0.009960 0.004062 0.004080 hargrave 2020-11-01 12:19:09 
553.20 204.7  07.1 204.7  07.1 4.09E-06 001.4 248.1 -15.2 0.010451 0.003091 0.003155 hargrave 2020-11-01 15:34:06 
559.10 184.3 -12.9 184.3 -12.9 4.81E-06 001.2 249.3 -43.6 0.009508 0.004139 0.003190 hargrave 2020-11-02 09:25:43 
562.10 171.0 -24.1 171.0 -24.1 5.78E-06 000.9 251.0 -60.5 0.008874 0.003416 0.001826 hargrave 2020-11-02 13:00:52 
562.00 272.1  40.4 272.1  40.4 4.17E-06 000.9 250.7  53.0 0.006055 0.003496 0.002198 hargrave 2020-11-02 16:26:11 
565.00 272.0  39.2 272.0  39.2 2.80E-06 000.9 252.7  52.7 0.004164 0.000906 0.002484 hargrave 2020-11-03 09:20:21 
559.20 154.5 -33.4 154.5 -33.4 7.48E-06 000.6 252.4 -77.6 0.006458 0.003904 0.001253 hargrave 2020-11-03 12:37:01 
565.10 151.5 -32.2 151.5 -32.2 8.84E-06 000.5 240.9 -79.1 0.006730 0.003074 0.000227 hargrave 2020-11-03 16:17:56 
570.10 144.4 -33.8 144.4 -33.8 1.02E-05 000.4 219.3 -84.6 0.005990 0.003725 0.000280 hargrave 2020-11-04 09:32:08 
570.00 269.1  42.2 269.1  42.2 1.26E-06 000.7 247.1  51.2 0.001327 0.001015 0.000982 hargrave 2020-11-04 12:55:46 
575.00 273.7  38.1 273.7  38.1 9.58E-07 000.7 255.0  53.7 0.000752 0.000676 0.000667 hargrave 2020-11-04 15:59:45 
565.20 144.4 -36.8 144.4 -36.8 1.05E-05 000.4 250.3 -86.5 0.006745 0.004875 0.019738 hargrave 2020-11-04 19:31:00 
575.10 142.8 -36.7 142.8 -36.7 1.15E-05 000.3 236.7 -87.6 0.005383 0.004387 0.019279 hargrave 2020-11-05 11:02:46 
580.10 142.7 -36.6 142.7 -36.6 1.18E-05 000.3 233.5 -87.6 0.005466 0.004426 0.019253 hargrave 2020-11-05 14:33:00 
580.00 272.3  47.5 272.3  47.5 7.83E-07 000.9 238.8  54.1 0.001161 0.000512 0.001046 hargrave 2020-11-05 17:55:56 
585.00 270.7  41.6 270.7  41.6 7.72E-07 000.9 248.4  52.2 0.001275 0.000537 0.000522 hargrave 2020-11-06 09:15:32 
575.20 143.1 -38.2 143.1 -38.2 1.29E-05 000.4 276.6 -87.8 0.006792 0.005817 0.013252 hargrave 2020-11-06 12:52:56 
585.10 142.0 -36.5 142.0 -36.5 1.33E-05 000.3 224.3 -88.0 0.006522 0.005182 0.013696 hargrave 2020-11-06 17:17:43 
