AX16- 8a mag compass orientation (IGRF corrected)
      0  61.1  60.0   0.0   0.0   1.0
NRM    269.6  38.4 269.6  38.4 2.42E-05 001.4 243.0  39.4 0.058182 0.062545 0.016170 hargrave 2020-10-12 15:29:27 
100.00 269.2  39.2 269.2  39.2 2.41E-05 001.4 241.9  39.2 0.062050 0.059883 0.015753 hargrave 2020-10-14 10:46:18 
100.10 269.5  43.4 269.5  43.4 2.40E-05 001.4 236.6  40.0 0.062079 0.055551 0.014144 hargrave 2020-10-14 16:09:32 
200.10 270.5  39.2 270.5  39.2 2.38E-05 001.5 242.1  40.2 0.061297 0.062093 0.016274 hargrave 2020-10-15 10:58:32 
200.00 269.8  42.3 269.8  42.3 2.37E-05 001.5 238.0  40.1 0.066183 0.055456 0.015717 hargrave 2020-10-15 14:01:43 
300.00 269.9  43.1 269.9  43.1 2.34E-05 001.5 237.0  40.3 0.066291 0.055724 0.015770 hargrave 2020-10-15 16:40:46 
100.20 270.4  41.4 270.4  41.4 2.32E-05 001.0 239.2  40.4 0.046944 0.007812 0.015106 hargrave 2020-10-16 12:58:39 
300.10 269.8  42.3 269.8  42.3 2.27E-05 001.4 238.0  40.1 0.059201 0.051841 0.015886 hargrave 2020-10-18 13:32:16 
400.10 268.5  42.4 268.5  42.4 2.12E-05 001.4 237.7  39.1 0.056375 0.054255 0.014152 hargrave 2020-10-18 17:06:47 
400.00 269.0  41.5 269.0  41.5 2.12E-05 001.6 238.9  39.4 0.061175 0.056901 0.013235 hargrave 2020-10-19 11:13:31 
450.00 268.7  43.4 268.7  43.4 2.02E-05 001.6 236.4  39.4 0.060694 0.056475 0.011920 hargrave 2020-10-19 14:13:22 
300.20 268.2  43.3 268.2  43.3 1.99E-05 001.6 236.6  39.1 0.056547 0.057445 0.012727 hargrave 2020-10-19 18:07:31 
450.10 267.8  37.9 267.8  37.9 1.93E-05 001.6 243.2  37.9 0.053842 0.058945 0.012734 hargrave 2020-10-20 10:46:35 
475.10 265.8  41.3 265.8  41.3 1.83E-05 001.6 238.7  37.0 0.054054 0.056779 0.012346 hargrave 2020-10-20 14:56:38 
475.00 268.5  41.2 268.5  41.2 1.85E-05 001.7 239.2  39.0 0.056458 0.055778 0.010721 hargrave 2020-10-21 10:45:36 
500.00 268.7  39.9 268.7  39.9 1.80E-05 001.7 241.0  38.9 0.052998 0.056713 0.011249 hargrave 2020-10-21 15:13:34 
450.20 267.3  39.7 267.3  39.7 1.76E-05 001.7 240.9  37.8 0.051447 0.056034 0.011349 hargrave 2020-10-22 10:16:43 
500.10 265.5  39.8 265.5  39.8 1.72E-05 001.7 240.6  36.5 0.051089 0.056643 0.012146 hargrave 2020-10-22 14:03:13 
510.10 265.6  38.8 265.6  38.8 1.71E-05 001.7 241.8  36.4 0.051341 0.057203 0.011066 hargrave 2020-10-22 17:46:21 
510.00 268.7  40.7 268.7  40.7 1.72E-05 001.8 240.0  39.1 0.053016 0.054128 0.010205 hargrave 2020-10-23 12:16:34 
520.00 269.0  39.9 269.0  39.9 1.68E-05 001.8 241.0  39.2 0.052629 0.054811 0.010598 hargrave 2020-10-23 15:20:30 
500.20 264.5  38.8 264.5  38.8 1.59E-05 001.8 241.6  35.5 0.051943 0.057238 0.010629 hargrave 2020-10-25 16:13:57 
520.10 263.7  39.3 263.7  39.3 1.56E-05 001.9 240.8  35.0 0.051342 0.056775 0.010066 hargrave 2020-10-26 10:45:55 
530.10 261.9  40.1 261.9  40.1 1.51E-05 001.9 239.5  33.8 0.051590 0.056543 0.010409 hargrave 2020-10-26 17:39:06 
530.00 268.6  39.6 268.6  39.6 1.60E-05 001.8 241.3  38.8 0.049972 0.053848 0.010160 hargrave 2020-10-27 10:23:32 
540.00 268.5  41.0 268.5  41.0 1.56E-05 001.9 239.5  38.9 0.053119 0.053377 0.010546 hargrave 2020-10-27 13:21:46 
520.20 262.7  39.1 262.7  39.1 1.45E-05 002.0 240.8  34.3 0.051201 0.055412 0.010116 hargrave 2020-10-27 16:22:54 
540.10 258.2  39.6 258.2  39.6 1.42E-05 001.9 239.2  31.0 0.052810 0.055233 0.009702 hargrave 2020-10-28 09:13:42 
550.10 254.9  34.6 254.9  34.6 1.28E-05 002.0 243.8  27.0 0.050322 0.058229 0.009793 hargrave 2020-10-28 13:18:21 
550.00 267.9  39.8 267.9  39.8 1.42E-05 002.1 240.9  38.3 0.052435 0.055370 0.009381 hargrave 2020-10-28 16:35:05 
553.00 267.7  39.6 267.7  39.6 1.37E-05 002.2 241.1  38.1 0.049669 0.056530 0.008586 hargrave 2020-10-29 09:05:31 
540.20 250.8  35.4 250.8  35.4 1.17E-05 002.0 241.7  24.2 0.047188 0.053827 0.009788 hargrave 2020-10-31 09:32:48 
553.10 240.6  35.5 240.6  35.5 1.06E-05 002.0 238.1  16.5 0.047472 0.054999 0.008569 hargrave 2020-10-31 13:25:30 
556.10 234.9  28.3 234.9  28.3 9.62E-06 002.0 242.4  08.9 0.045011 0.053255 0.007851 hargrave 2020-10-31 17:01:40 
556.00 267.2  40.3 267.2  40.3 1.13E-05 002.5 240.2  37.8 0.045632 0.053706 0.007134 hargrave 2020-11-01 08:54:54 
559.00 266.6  41.9 266.6  41.9 1.01E-05 002.7 238.1  37.7 0.044018 0.053013 0.007003 hargrave 2020-11-01 12:06:11 
553.20 219.3  19.2 219.3  19.2 7.88E-06 002.5 242.3 -08.0 0.042950 0.054178 0.006521 hargrave 2020-11-01 15:16:53 
559.10 210.8  14.9 210.8  14.9 7.88E-06 002.1 240.8 -17.1 0.033684 0.055291 0.013825 hargrave 2020-11-02 09:08:26 
562.10 194.9  02.4 194.9  02.4 7.70E-06 003.4 240.1 -37.1 0.042233 0.054446 0.014419 hargrave 2020-11-02 12:43:40 
562.00 265.6  41.1 265.6  41.1 7.25E-06 001.0 239.0  36.8 0.014675 0.002927 0.004267 hargrave 2020-11-02 16:12:20 
565.00 269.0  42.9 269.0  42.9 5.14E-06 005.3 237.1  39.6 0.037258 0.050251 0.003285 hargrave 2020-11-03 09:07:07 
559.20 180.0 -10.9 180.0 -10.9 7.89E-06 004.0 240.8 -57.0 0.038771 0.052387 0.015096 hargrave 2020-11-03 12:19:47 
565.10 176.6 -16.8 176.6 -16.8 9.53E-06 003.5 246.2 -63.2 0.038099 0.053184 0.015800 hargrave 2020-11-03 15:59:48 
570.10 163.2 -25.1 163.2 -25.1 1.19E-05 000.5 248.3 -78.2 0.009839 0.005881 0.016834 hargrave 2020-11-04 09:13:13 
570.00 260.1  42.0 260.1  42.0 2.54E-06 001.2 236.9  33.0 0.006202 0.000815 0.002097 hargrave 2020-11-04 12:42:42 
575.00 263.9  43.2 263.9  43.2 1.77E-06 001.1 236.1  36.0 0.003361 0.000823 0.001603 hargrave 2020-11-04 15:46:39 
565.20 159.4 -27.6 159.4 -27.6 1.22E-05 000.5 253.9 -82.4 0.009496 0.006032 0.017088 hargrave 2020-11-04 19:12:57 
575.10 155.3 -27.0 155.3 -27.0 1.46E-05 000.4 231.6 -85.2 0.008271 0.005874 0.011782 hargrave 2020-11-05 10:43:50 
580.10 155.1 -29.5 155.1 -29.5 1.54E-05 000.4 262.0 -86.5 0.008278 0.007695 0.013056 hargrave 2020-11-05 14:14:53 
580.00 264.5  47.0 264.5  47.0 1.01E-06 001.1 231.6  36.9 0.002427 0.000658 0.000828 hargrave 2020-11-05 17:42:53 
585.00 273.9  42.4 273.9  42.4 9.98E-07 000.9 238.3  43.1 0.001894 0.000542 0.000738 hargrave 2020-11-06 09:02:29 
575.20 152.4 -31.2 152.4 -31.2 1.65E-05 000.3 317.7 -88.3 0.005312 0.006143 0.012418 hargrave 2020-11-06 12:34:09 
585.10 156.1 -31.0 156.1 -31.0 1.70E-05 000.3 283.9 -85.6 0.007294 0.007799 0.012034 hargrave 2020-11-06 16:59:43 
