AX16- 4a mag compass orientation (IGRF corrected)
      0  61.1  63.0   0.0   0.0   1.0
NRM    278.7  45.7 278.7  45.7 3.00E-05 001.2 231.2  44.8 0.058626 0.035004 0.014027 hargrave 2019-12-20 12:40:20 
100.00 279.1  45.3 279.1  45.3 3.00E-05 001.3 231.7  45.1 0.059953 0.036062 0.014716 hargrave 2019-12-21 13:55:18 
100.10 279.4  44.5 279.4  44.5 2.99E-05 001.3 232.9  45.4 0.060306 0.033251 0.015573 hargrave 2019-12-22 14:11:02 
200.10 279.4  47.8 279.4  47.8 2.95E-05 001.2 228.2  45.0 0.059019 0.030725 0.015804 hargrave 2019-12-23 12:53:52 
200.00 280.3  45.0 280.3  45.0 2.95E-05 001.4 232.1  46.0 0.064538 0.031974 0.022742 hargrave 2019-12-24 13:49:32 
300.00 281.0  47.3 281.0  47.3 2.85E-05 001.4 228.7  46.1 0.063345 0.034444 0.017925 hargrave 2019-12-25 14:16:34 
100.20 280.4  46.0 280.4  46.0 2.85E-05 001.5 230.6  46.0 0.065541 0.035316 0.019416 hargrave 2019-12-26 12:55:13 
300.10 279.8  46.4 279.8  46.4 2.80E-05 001.6 230.1  45.5 0.067565 0.038323 0.020514 hargrave 2019-12-26 16:51:00 
400.10 277.5  49.0 277.5  49.0 2.46E-05 001.1 226.8  43.6 0.050607 0.010321 0.016375 hargrave 2019-12-27 14:28:21 
400.00 279.2  47.8 279.2  47.8 2.49E-05 001.0 228.3  44.9 0.046147 0.008048 0.017012 hargrave 2019-12-28 14:27:17 
425.00 279.9  49.6 279.9  49.6 2.42E-05 001.0 225.7  45.0 0.043004 0.010774 0.016211 hargrave 2019-12-29 13:00:25 
300.20 277.3  44.3 277.3  44.3 2.39E-05 000.9 233.3  44.0 0.039782 0.007095 0.017935 hargrave 2019-12-29 17:07:34 
425.10 275.6  46.5 275.6  46.5 2.31E-05 000.9 230.4  42.6 0.041594 0.006447 0.015558 hargrave 2019-12-30 12:59:40 
450.10 275.4  42.0 275.4  42.0 2.20E-05 001.0 236.6  42.6 0.031505 0.014718 0.016295 hargrave 2019-12-30 18:04:52 
450.00 276.6  42.5 276.6  42.5 2.27E-05 000.8 235.8  43.5 0.035927 0.004476 0.027549 hargrave 2019-12-31 19:17:44 
475.00 276.8  47.0 276.8  47.0 2.23E-05 000.9 229.7  43.4 0.040060 0.007897 0.025813 hargrave 2020-01-01 12:00:17 
425.20 273.5  47.0 273.5  47.0 2.16E-05 001.0 229.8  41.1 0.041336 0.009501 0.024577 hargrave 2020-01-01 15:41:49 
475.10 272.4  47.7 272.4  47.7 2.09E-05 001.0 229.0  40.3 0.041039 0.008629 0.012084 hargrave 2020-01-02 11:05:53 
500.10 270.1  44.5 270.1  44.5 1.94E-05 001.0 233.1  38.8 0.041462 0.008318 0.011620 hargrave 2020-01-02 15:20:06 
500.00 275.5  46.6 275.5  46.6 2.05E-05 001.0 230.2  42.5 0.040789 0.008574 0.022434 hargrave 2020-01-03 12:57:59 
520.00 276.1  43.2 276.1  43.2 1.99E-05 001.0 234.8  43.1 0.040263 0.010202 0.022804 hargrave 2020-01-03 17:25:57 
475.20 271.0  47.9 271.0  47.9 1.88E-05 001.1 228.8  39.4 0.042165 0.010408 0.010493 hargrave 2020-01-14 13:35:26 
520.10 266.7  40.4 266.7  40.4 1.77E-05 000.9 238.1  36.0 0.032043 0.006753 0.013279 hargrave 2020-01-18 12:37:25 
530.10 263.7  45.6 263.7  45.6 1.64E-05 001.0 231.4  34.3 0.032393 0.008736 0.011626 hargrave 2020-01-18 16:28:27 
530.00 275.2  43.6 275.2  43.6 1.83E-05 000.9 234.3  42.5 0.030948 0.008912 0.012806 hargrave 2020-01-19 12:45:29 
540.00 274.9  43.3 274.9  43.3 1.69E-05 000.9 234.8  42.2 0.029453 0.005298 0.011154 hargrave 2020-01-19 16:14:54 
520.20 260.9  43.3 260.9  43.3 1.44E-05 001.0 233.9  32.1 0.029296 0.007402 0.010561 hargrave 2020-01-20 12:50:35 
540.10 252.8  40.7 252.8  40.7 1.34E-05 001.1 235.4  25.7 0.029574 0.004924 0.010252 hargrave 2020-01-20 16:51:12 
550.10 218.6  36.4 218.6  36.4 8.56E-06 001.4 228.1 -00.3 0.022952 0.006060 0.006742 hargrave 2020-01-21 10:48:10 
550.00 272.0  45.3 272.0  45.3 1.13E-05 000.9 232.2  40.1 0.020880 0.004129 0.007494 hargrave 2020-01-21 14:17:10 
555.00 275.5  45.6 275.5  45.6 7.72E-06 000.9 231.6  42.5 0.013406 0.003303 0.005563 hargrave 2020-01-21 17:51:32 
540.20 200.1  23.5 200.1  23.5 6.02E-06 001.4 227.8 -20.8 0.015608 0.003827 0.004834 hargrave 2020-01-22 12:50:02 
555.10 176.2  03.6 176.2  03.6 7.69E-06 001.2 222.2 -51.0 0.015489 0.004788 0.003632 hargrave 2020-01-23 09:58:13 
560.10 160.8 -11.0 160.8 -11.0 9.99E-06 000.8 211.6 -71.5 0.012703 0.005843 0.001711 hargrave 2020-01-23 14:18:01 
560.00 276.4  49.7 276.4  49.7 3.76E-06 001.1 226.0  42.8 0.007583 0.001874 0.002127 hargrave 2020-01-24 09:13:59 
562.00 272.8  50.1 272.8  50.1 3.53E-06 001.0 225.8  40.4 0.006417 0.001821 0.002420 hargrave 2020-01-24 13:02:24 
555.20 160.3 -14.4 160.3 -14.4 1.10E-05 000.7 216.0 -74.8 0.012307 0.005962 0.001545 hargrave 2020-01-24 16:59:28 
562.10 161.3 -14.9 161.3 -14.9 1.24E-05 000.7 220.0 -74.6 0.013717 0.006000 0.002016 hargrave 2020-01-25 12:47:01 
564.10 153.3 -11.7 153.3 -11.7 1.31E-05 000.6 188.0 -74.5 0.012570 0.007382 0.001089 hargrave 2020-01-25 16:42:13 
564.00 271.8  50.9 271.8  50.9 2.26E-06 001.1 224.8  39.8 0.005036 0.001336 0.001695 hargrave 2020-01-26 14:38:09 
566.00 274.1  47.9 274.1  47.9 2.33E-06 001.0 228.6  41.5 0.004612 0.001098 0.001398 hargrave 2020-01-26 17:53:56 
562.20 147.8 -19.4 147.8 -19.4 1.36E-05 000.5 157.5 -81.9 0.008732 0.006960 0.000411 hargrave 2020-01-27 11:03:21 
566.10 150.3 -23.5 150.3 -23.5 1.38E-05 000.4 168.8 -86.4 0.006730 0.005828 0.001449 hargrave 2020-01-27 14:49:49 
570.10 152.1 -22.2 152.1 -22.2 1.47E-05 000.5 190.9 -85.2 0.010170 0.007328 0.001495 hargrave 2020-01-28 11:08:00 
570.00 266.2  48.4 266.2  48.4 1.67E-06 001.2 228.2  36.2 0.004136 0.001074 0.001178 hargrave 2020-01-28 17:16:49 
575.00 279.8  53.0 279.8  53.0 1.52E-06 001.0 221.0  44.3 0.002987 0.000898 0.000983 hargrave 2020-01-29 10:49:03 
566.20 150.7 -24.2 150.7 -24.2 1.52E-05 000.4 172.6 -87.2 0.007614 0.006372 0.004366 hargrave 2020-01-29 14:26:34 
575.10 147.7 -24.6 147.7 -24.6 1.56E-05 000.4 127.7 -86.1 0.007609 0.007515 0.001487 hargrave 2020-01-30 11:02:16 
580.10 148.9 -21.3 148.9 -21.3 1.60E-05 000.4 160.3 -84.0 0.009636 0.007710 0.000828 hargrave 2020-01-30 14:55:51 
580.00 267.0  47.5 267.0  47.5 1.18E-06 001.1 229.2  36.7 0.002422 0.000572 0.001011 hargrave 2020-01-31 10:47:38 
585.00 266.1  46.8 266.1  46.8 9.87E-07 001.1 230.1  36.1 0.002068 0.000589 0.000716 hargrave 2020-01-31 14:23:26 
575.20 149.7 -23.3 149.7 -23.3 1.66E-05 000.4 161.1 -86.1 0.009009 0.007390 0.001632 hargrave 2020-01-31 18:09:17 
585.10 146.4 -27.0 146.4 -27.0 1.71E-05 000.3 089.4 -85.8 0.006295 0.007621 0.002295 hargrave 2020-02-01 13:01:40 
