AX16- 7a mag compass orientation (IGRF corrected)
      0  66.1  51.0   0.0   0.0   1.0
NRM    269.0  44.8 269.0  44.8 1.94E-05 001.0 240.2  41.1 0.035273 0.010174 0.011520 hargrave 2019-12-20 16:12:38 
100.00 269.3  46.0 269.3  46.0 1.94E-05 001.1 238.7  41.7 0.038857 0.009157 0.011154 hargrave 2019-12-22 11:36:16 
100.10 269.8  45.4 269.8  45.4 1.91E-05 001.0 239.7  41.9 0.037149 0.010144 0.012528 hargrave 2019-12-22 17:17:39 
200.10 272.3  41.8 272.3  41.8 1.87E-05 001.0 245.1  42.5 0.034401 0.009949 0.014007 hargrave 2019-12-23 16:13:13 
200.00 271.3  44.9 271.3  44.9 1.86E-05 001.1 240.7  42.8 0.036656 0.012176 0.014167 hargrave 2019-12-24 14:46:09 
300.00 269.6  47.7 269.6  47.7 1.82E-05 001.1 236.7  42.4 0.035657 0.006529 0.013486 hargrave 2019-12-25 15:14:04 
100.20 271.9  41.5 271.9  41.5 1.82E-05 001.1 245.3  42.1 0.035445 0.007167 0.015266 hargrave 2019-12-26 14:07:55 
300.10 270.5  42.3 270.5  42.3 1.77E-05 001.0 243.9  41.4 0.032932 0.005628 0.015485 hargrave 2019-12-26 18:03:40 
400.10 266.4  47.9 266.4  47.9 1.60E-05 001.0 235.6  40.4 0.029960 0.004548 0.014582 hargrave 2019-12-27 15:39:59 
400.00 268.2  47.1 268.2  47.1 1.61E-05 001.1 237.1  41.3 0.031416 0.005221 0.013301 hargrave 2019-12-28 15:23:01 
425.00 268.6  46.2 268.6  46.2 1.58E-05 001.0 238.4  41.3 0.028729 0.004061 0.013349 hargrave 2019-12-29 13:56:32 
300.20 267.6  46.6 267.6  46.6 1.55E-05 000.9 237.5  40.8 0.023950 0.004009 0.012985 hargrave 2019-12-29 18:19:20 
425.10 271.6  34.7 271.6  34.7 1.52E-05 000.8 253.6  39.3 0.021738 0.009791 0.010277 hargrave 2019-12-30 14:13:07 
450.10 269.0  38.5 269.0  38.5 1.48E-05 000.8 247.9  38.9 0.021531 0.006955 0.010252 hargrave 2019-12-30 20:28:16 
450.00 269.2  40.0 269.2  40.0 1.48E-05 001.0 246.2  39.6 0.023824 0.005389 0.027477 hargrave 2019-12-31 20:17:00 
475.00 266.4  43.7 266.4  43.7 1.45E-05 001.0 240.8  39.0 0.027164 0.006747 0.025838 hargrave 2020-01-01 12:58:39 
425.20 263.1  43.5 263.1  43.5 1.42E-05 001.0 239.9  36.7 0.025874 0.007836 0.025286 hargrave 2020-01-01 16:57:23 
475.10 264.7  40.7 264.7  40.7 1.39E-05 001.0 243.7  36.7 0.027379 0.008812 0.008161 hargrave 2020-01-02 12:18:43 
500.10 263.3  39.2 263.3  39.2 1.29E-05 001.0 244.9  35.2 0.024754 0.008037 0.007511 hargrave 2020-01-02 16:32:59 
500.00 268.6  39.3 268.6  39.3 1.35E-05 001.0 246.9  38.9 0.026574 0.009091 0.007060 hargrave 2020-01-03 13:54:35 
520.00 270.5  36.4 270.5  36.4 1.31E-05 001.0 251.0  39.2 0.024403 0.010300 0.007206 hargrave 2020-01-03 18:22:36 
475.20 265.9  38.7 265.9  38.7 1.23E-05 001.1 246.4  36.8 0.025519 0.008015 0.007218 hargrave 2020-01-14 14:48:14 
520.10 258.9  37.5 258.9  37.5 1.15E-05 000.8 244.9  31.3 0.019019 0.006872 0.008656 hargrave 2020-01-18 13:50:02 
530.10 258.5  34.1 258.5  34.1 1.08E-05 000.9 248.2  29.4 0.018870 0.007366 0.008229 hargrave 2020-01-18 17:41:56 
530.00 267.3  39.5 267.3  39.5 1.18E-05 000.9 246.1  38.1 0.020784 0.005736 0.007794 hargrave 2020-01-19 13:41:55 
540.00 266.3  39.7 266.3  39.7 1.09E-05 000.9 245.4  37.5 0.017551 0.006927 0.007176 hargrave 2020-01-19 17:11:18 
520.20 250.9  38.3 250.9  38.3 9.58E-06 001.0 240.6  26.2 0.019414 0.004372 0.007472 hargrave 2020-01-20 14:02:22 
540.10 246.3  31.3 246.3  31.3 8.83E-06 001.0 244.9  19.2 0.017759 0.004738 0.007261 hargrave 2020-01-20 18:03:12 
550.10 225.9  14.9 225.9  14.9 6.05E-06 001.3 245.6 -05.6 0.014369 0.004080 0.005123 hargrave 2020-01-21 12:00:00 
550.00 264.2  37.4 264.2  37.4 7.55E-06 001.0 247.2  35.0 0.014130 0.003551 0.005492 hargrave 2020-01-21 15:13:37 
555.00 268.1  37.4 268.1  37.4 5.34E-06 000.9 248.8  37.8 0.009190 0.002966 0.003436 hargrave 2020-01-21 18:48:02 
540.20 209.3  01.9 209.3  01.9 4.79E-06 001.4 243.3 -26.4 0.011882 0.004046 0.003503 hargrave 2020-01-22 14:02:02 
555.10 193.4 -10.7 193.4 -10.7 6.10E-06 001.2 239.7 -46.4 0.012469 0.004483 0.003090 hargrave 2020-01-23 11:11:36 
560.10 171.6 -26.3 171.6 -26.3 7.55E-06 000.7 230.4 -71.8 0.008875 0.004455 0.003267 hargrave 2020-01-23 15:37:08 
560.00 263.9  47.9 263.9  47.9 2.07E-06 001.0 234.9  38.8 0.003826 0.001090 0.001496 hargrave 2020-01-24 10:11:19 
562.00 263.9  43.7 263.9  43.7 1.74E-06 000.8 240.0  37.3 0.002525 0.001050 0.001160 hargrave 2020-01-24 13:58:27 
555.20 166.3 -29.0 166.3 -29.0 8.58E-06 000.7 223.3 -77.0 0.009329 0.004874 0.002014 hargrave 2020-01-24 18:12:05 
562.10 162.8 -32.2 162.8 -32.2 9.52E-06 000.6 220.7 -81.3 0.008036 0.004833 0.002130 hargrave 2020-01-25 14:00:37 
564.10 161.3 -35.1 161.3 -35.1 9.89E-06 000.5 228.4 -84.3 0.007739 0.005412 0.002264 hargrave 2020-01-25 17:55:10 
564.00 264.6  33.9 264.6  33.9 9.21E-07 000.8 251.2  33.7 0.001259 0.000922 0.000852 hargrave 2020-01-26 15:33:49 
566.00 260.2  38.2 260.2  38.2 9.64E-07 001.0 244.7  32.6 0.001909 0.000674 0.000598 hargrave 2020-01-26 18:50:25 
562.20 157.6 -34.7 157.6 -34.7 1.08E-05 000.4 196.1 -85.5 0.006288 0.004792 0.002201 hargrave 2020-01-27 12:17:00 
566.10 162.0 -35.5 162.0 -35.5 1.11E-05 000.5 235.1 -84.1 0.007893 0.005508 0.002812 hargrave 2020-01-27 16:05:36 
570.10 158.8 -35.1 158.8 -35.1 1.17E-05 000.4 210.1 -85.6 0.006929 0.005196 0.002396 hargrave 2020-01-28 12:22:44 
570.00 249.7  49.2 249.7  49.2 4.52E-07 001.3 229.3  30.5 0.001224 0.000347 0.000656 hargrave 2020-01-28 18:13:37 
575.00 272.4  48.9 272.4  48.9 4.28E-07 001.0 235.7  44.5 0.000799 0.000233 0.000338 hargrave 2020-01-29 11:44:43 
566.20 158.9 -35.9 158.9 -35.9 1.22E-05 000.4 216.1 -86.2 0.007651 0.005914 0.004846 hargrave 2020-01-29 15:41:24 
575.10 159.2 -36.9 159.2 -36.9 1.26E-05 000.5 230.2 -86.8 0.008249 0.006578 0.002769 hargrave 2020-01-30 12:18:07 
580.10 159.3 -35.9 159.3 -35.9 1.27E-05 000.5 219.6 -86.0 0.007896 0.006134 0.003138 hargrave 2020-01-30 16:11:00 
580.00 252.2  53.6 252.2  53.6 4.59E-07 001.9 225.2  33.7 0.001704 0.000626 0.000392 hargrave 2020-01-31 11:43:38 
585.00 261.5  61.6 261.5  61.6 3.51E-07 001.2 217.2  40.7 0.000743 0.000256 0.000679 hargrave 2020-01-31 15:18:24 
575.20 161.3 -37.4 161.3 -37.4 1.34E-05 000.4 250.8 -85.6 0.007454 0.006342 0.003312 hargrave 2020-01-31 19:21:41 
585.10 153.8 -36.4 153.8 -36.4 1.37E-05 000.4 143.8 -86.8 0.007019 0.006336 0.002487 hargrave 2020-02-01 14:16:12 
