AX16- 9a mag compass orientation (IGRF corrected)
      0  57.3  60.0   0.0   0.0   1.0
NRM    284.0  42.9 284.0  42.9 4.71E-05 000.9 237.3  53.3 0.056311 0.048660 0.025009 hargrave 2020-10-12 15:31:32 
100.00 284.0  42.6 284.0  42.6 4.70E-05 001.0 237.8  53.3 0.062124 0.053349 0.023738 hargrave 2020-10-14 10:47:52 
100.10 284.5  40.0 284.5  40.0 4.67E-05 001.0 242.1  53.9 0.062793 0.050009 0.022057 hargrave 2020-10-14 16:11:36 
200.10 284.9  39.0 284.9  39.0 4.61E-05 000.8 243.7  54.3 0.050513 0.048958 0.024200 hargrave 2020-10-15 11:00:35 
200.00 285.6  43.5 285.6  43.5 4.63E-05 001.0 236.0  54.4 0.065929 0.052224 0.023831 hargrave 2020-10-15 14:03:15 
300.00 285.4  41.7 285.4  41.7 4.58E-05 001.0 239.1  54.5 0.065150 0.057184 0.023213 hargrave 2020-10-15 16:42:22 
100.20 285.4  39.8 285.4  39.8 4.54E-05 001.0 242.4  54.6 0.060758 0.049631 0.023713 hargrave 2020-10-16 13:00:43 
300.10 283.8  40.0 283.8  40.0 4.40E-05 001.0 242.2  53.4 0.059569 0.047746 0.025030 hargrave 2020-10-18 13:34:18 
400.10 280.7  41.7 280.7  41.7 3.77E-05 000.8 239.6  51.0 0.053210 0.029822 0.020062 hargrave 2020-10-18 17:08:50 
400.00 284.5  39.8 284.5  39.8 3.99E-05 000.8 242.5  53.9 0.056868 0.027902 0.021775 hargrave 2020-10-19 11:15:17 
450.00 284.6  38.9 284.6  38.9 3.63E-05 000.9 244.0  54.1 0.052940 0.031067 0.019898 hargrave 2020-10-19 14:15:07 
300.20 283.4  40.8 283.4  40.8 3.51E-05 000.8 240.9  53.1 0.048828 0.033179 0.019055 hargrave 2020-10-19 18:09:46 
450.10 277.6  39.5 277.6  39.5 3.20E-05 000.9 242.9  48.6 0.046317 0.033235 0.018851 hargrave 2020-10-20 10:48:51 
475.10 273.9  37.6 273.9  37.6 2.85E-05 000.9 245.3  45.6 0.048709 0.010739 0.018829 hargrave 2020-10-20 14:58:54 
475.00 283.5  39.1 283.5  39.1 3.24E-05 000.8 243.6  53.2 0.045967 0.009088 0.017194 hargrave 2020-10-21 10:47:21 
500.00 283.3  39.6 283.3  39.6 2.99E-05 000.8 242.9  53.0 0.043591 0.010920 0.016422 hargrave 2020-10-21 15:15:18 
450.20 274.5  40.6 274.5  40.6 2.63E-05 000.8 241.1  46.3 0.040891 0.011891 0.016272 hargrave 2020-10-22 10:18:58 
500.10 268.6  39.3 268.6  39.3 2.43E-05 000.9 242.3  41.7 0.042561 0.011268 0.016868 hargrave 2020-10-22 14:05:29 
510.10 268.4  36.9 268.4  36.9 2.39E-05 000.9 245.4  41.1 0.041343 0.011130 0.016488 hargrave 2020-10-22 17:48:37 
510.00 282.8  39.9 282.8  39.9 2.75E-05 000.8 242.3  52.6 0.040577 0.010688 0.014618 hargrave 2020-10-23 12:18:19 
520.00 282.2  38.9 282.2  38.9 2.66E-05 000.8 244.0  52.2 0.039678 0.011364 0.015287 hargrave 2020-10-23 15:22:14 
500.20 266.4  36.2 266.4  36.2 2.16E-05 000.9 245.9  39.4 0.038818 0.013363 0.015116 hargrave 2020-10-25 16:16:14 
520.10 262.7  38.4 262.7  38.4 2.06E-05 001.0 242.4  37.0 0.040110 0.009227 0.015597 hargrave 2020-10-26 10:48:10 
530.10 260.1  36.0 260.1  36.0 1.89E-05 000.9 244.8  34.4 0.035820 0.012209 0.013710 hargrave 2020-10-26 17:41:22 
530.00 281.2  40.7 281.2  40.7 2.47E-05 000.9 241.0  51.4 0.040069 0.011228 0.013239 hargrave 2020-10-27 10:25:17 
540.00 281.0  36.8 281.0  36.8 2.39E-05 000.9 247.3  51.2 0.039671 0.012136 0.014026 hargrave 2020-10-27 13:23:32 
520.20 259.8  36.8 259.8  36.8 1.84E-05 001.1 243.7  34.4 0.040072 0.010518 0.013322 hargrave 2020-10-27 16:25:10 
540.10 254.2  37.9 254.2  37.9 1.76E-05 001.1 241.1  30.4 0.036975 0.037202 0.012175 hargrave 2020-10-28 09:16:03 
550.10 244.6  36.8 244.6  36.8 1.58E-05 001.2 239.4  22.8 0.040854 0.010315 0.012190 hargrave 2020-10-28 13:20:36 
550.00 280.0  41.4 280.0  41.4 2.15E-05 000.9 239.9  50.5 0.038613 0.009180 0.012448 hargrave 2020-10-28 16:36:50 
553.00 280.0  40.4 280.0  40.4 2.05E-05 000.9 241.6  50.5 0.034709 0.009345 0.011074 hargrave 2020-10-29 09:07:15 
540.20 244.0  31.0 244.0  31.0 1.46E-05 001.1 245.0  20.1 0.034036 0.012349 0.011582 hargrave 2020-10-31 09:34:54 
553.10 232.5  32.6 232.5  32.6 1.34E-05 001.3 239.2  12.0 0.035630 0.007641 0.010549 hargrave 2020-10-31 13:27:46 
556.10 227.0  25.5 227.0  25.5 1.21E-05 001.3 243.0  04.3 0.031130 0.008449 0.010328 hargrave 2020-10-31 17:03:57 
556.00 278.9  40.5 278.9  40.5 1.77E-05 000.9 241.4  49.6 0.030280 0.008076 0.010445 hargrave 2020-11-01 08:56:39 
559.00 278.9  38.9 278.9  38.9 1.23E-05 000.9 243.9  49.6 0.019912 0.005605 0.007500 hargrave 2020-11-01 12:07:54 
553.20 197.4  05.4 197.4  05.4 9.79E-06 001.4 242.3 -30.4 0.024989 0.007474 0.006297 hargrave 2020-11-01 15:19:08 
559.10 194.2  02.1 194.2  02.1 1.04E-05 001.4 242.9 -35.0 0.025256 0.007333 0.006066 hargrave 2020-11-02 09:10:41 
562.10 187.9  02.3 187.9  02.3 1.13E-05 001.3 237.6 -39.6 0.026616 0.006830 0.006521 hargrave 2020-11-02 12:45:56 
562.00 279.1  39.2 279.1  39.2 1.19E-05 000.9 243.3  49.8 0.019567 0.006622 0.006775 hargrave 2020-11-02 16:14:04 
565.00 279.3  40.5 279.3  40.5 9.97E-06 000.9 241.4  50.0 0.016592 0.004216 0.006134 hargrave 2020-11-03 09:08:52 
559.20 181.7 -09.3 181.7 -09.3 1.14E-05 001.1 244.4 -51.8 0.021894 0.006678 0.004747 hargrave 2020-11-03 12:22:02 
565.10 175.6 -13.1 175.6 -13.1 1.34E-05 000.9 243.3 -58.9 0.021120 0.006376 0.004468 hargrave 2020-11-03 16:02:04 
570.10 159.4 -22.7 159.4 -22.7 1.84E-05 000.6 238.8 -76.9 0.016707 0.008044 0.007663 hargrave 2020-11-04 09:15:29 
570.00 276.8  41.9 276.8  41.9 4.52E-06 000.9 239.3  48.0 0.007459 0.001536 0.003065 hargrave 2020-11-04 12:44:26 
575.00 279.6  39.2 279.6  39.2 2.59E-06 000.8 243.4  50.2 0.003420 0.000962 0.001605 hargrave 2020-11-04 15:48:23 
565.20 154.3 -25.8 154.3 -25.8 1.82E-05 000.5 237.4 -82.5 0.013272 0.007591 0.006858 hargrave 2020-11-04 19:15:12 
575.10 151.8 -26.3 151.8 -26.3 2.18E-05 000.4 228.6 -84.6 0.013024 0.008499 0.012032 hargrave 2020-11-05 10:46:06 
580.10 150.6 -28.0 150.6 -28.0 2.32E-05 000.4 237.0 -86.5 0.011839 0.009098 0.013075 hargrave 2020-11-05 14:17:09 
580.00 272.8  44.2 272.8  44.2 6.40E-07 001.2 235.9  45.1 0.001476 0.000411 0.000579 hargrave 2020-11-05 17:44:37 
585.00 284.8  38.2 284.8  38.2 4.77E-07 000.8 245.2  54.2 0.000712 0.000292 0.000626 hargrave 2020-11-06 09:04:14 
575.20 145.4 -28.5 145.4 -28.5 2.44E-05 000.3 132.3 -87.8 0.008100 0.008759 0.014099 hargrave 2020-11-06 12:36:24 
585.10 151.9 -28.3 151.9 -28.3 2.49E-05 000.4 248.1 -85.7 0.014208 0.010417 0.013498 hargrave 2020-11-06 17:01:58 
