AX16- 12a mag compass orientation (IGRF corrected)
      0  56.3  62.0   0.0   0.0   1.0
NRM    278.4  35.9 278.4  35.9 2.32E-05 000.8 246.4  49.0 0.032163 0.015207 0.012796 hargrave 2020-10-12 15:39:02 
100.00 278.9  35.1 278.9  35.1 2.32E-05 000.9 247.6  49.4 0.035542 0.013601 0.012649 hargrave 2020-10-14 10:53:51 
100.10 279.1  35.1 279.1  35.1 2.30E-05 000.8 247.6  49.5 0.034917 0.014249 0.012774 hargrave 2020-10-14 16:19:07 
200.10 279.2  37.1 279.2  37.1 2.25E-05 000.8 244.6  49.7 0.034323 0.013770 0.012844 hargrave 2020-10-15 11:08:05 
200.00 279.5  35.1 279.5  35.1 2.25E-05 000.9 247.7  49.9 0.037704 0.010966 0.013000 hargrave 2020-10-15 14:09:59 
300.00 279.2  37.1 279.2  37.1 2.20E-05 000.9 244.6  49.7 0.037560 0.010996 0.011958 hargrave 2020-10-15 16:49:12 
100.20 278.6  36.7 278.6  36.7 2.19E-05 000.9 245.2  49.2 0.036269 0.010983 0.012788 hargrave 2020-10-16 13:08:14 
300.10 278.3  34.6 278.3  34.6 2.13E-05 000.8 248.4  48.8 0.031266 0.009079 0.014705 hargrave 2020-10-18 13:42:35 
400.10 278.1  36.1 278.1  36.1 1.97E-05 000.8 246.0  48.7 0.030007 0.011076 0.012052 hargrave 2020-10-18 17:17:55 
400.00 278.9  37.3 278.9  37.3 1.98E-05 000.9 244.2  49.5 0.031849 0.008973 0.010666 hargrave 2020-10-19 11:22:38 
450.00 278.7  38.0 278.7  38.0 1.90E-05 000.9 243.2  49.3 0.030949 0.008056 0.010502 hargrave 2020-10-19 14:22:29 
300.20 277.8  36.2 277.8  36.2 1.87E-05 000.8 246.0  48.5 0.027784 0.012191 0.009829 hargrave 2020-10-19 18:18:35 
450.10 276.3  38.0 276.3  38.0 1.68E-05 000.9 243.1  47.5 0.027544 0.007479 0.009841 hargrave 2020-10-20 10:57:47 
475.10 275.5  34.5 275.5  34.5 1.61E-05 000.9 248.2  46.5 0.025738 0.008666 0.009767 hargrave 2020-10-20 15:07:48 
475.00 277.7  35.8 277.7  35.8 1.66E-05 000.9 246.5  48.4 0.027443 0.009194 0.008830 hargrave 2020-10-21 10:54:40 
500.00 277.5  37.4 277.5  37.4 1.62E-05 000.9 244.1  48.4 0.027102 0.005675 0.008683 hargrave 2020-10-21 15:22:38 
450.20 275.8  35.5 275.8  35.5 1.56E-05 000.8 246.8  46.8 0.024386 0.009488 0.008275 hargrave 2020-10-22 10:26:12 
500.10 275.1  37.2 275.1  37.2 1.50E-05 000.8 244.2  46.4 0.024310 0.007768 0.008195 hargrave 2020-10-22 14:14:22 
510.10 274.3  37.0 274.3  37.0 1.49E-05 000.8 244.5  45.8 0.023583 0.007463 0.008180 hargrave 2020-10-22 17:57:31 
510.00 278.4  35.9 278.4  35.9 1.55E-05 000.9 246.4  49.0 0.025305 0.006676 0.008396 hargrave 2020-10-23 12:25:40 
520.00 277.3  36.7 277.3  36.7 1.52E-05 000.9 245.2  48.2 0.024903 0.006888 0.008697 hargrave 2020-10-23 15:29:31 
500.20 274.6  31.9 274.6  31.9 1.44E-05 000.8 251.8  45.4 0.021826 0.009919 0.009049 hargrave 2020-10-25 16:23:30 
520.10 272.2  36.6 272.2  36.6 1.41E-05 000.9 244.8  44.1 0.024282 0.007735 0.008634 hargrave 2020-10-26 10:55:25 
530.10 271.7  36.8 271.7  36.8 1.34E-05 000.8 244.6  43.7 0.021317 0.006829 0.008391 hargrave 2020-10-26 17:48:39 
530.00 276.9  37.3 276.9  37.3 1.45E-05 000.9 244.3  47.9 0.024499 0.006086 0.008116 hargrave 2020-10-27 10:30:59 
540.00 277.4  35.4 277.4  35.4 1.43E-05 001.0 247.0  48.2 0.025416 0.006180 0.008229 hargrave 2020-10-27 13:29:16 
520.20 271.8  34.2 271.8  34.2 1.33E-05 000.9 248.0  43.5 0.023641 0.009482 0.008600 hargrave 2020-10-27 16:32:26 
540.10 270.8  34.2 270.8  34.2 1.27E-05 001.0 247.9  42.6 0.023253 0.009123 0.008059 hargrave 2020-10-28 09:23:20 
550.10 267.0  31.4 267.0  31.4 1.17E-05 001.0 250.8  39.0 0.022639 0.008834 0.007519 hargrave 2020-10-28 13:27:53 
550.00 276.1  37.3 276.1  37.3 1.31E-05 001.0 244.1  47.3 0.024237 0.006361 0.007466 hargrave 2020-10-28 16:42:31 
553.00 276.1  34.1 276.1  34.1 1.25E-05 001.0 248.8  47.0 0.022886 0.008565 0.006453 hargrave 2020-10-29 09:12:56 
540.20 263.6  31.1 263.6  31.1 1.07E-05 001.1 250.3  36.1 0.019905 0.018035 0.007525 hargrave 2020-10-31 09:42:29 
553.10 255.3  34.7 255.3  34.7 9.53E-06 001.1 244.1  30.3 0.021026 0.006441 0.006943 hargrave 2020-10-31 13:35:04 
556.10 246.4  32.3 246.4  32.3 7.91E-06 001.1 244.2  22.5 0.018521 0.004704 0.005695 hargrave 2020-10-31 17:11:14 
556.00 275.4  33.1 275.4  33.1 1.05E-05 000.9 250.1  46.3 0.017866 0.006534 0.005857 hargrave 2020-11-01 09:02:22 
559.00 274.4  35.9 274.4  35.9 9.45E-06 001.0 246.0  45.8 0.017715 0.004598 0.005578 hargrave 2020-11-01 12:13:33 
553.20 229.8  18.7 229.8  18.7 6.46E-06 001.3 250.5  03.2 0.016099 0.005433 0.004678 hargrave 2020-11-01 15:26:23 
559.10 211.2  09.5 211.2  09.5 6.32E-06 001.4 249.0 -16.9 0.016831 0.006712 0.004880 hargrave 2020-11-02 09:17:58 
562.10 195.5 -02.0 195.5 -02.0 6.28E-06 001.3 250.0 -36.3 0.014551 0.005089 0.003777 hargrave 2020-11-02 12:53:10 
562.00 275.0  36.6 275.0  36.6 6.94E-06 001.0 245.1  46.3 0.013026 0.003983 0.003874 hargrave 2020-11-02 16:20:32 
565.00 275.5  33.8 275.5  33.8 5.08E-06 000.9 249.3  46.5 0.008789 0.003204 0.003235 hargrave 2020-11-03 09:14:36 
559.20 170.2 -22.6 170.2 -22.6 9.33E-06 000.8 261.3 -67.7 0.010529 0.005748 0.002906 hargrave 2020-11-03 12:29:17 
565.10 163.1 -22.9 163.1 -22.9 1.17E-05 000.6 255.0 -74.0 0.011701 0.005913 0.002017 hargrave 2020-11-03 16:10:11 
570.10 151.7 -27.0 151.7 -27.0 1.60E-05 000.4 259.7 -85.1 0.008811 0.007258 0.006568 hargrave 2020-11-04 09:24:20 
570.00 275.0  40.0 275.0  40.0 2.24E-06 000.9 240.1  46.5 0.003155 0.001125 0.001661 hargrave 2020-11-04 12:50:07 
575.00 282.6  39.9 282.6  39.9 1.43E-06 001.0 240.1  52.3 0.002518 0.000749 0.000693 hargrave 2020-11-04 15:54:05 
565.20 149.4 -30.7 149.4 -30.7 2.02E-05 000.4 315.6 -86.2 0.009054 0.010168 0.013094 hargrave 2020-11-04 19:23:15 
575.10 148.5 -29.3 148.5 -29.3 2.38E-05 000.3 304.4 -87.7 0.009550 0.010607 0.012762 hargrave 2020-11-05 10:55:00 
580.10 147.3 -30.2 147.3 -30.2 2.69E-05 000.3 338.3 -87.6 0.009935 0.012436 0.012919 hargrave 2020-11-05 14:25:15 
580.00 270.8  44.4 270.8  44.4 8.94E-07 001.0 234.0  43.3 0.001830 0.000474 0.000565 hargrave 2020-11-05 17:50:18 
585.00 277.6  42.8 277.6  42.8 8.36E-07 001.1 235.9  48.3 0.001598 0.000506 0.000987 hargrave 2020-11-06 09:09:54 
575.20 147.1 -32.5 147.1 -32.5 3.77E-05 000.3 351.2 -85.5 0.011613 0.018226 0.013549 hargrave 2020-11-06 12:45:13 
585.10 147.7 -31.7 147.7 -31.7 4.21E-05 000.3 341.8 -86.1 0.014264 0.019523 0.015103 hargrave 2020-11-06 17:10:00 
