AX16- 1a sun compass orientation
      0  55.6  67.0   0.0   0.0   1.0
NRM    278.7  47.2 278.7  47.2 3.15E-05 001.2 225.1  45.6 0.059793 0.033152 0.014233 hargrave 2019-12-20 12:37:09 
100.00 278.1  43.4 278.1  43.4 3.14E-05 001.2 230.6  46.1 0.063995 0.029397 0.016059 hargrave 2019-12-21 13:51:55 
100.10 279.8  46.5 279.8  46.5 3.13E-05 001.2 225.7  46.5 0.062235 0.033783 0.015592 hargrave 2019-12-22 14:07:55 
200.10 278.6  44.2 278.6  44.2 3.07E-05 001.2 229.3  46.3 0.058329 0.028499 0.016890 hargrave 2019-12-23 12:50:44 
200.00 279.6  44.2 279.6  44.2 3.09E-05 001.3 229.1  47.0 0.062907 0.031341 0.017903 hargrave 2019-12-24 13:46:36 
300.00 280.0  45.2 280.0  45.2 3.00E-05 001.4 227.5  46.9 0.064643 0.034491 0.016500 hargrave 2019-12-25 14:13:39 
100.20 278.8  42.9 278.8  42.9 2.99E-05 001.3 231.2  46.7 0.062171 0.034683 0.016944 hargrave 2019-12-26 12:52:18 
300.10 278.8  45.9 278.8  45.9 2.94E-05 001.4 226.9  46.0 0.066157 0.038495 0.016452 hargrave 2019-12-26 16:48:04 
400.10 276.0  45.8 276.0  45.8 2.62E-05 001.0 227.6  44.1 0.051671 0.010129 0.016283 hargrave 2019-12-27 14:25:25 
400.00 278.2  45.3 278.2  45.3 2.68E-05 000.9 227.9  45.7 0.048237 0.007723 0.015960 hargrave 2019-12-28 14:24:11 
425.00 278.6  46.2 278.6  46.2 2.61E-05 000.9 226.6  45.8 0.045653 0.008926 0.015387 hargrave 2019-12-29 12:57:29 
300.20 276.2  44.6 276.2  44.6 2.57E-05 000.9 229.2  44.5 0.044504 0.007658 0.015924 hargrave 2019-12-29 17:04:39 
425.10 273.7  45.2 273.7  45.2 2.46E-05 000.8 228.9  42.6 0.043394 0.005931 0.015411 hargrave 2019-12-30 12:56:44 
450.10 273.0  43.2 273.0  43.2 2.37E-05 000.9 231.8  42.4 0.027209 0.021573 0.015602 hargrave 2019-12-30 18:02:32 
450.00 275.0  43.0 275.0  43.0 2.47E-05 000.7 231.7  44.0 0.039327 0.003864 0.027586 hargrave 2019-12-31 19:14:44 
475.00 274.3  41.5 274.3  41.5 2.39E-05 000.8 233.9  43.7 0.042206 0.024221 0.024908 hargrave 2020-01-01 11:57:21 
425.20 270.9  42.8 270.9  42.8 2.28E-05 000.9 232.5  41.0 0.043788 0.008961 0.024416 hargrave 2020-01-01 15:38:52 
475.10 268.4  43.3 268.4  43.3 2.20E-05 001.0 232.1  39.1 0.045148 0.009291 0.023863 hargrave 2020-01-02 11:02:57 
500.10 265.6  42.0 265.6  42.0 2.01E-05 001.1 233.8  37.1 0.044960 0.009408 0.011905 hargrave 2020-01-02 15:17:10 
500.00 273.2  42.4 273.2  42.4 2.18E-05 000.9 232.7  42.7 0.042798 0.009833 0.022395 hargrave 2020-01-03 12:55:01 
520.00 273.2  40.0 273.2  40.0 2.08E-05 001.0 236.0  42.9 0.042438 0.011266 0.022429 hargrave 2020-01-03 17:23:01 
475.20 267.3  42.8 267.3  42.8 1.92E-05 001.1 232.8  38.4 0.042206 0.011009 0.010682 hargrave 2020-01-14 13:32:31 
520.10 259.9  42.7 259.9  42.7 1.74E-05 000.9 233.0  32.9 0.032585 0.007914 0.013314 hargrave 2020-01-18 12:34:30 
530.10 252.8  46.2 252.8  46.2 1.55E-05 001.1 228.6  28.1 0.033796 0.008581 0.011214 hargrave 2020-01-18 16:25:31 
530.00 271.7  43.1 271.7  43.1 1.83E-05 000.9 232.0  41.5 0.031779 0.008803 0.011563 hargrave 2020-01-19 12:42:33 
540.00 273.1  41.7 273.1  41.7 1.68E-05 000.8 233.7  42.7 0.027434 0.008124 0.010511 hargrave 2020-01-19 16:11:58 
520.20 247.3  49.5 247.3  49.5 1.39E-05 001.1 224.4  24.7 0.033733 0.006857 0.010555 hargrave 2020-01-20 12:47:39 
540.10 226.5  39.6 226.5  39.6 1.11E-05 001.2 230.2  07.9 0.028740 0.005419 0.009087 hargrave 2020-01-20 16:48:15 
550.10 188.0  21.3 188.0  21.3 8.76E-06 001.3 226.2 -29.5 0.021000 0.005774 0.006412 hargrave 2020-01-21 10:45:14 
550.00 265.2  46.4 265.2  46.4 9.91E-06 001.0 228.4  36.7 0.019740 0.003796 0.006912 hargrave 2020-01-21 14:14:14 
555.00 272.8  46.7 272.8  46.7 6.96E-06 000.9 227.1  41.8 0.012811 0.003144 0.004345 hargrave 2020-01-21 17:48:36 
540.20 176.1  06.9 176.1  06.9 8.17E-06 001.2 228.5 -47.8 0.016586 0.004463 0.004794 hargrave 2020-01-22 12:47:07 
555.10 154.6 -00.6 154.6 -00.6 1.20E-05 000.9 202.5 -65.9 0.016650 0.007318 0.003817 hargrave 2020-01-23 09:55:17 
560.10 148.9 -11.5 148.9 -11.5 1.41E-05 000.6 196.0 -78.1 0.012888 0.007179 0.003444 hargrave 2020-01-23 14:15:05 
560.00 271.7  52.6 271.7  52.6 2.44E-06 001.0 219.7  39.8 0.004571 0.001601 0.001736 hargrave 2020-01-24 09:11:02 
562.00 274.7  46.9 274.7  46.9 2.11E-06 000.9 226.4  43.0 0.003669 0.001065 0.001288 hargrave 2020-01-24 12:59:30 
555.20 147.9 -15.9 147.9 -15.9 1.63E-05 000.5 197.3 -82.5 0.011177 0.007116 0.003878 hargrave 2020-01-24 16:56:32 
562.10 147.3 -13.5 147.3 -13.5 1.73E-05 000.5 190.1 -80.3 0.013023 0.007614 0.003218 hargrave 2020-01-25 12:44:05 
564.10 140.9 -10.5 140.9 -10.5 1.85E-05 000.5 159.3 -76.7 0.012962 0.011024 0.002116 hargrave 2020-01-25 16:39:16 
564.00 271.6  50.5 271.6  50.5 1.48E-06 001.1 222.3  40.2 0.003328 0.001059 0.001261 hargrave 2020-01-26 14:35:12 
566.00 282.7  50.0 282.7  50.0 1.27E-06 001.1 220.1  47.1 0.002673 0.000895 0.000415 hargrave 2020-01-26 17:51:00 
562.20 140.9 -15.9 140.9 -15.9 1.97E-05 000.4 147.1 -81.6 0.011021 0.009463 0.004335 hargrave 2020-01-27 11:00:26 
566.10 143.6 -18.1 143.6 -18.1 1.99E-05 000.4 159.1 -84.7 0.011091 0.009553 0.004903 hargrave 2020-01-27 14:46:53 
570.10 145.4 -18.8 145.4 -18.8 2.05E-05 000.4 177.9 -85.8 0.012761 0.009819 0.005654 hargrave 2020-01-28 11:05:04 
570.00 271.0  52.3 271.0  52.3 9.87E-07 001.3 220.2  39.5 0.002582 0.000743 0.000567 hargrave 2020-01-28 17:13:53 
575.00 272.2  55.5 272.2  55.5 9.76E-07 001.0 216.0  39.3 0.002016 0.000653 0.000580 hargrave 2020-01-29 10:46:05 
566.20 143.5 -20.7 143.5 -20.7 2.12E-05 000.4 138.5 -87.0 0.010636 0.008942 0.007509 hargrave 2020-01-29 14:23:36 
575.10 143.4 -19.8 143.4 -19.8 2.17E-05 000.4 146.6 -86.2 0.011559 0.010870 0.006659 hargrave 2020-01-30 10:59:19 
580.10 141.6 -17.4 141.6 -17.4 2.22E-05 000.4 145.1 -83.3 0.011098 0.010107 0.005867 hargrave 2020-01-30 14:52:54 
580.00 303.7  55.7 303.7  55.7 5.62E-07 001.5 200.7  53.5 0.001611 0.000743 0.000560 hargrave 2020-01-31 10:44:41 
585.00 289.5  55.2 289.5  55.2 4.56E-07 001.0 210.3  48.2 0.000796 0.000340 0.000237 hargrave 2020-01-31 14:18:53 
575.20 143.4 -19.0 143.4 -19.0 2.28E-05 000.4 151.9 -85.5 0.012099 0.010399 0.007282 hargrave 2020-01-31 18:06:21 
585.10 141.6 -20.5 141.6 -20.5 2.30E-05 000.3 123.8 -85.5 0.009359 0.009866 0.004668 hargrave 2020-02-01 12:58:44 
