AX22- 8b mag compass orientation (IGRF corrected)
      0  53.2  41.0   0.0   0.0   1.0
NRM    299.9  42.8 299.9  42.8 2.29E-04 000.2 282.2  72.8 0.064794 0.055230 0.049490 hargrave 2020-10-12 16:04:44 
100.00 298.7  43.3 298.7  43.3 2.28E-04 000.2 279.4  72.1 0.072849 0.058077 0.039859 hargrave 2020-10-14 11:13:23 
100.10 300.7  41.4 300.7  41.4 2.17E-04 000.5 287.2  72.5 0.055643 0.155157 0.055996 hargrave 2020-10-14 16:46:28 
200.10 299.3  42.6 299.3  42.6 1.85E-04 000.2 282.0  72.2 0.011667 0.062266 0.047051 hargrave 2020-10-15 11:33:45 
200.00 299.7  43.2 299.7  43.2 1.87E-04 000.2 280.8  72.8 0.023532 0.064669 0.045777 hargrave 2020-10-15 14:30:17 
300.00 299.0  44.5 299.0  44.5 1.77E-04 000.2 276.0  72.9 0.033162 0.056892 0.038745 hargrave 2020-10-15 17:09:34 
100.20 299.7  42.7 299.7  42.7 1.64E-04 000.3 282.3  72.5 0.061986 0.029790 0.041514 hargrave 2020-10-16 13:33:51 
300.10 299.3  42.7 299.3  42.7 1.50E-04 000.3 281.6  72.3 0.051813 0.033202 0.041476 hargrave 2020-10-18 14:08:57 
400.10 297.3  43.1 297.3  43.1 1.23E-04 000.4 278.4  71.2 0.021092 0.078076 0.030689 hargrave 2020-10-18 17:46:00 
400.00 299.8  41.5 299.8  41.5 1.24E-04 000.4 285.7  72.0 0.045525 0.056906 0.036329 hargrave 2020-10-19 11:44:21 
450.00 300.0  42.0 300.0  42.0 1.15E-04 000.5 284.5  72.4 0.023458 0.084183 0.031593 hargrave 2020-10-19 14:44:10 
300.20 299.5  40.7 299.5  40.7 1.06E-04 000.5 287.6  71.3 0.024277 0.078664 0.031204 hargrave 2020-10-19 18:45:27 
450.10 297.8  41.1 297.8  41.1 9.65E-05 000.4 284.3  70.5 0.010154 0.067641 0.026450 hargrave 2020-10-20 11:25:51 
475.10 296.1  40.4 296.1  40.4 8.21E-05 000.5 283.9  69.1 0.011372 0.061768 0.025765 hargrave 2020-10-20 16:09:49 
475.00 300.0  41.4 300.0  41.4 9.09E-05 000.4 286.3  72.0 0.021061 0.057099 0.023686 hargrave 2020-10-21 11:15:31 
500.00 298.5  42.4 298.5  42.4 8.71E-05 000.4 281.7  71.7 0.021557 0.054158 0.022465 hargrave 2020-10-21 15:43:28 
450.20 291.2  38.4 291.2  38.4 6.44E-05 000.4 282.8  64.8 0.016145 0.037718 0.022531 hargrave 2020-10-22 10:53:08 
500.10 285.0  36.2 285.0  36.2 4.67E-05 000.4 280.3  59.6 0.024860 0.019222 0.019735 hargrave 2020-10-22 14:41:33 
510.10 273.7  31.4 273.7  31.4 3.41E-05 000.6 276.8  49.2 0.019794 0.019191 0.019807 hargrave 2020-10-22 18:25:21 
510.00 297.4  41.6 297.4  41.6 6.86E-05 000.4 282.5  70.6 0.048796 0.007418 0.019217 hargrave 2020-10-23 12:44:56 
520.00 296.4  41.4 296.4  41.4 6.58E-05 000.4 281.9  69.7 0.016870 0.032614 0.018602 hargrave 2020-10-23 15:50:16 
500.20 197.8 -39.3 197.8 -39.3 2.82E-05 001.3 276.9 -50.5 0.054203 0.038113 0.019975 hargrave 2020-10-25 16:50:37 
520.10 170.5 -46.9 170.5 -46.9 4.94E-05 000.6 273.7 -71.7 0.037763 0.033498 0.012377 hargrave 2020-10-26 11:21:36 
530.10 156.0 -46.7 156.0 -46.7 8.63E-05 000.4 260.1 -81.1 0.056988 0.033803 0.008949 hargrave 2020-10-26 18:37:53 
530.00 293.9  41.1 293.9  41.1 4.95E-05 000.5 279.9  68.0 0.016259 0.041794 0.018952 hargrave 2020-10-27 10:50:12 
540.00 294.3  40.3 294.3  40.3 4.83E-05 000.8 282.1  67.8 0.061992 0.032760 0.018958 hargrave 2020-10-27 13:48:47 
520.20 149.1 -48.5 149.1 -48.5 1.57E-04 000.3 264.6 -86.1 0.078372 0.054609 0.010982 hargrave 2020-10-27 16:58:52 
540.10 146.3 -47.2 146.3 -47.2 2.11E-04 000.4 229.3 -87.2 0.109508 0.071177 0.018827 hargrave 2020-10-28 09:49:50 
550.10 144.4 -48.4 144.4 -48.4 2.88E-04 000.3 234.7 -89.0 0.125163 0.102465 0.024309 hargrave 2020-10-28 13:54:31 
550.00 291.2  41.5 291.2  41.5 3.31E-05 001.2 276.4  66.4 0.064144 0.031672 0.013039 hargrave 2020-10-28 17:01:45 
553.00 298.1  37.9 298.1  37.9 3.52E-05 000.6 292.1  68.8 0.012783 0.037328 0.014122 hargrave 2020-10-29 09:32:16 
540.20 140.2 -47.9 140.2 -47.9 4.37E-04 000.3 117.5 -87.8 0.171254 0.170542 0.019293 hargrave 2020-10-31 10:09:00 
553.10 141.3 -49.3 141.3 -49.3 5.15E-04 000.3 076.4 -88.7 0.202885 0.199027 0.045844 hargrave 2020-10-31 14:01:31 
556.10 143.3 -46.0 143.3 -46.0 5.95E-04 000.3 180.9 -87.0 0.234888 0.235557 0.074193 hargrave 2020-10-31 17:37:39 
556.00 293.7  38.4 293.7  38.4 2.58E-05 000.6 285.6  66.4 0.005233 0.024483 0.011732 hargrave 2020-11-01 09:22:34 
559.00 293.9  38.4 293.9  38.4 2.62E-05 001.3 285.9  66.5 0.054505 0.031486 0.011040 hargrave 2020-11-01 12:32:39 
553.20 140.0 -46.3 140.0 -46.3 7.94E-04 000.3 140.8 -86.5 0.326504 0.344102 0.103299 hargrave 2020-11-01 15:53:27 
559.10 141.1 -47.7 141.1 -47.7 8.67E-04 000.3 131.5 -88.1 0.334820 0.338782 0.107675 hargrave 2020-11-02 09:45:09 
562.10 141.5 -46.4 141.5 -46.4 9.42E-04 000.3 155.6 -87.1 0.373731 0.342874 0.120476 hargrave 2020-11-02 13:20:16 
562.00 290.1  40.7 290.1  40.7 1.94E-05 000.6 277.1  65.3 0.007891 0.020598 0.008326 hargrave 2020-11-02 16:40:43 
565.00 286.6  40.9 286.6  40.9 1.88E-05 000.6 273.7  63.1 0.010333 0.017824 0.007851 hargrave 2020-11-03 09:34:06 
559.20 138.2 -44.8 138.2 -44.8 1.13E-03 000.4 139.4 -84.6 0.522271 0.503489 0.182614 hargrave 2020-11-03 12:55:37 
565.10 137.6 -45.6 137.6 -45.6 1.20E-03 000.4 129.4 -84.9 0.536416 0.536976 0.186243 hargrave 2020-11-03 16:36:34 
570.10 138.7 -44.2 138.7 -44.2 1.27E-03 000.4 145.4 -84.3 0.555272 0.555128 0.231183 hargrave 2020-11-04 09:52:21 
570.00 289.8  42.5 289.8  42.5 1.40E-05 000.6 273.0  66.0 0.004478 0.014976 0.005843 hargrave 2020-11-04 13:09:21 
575.00 285.9  27.2 285.9  27.2 1.49E-05 000.9 293.5  54.0 0.005259 0.024309 0.007648 hargrave 2020-11-04 16:13:23 
565.20 140.9 -44.5 140.9 -44.5 1.43E-03 000.4 159.6 -85.2 0.638659 0.583447 0.226575 hargrave 2020-11-04 19:50:30 
575.10 138.0 -48.2 138.0 -48.2 1.49E-03 000.3 101.5 -86.5 0.652496 0.622077 0.181338 hargrave 2020-11-05 11:21:29 
580.10 138.8 -45.6 138.8 -45.6 1.55E-03 000.4 136.9 -85.5 0.686451 0.657653 0.225922 hargrave 2020-11-05 14:51:39 
580.00 274.8  40.7 274.8  40.7 9.15E-06 000.9 265.1  55.3 0.009732 0.011828 0.004255 hargrave 2020-11-05 18:09:31 
585.00 304.7  25.2 304.7  25.2 7.63E-06 000.9 322.1  62.2 0.003670 0.012046 0.003224 hargrave 2020-11-06 09:29:07 
575.20 137.5 -47.7 137.5 -47.7 1.69E-03 000.3 107.3 -86.0 0.713430 0.658464 0.211369 hargrave 2020-11-06 13:11:29 
585.10 137.8 -45.6 137.8 -45.6 1.75E-03 000.3 131.1 -85.0 0.697210 0.695577 0.212752 hargrave 2020-11-06 17:37:51 
