AX22- 2b sun compass orientation
      0  54.3  13.0   0.0   0.0   1.0
NRM    283.5  45.6 283.5  45.6 1.20E-05 000.7 307.9  54.6 0.003663 0.016388 0.006270 hargrave 2020-10-12 15:51:05 
100.00 283.1  45.6 283.1  45.6 1.21E-05 000.7 307.4  54.6 0.002037 0.015721 0.005062 hargrave 2020-10-14 11:02:50 
100.10 286.2  43.6 286.2  43.6 1.17E-05 000.9 311.8  53.1 0.001981 0.018680 0.005881 hargrave 2020-10-14 16:31:12 
200.10 283.3  44.5 283.3  44.5 1.12E-05 000.8 308.2  53.5 0.002599 0.016163 0.006158 hargrave 2020-10-15 11:20:09 
200.00 283.0  43.5 283.0  43.5 1.13E-05 000.9 308.1  52.5 0.001039 0.019464 0.006747 hargrave 2020-10-15 14:18:56 
300.00 286.7  45.5 286.7  45.5 1.08E-05 000.9 311.6  55.0 0.001124 0.016831 0.005918 hargrave 2020-10-15 16:58:11 
100.20 283.3  45.2 283.3  45.2 1.09E-05 000.8 307.8  54.2 0.001724 0.016663 0.006771 hargrave 2020-10-16 13:20:14 
300.10 285.7  40.7 285.7  40.7 9.97E-06 000.8 312.3  50.2 0.001747 0.015675 0.005831 hargrave 2020-10-18 13:54:36 
400.10 281.0  37.3 281.0  37.3 8.04E-06 000.9 308.1  46.1 0.001250 0.014374 0.005066 hargrave 2020-10-18 17:30:00 
400.00 279.2  44.3 279.2  44.3 8.78E-06 000.7 303.5  52.5 0.001229 0.011733 0.004548 hargrave 2020-10-19 11:31:16 
450.00 282.8  43.6 282.8  43.6 7.81E-06 000.8 307.9  52.6 0.001461 0.011037 0.003712 hargrave 2020-10-19 14:31:05 
300.20 283.8  39.2 283.8  39.2 6.79E-06 000.9 310.7  48.4 0.001520 0.011327 0.003613 hargrave 2020-10-19 18:30:18 
450.10 278.6  32.9 278.6  32.9 5.39E-06 000.9 306.7  41.4 0.000900 0.009869 0.003295 hargrave 2020-10-20 11:09:35 
475.10 275.3  13.0 275.3  13.0 4.09E-06 001.2 307.9  21.3 0.001952 0.010469 0.002930 hargrave 2020-10-20 15:54:28 
475.00 282.2  48.8 282.2  48.8 5.68E-06 000.7 304.8  57.5 0.000427 0.007812 0.002744 hargrave 2020-10-21 11:03:18 
500.00 280.8  42.6 280.8  42.6 4.79E-06 000.8 306.0  51.2 0.000666 0.007449 0.002815 hargrave 2020-10-21 15:31:13 
450.20 262.9 -37.0 262.9 -37.0 2.72E-06 001.1 305.9 -30.0 0.002167 0.006308 0.001778 hargrave 2020-10-22 10:37:51 
500.10 258.7 -48.5 258.7 -48.5 4.91E-06 001.1 305.9 -41.9 0.004302 0.009571 0.002815 hargrave 2020-10-22 14:26:08 
510.10 263.3 -63.5 263.3 -63.5 5.24E-06 000.9 316.5 -55.4 0.002569 0.007956 0.002391 hargrave 2020-10-22 18:09:13 
510.00 282.8  48.8 282.8  48.8 4.57E-06 000.8 305.5  57.6 0.000373 0.006262 0.001952 hargrave 2020-10-23 12:34:18 
520.00 285.8  47.1 285.8  47.1 3.65E-06 000.7 309.9  56.5 0.000676 0.004428 0.001604 hargrave 2020-10-23 15:38:03 
500.20 232.3 -76.0 232.3 -76.0 6.79E-06 000.6 311.0 -71.3 0.002989 0.006724 0.002651 hargrave 2020-10-25 16:35:12 
520.10 253.3 -76.2 253.3 -76.2 6.53E-06 000.7 322.4 -68.2 0.003612 0.006815 0.002464 hargrave 2020-10-26 11:07:05 
530.10 232.8 -77.3 232.8 -77.3 7.67E-06 000.6 314.3 -72.2 0.003204 0.007382 0.002058 hargrave 2020-10-26 18:16:18 
530.00 275.9  38.3 275.9  38.3 3.63E-06 000.8 302.1  46.2 0.001051 0.005070 0.001959 hargrave 2020-10-27 10:39:37 
540.00 286.4  39.4 286.4  39.4 3.15E-06 001.0 313.6  49.1 0.000421 0.005435 0.001744 hargrave 2020-10-27 13:38:03 
520.20 232.3 -75.6 232.3 -75.6 8.11E-06 000.6 310.1 -71.0 0.003836 0.007927 0.001340 hargrave 2020-10-27 16:44:22 
540.10 230.1 -78.9 230.1 -78.9 9.14E-06 000.6 317.1 -73.6 0.004851 0.009215 0.017952 hargrave 2020-10-28 09:35:16 
550.10 230.0 -80.9 230.0 -80.9 1.02E-05 000.4 323.1 -74.7 0.003202 0.007881 0.019270 hargrave 2020-10-28 13:39:51 
550.00 286.9  48.2 286.9  48.2 2.15E-06 000.9 310.8  57.7 0.000437 0.003425 0.001146 hargrave 2020-10-28 16:51:11 
553.00 272.8  41.9 272.8  41.9 2.33E-06 001.0 297.3  49.0 0.002008 0.003513 0.000866 hargrave 2020-10-29 09:21:38 
540.20 184.9 -78.6 184.9 -78.6 1.12E-05 000.5 300.1 -81.5 0.006891 0.007440 0.018495 hargrave 2020-10-31 09:54:34 
553.10 193.8 -81.1 193.8 -81.1 1.19E-05 000.4 316.5 -80.1 0.005524 0.007752 0.018074 hargrave 2020-10-31 13:46:53 
556.10 169.5 -82.2 169.5 -82.2 1.25E-05 000.4 330.6 -83.2 0.004671 0.006683 0.019114 hargrave 2020-10-31 17:23:05 
556.00 254.5  45.1 254.5  45.1 1.13E-06 001.2 276.7  48.2 0.002245 0.001046 0.000475 hargrave 2020-11-01 09:11:05 
559.00 238.1  06.5 238.1  06.5 6.44E-07 001.4 272.2  07.2 0.001328 0.001450 0.000698 hargrave 2020-11-01 12:22:09 
553.20 183.3 -77.9 183.3 -77.9 1.34E-05 000.4 295.1 -81.6 0.007503 0.007984 0.012772 hargrave 2020-11-01 15:38:09 
559.10 181.8 -80.5 181.8 -80.5 1.46E-05 000.4 313.4 -82.1 0.006488 0.009176 0.012720 hargrave 2020-11-02 09:29:47 
562.10 178.0 -78.2 178.0 -78.2 1.51E-05 000.4 295.2 -82.8 0.008722 0.008602 0.012432 hargrave 2020-11-02 13:04:56 
562.00 167.7  43.6 167.7  43.6 6.90E-07 001.2 199.7  31.5 0.001645 0.000957 0.000763 hargrave 2020-11-02 16:29:17 
565.00 232.8 -02.1 232.8 -02.1 6.36E-07 001.1 269.0 -02.4 0.001099 0.000179 0.000641 hargrave 2020-11-03 09:23:23 
559.20 177.4 -80.2 177.4 -80.2 1.60E-05 000.4 312.0 -82.9 0.007496 0.008875 0.012234 hargrave 2020-11-03 12:41:06 
565.10 155.1 -76.9 155.1 -76.9 1.54E-05 000.4 272.0 -87.6 0.007060 0.006878 0.012871 hargrave 2020-11-03 16:22:01 
570.10 153.1 -78.7 153.1 -78.7 1.69E-05 000.4 316.0 -87.5 0.007767 0.008764 0.013807 hargrave 2020-11-04 09:36:11 
570.00 319.6 -16.7 319.6 -16.7 2.75E-07 004.4 355.5 -03.7 0.001527 0.001924 0.000857 hargrave 2020-11-04 12:58:46 
575.00 026.7  12.5 026.7  12.5 5.99E-07 001.9 065.6  18.2 0.002358 0.001171 0.000227 hargrave 2020-11-04 16:02:46 
565.20 170.8 -79.8 170.8 -79.8 1.76E-05 000.4 309.9 -84.1 0.009374 0.009780 0.014458 hargrave 2020-11-04 19:35:07 
575.10 146.8 -79.5 146.8 -79.5 1.69E-05 000.4 349.5 -87.5 0.006505 0.007972 0.014471 hargrave 2020-11-05 11:06:51 
580.10 159.2 -80.4 159.2 -80.4 1.82E-05 000.3 326.2 -85.6 0.006711 0.008959 0.013827 hargrave 2020-11-05 14:37:04 
580.00 152.2 -24.1 152.2 -24.1 3.80E-07 001.7 189.1 -37.0 0.000900 0.000605 0.000555 hargrave 2020-11-05 17:58:56 
585.00 241.1  07.1 241.1  07.1 5.65E-07 001.5 275.1  08.4 0.001016 0.001862 0.001176 hargrave 2020-11-06 09:18:32 
575.20 156.9 -80.9 156.9 -80.9 1.82E-05 000.4 334.5 -85.4 0.007796 0.009172 0.013738 hargrave 2020-11-06 12:57:00 
585.10 171.2 -78.8 171.2 -78.8 1.90E-05 000.4 301.0 -84.1 0.009938 0.011481 0.012966 hargrave 2020-11-06 17:22:35 
