AX22- 9b mag compass orientation (IGRF corrected)
      0  86.2  47.0   0.0   0.0   1.0
NRM    302.5  45.6 302.5  45.6 1.53E-04 000.3 247.0  52.2 0.050686 0.039373 0.080451 hargrave 2020-10-12 16:06:53 
100.00 302.5  48.0 302.5  48.0 1.53E-04 000.4 243.1  52.8 0.069853 0.054301 0.071899 hargrave 2020-10-14 11:15:02 
100.10 304.5  43.6 304.5  43.6 1.40E-04 000.4 250.8  53.0 0.067870 0.057947 0.073643 hargrave 2020-10-14 16:48:36 
200.10 301.5  43.1 301.5  43.1 1.14E-04 000.3 250.4  50.8 0.037055 0.040915 0.059387 hargrave 2020-10-15 11:35:55 
200.00 302.6  45.3 302.6  45.3 1.14E-04 000.3 247.4  52.2 0.028248 0.020912 0.066401 hargrave 2020-10-15 14:31:55 
300.00 302.3  47.0 302.3  47.0 1.05E-04 000.5 244.6  52.5 0.065596 0.041917 0.057017 hargrave 2020-10-15 17:11:12 
100.20 304.6  45.2 304.6  45.2 1.01E-04 000.5 248.2  53.6 0.058067 0.058171 0.060144 hargrave 2020-10-16 13:36:05 
300.10 304.1  42.8 304.1  42.8 9.03E-05 000.6 251.9  52.5 0.048704 0.062800 0.057710 hargrave 2020-10-18 14:11:06 
400.10 293.3  44.6 293.3  44.6 7.39E-05 000.7 245.2  45.7 0.024061 0.076111 0.050538 hargrave 2020-10-18 17:48:07 
400.00 298.1  41.2 298.1  41.2 7.45E-05 000.7 251.8  47.7 0.065264 0.049677 0.043936 hargrave 2020-10-19 11:45:53 
450.00 298.3  41.6 298.3  41.6 6.60E-05 000.5 251.3  48.0 0.056620 0.028014 0.039434 hargrave 2020-10-19 14:45:42 
300.20 290.4  44.7 290.4  44.7 5.93E-05 000.7 244.1  43.8 0.063101 0.026298 0.034890 hargrave 2020-10-19 18:47:28 
450.10 277.4  41.0 277.4  41.0 4.71E-05 000.7 242.8  33.7 0.045879 0.021108 0.029512 hargrave 2020-10-20 11:27:55 
475.10 249.0  23.6 249.0  23.6 3.44E-05 000.9 241.4  04.3 0.041257 0.022130 0.026055 hargrave 2020-10-20 16:11:53 
475.00 291.2  44.4 291.2  44.4 4.86E-05 000.6 244.8  44.3 0.038655 0.025214 0.028290 hargrave 2020-10-21 11:17:03 
500.00 291.5  43.5 291.5  43.5 4.42E-05 000.6 246.0  44.1 0.031794 0.027831 0.027441 hargrave 2020-10-21 15:45:00 
450.20 210.7 -15.7 210.7 -15.7 4.78E-05 000.7 237.8 -49.9 0.046411 0.029446 0.029570 hargrave 2020-10-22 10:55:11 
500.10 202.5 -25.3 202.5 -25.3 6.26E-05 000.6 239.1 -62.1 0.048723 0.035683 0.028021 hargrave 2020-10-22 14:43:36 
510.10 198.9 -32.6 198.9 -32.6 7.82E-05 000.7 247.3 -69.4 0.071789 0.053699 0.029214 hargrave 2020-10-22 18:27:23 
510.00 295.1  44.0 295.1  44.0 3.67E-05 000.9 246.7  46.7 0.058470 0.026575 0.022058 hargrave 2020-10-23 12:46:28 
520.00 291.7  48.3 291.7  48.3 3.35E-05 000.9 239.8  45.9 0.055319 0.031620 0.020350 hargrave 2020-10-23 15:51:47 
500.20 188.9 -37.0 188.9 -37.0 1.08E-04 000.5 242.5 -78.6 0.062705 0.078062 0.013911 hargrave 2020-10-25 16:52:40 
520.10 183.8 -36.9 183.8 -36.9 1.18E-04 000.4 226.3 -81.6 0.076938 0.038420 0.008558 hargrave 2020-10-26 11:23:39 
530.10 184.1 -39.3 184.1 -39.3 1.33E-04 000.4 240.6 -83.0 0.079175 0.041840 0.009508 hargrave 2020-10-26 18:39:53 
530.00 290.6  46.3 290.6  46.3 2.54E-05 001.0 242.1  44.6 0.047407 0.011934 0.016511 hargrave 2020-10-27 10:51:45 
540.00 294.6  43.2 294.6  43.2 2.59E-05 001.0 247.6  46.1 0.048202 0.010711 0.016068 hargrave 2020-10-27 13:50:20 
520.20 183.6 -42.1 183.6 -42.1 1.58E-04 000.4 262.9 -84.5 0.079722 0.056092 0.012889 hargrave 2020-10-27 17:00:56 
540.10 180.8 -41.3 180.8 -41.3 1.75E-04 000.3 245.9 -86.2 0.084798 0.058071 0.013945 hargrave 2020-10-28 09:51:53 
550.10 180.9 -42.0 180.9 -42.0 1.98E-04 000.3 255.3 -86.4 0.093799 0.066563 0.013983 hargrave 2020-10-28 13:56:35 
550.00 271.5  27.5 271.5  27.5 1.77E-05 001.4 252.3  22.0 0.047572 0.017218 0.013109 hargrave 2020-10-28 17:03:17 
553.00 286.6  36.5 286.6  36.5 1.74E-05 001.1 252.1  37.6 0.037027 0.013398 0.011026 hargrave 2020-10-29 09:33:47 
540.20 177.1 -41.4 177.1 -41.4 2.20E-04 000.3 203.6 -88.3 0.089558 0.079691 0.017308 hargrave 2020-10-31 10:11:11 
553.10 182.0 -42.0 182.0 -42.0 2.30E-04 000.4 258.9 -85.6 0.115546 0.090223 0.024527 hargrave 2020-10-31 14:03:35 
556.10 178.3 -42.3 178.3 -42.3 2.42E-04 000.4 247.5 -88.3 0.103701 0.105583 0.016059 hargrave 2020-10-31 17:39:43 
556.00 268.6  28.2 268.6  28.2 1.85E-05 001.2 250.0  20.5 0.044602 0.016447 0.012675 hargrave 2020-11-01 09:24:07 
559.00 276.7  34.5 276.7  34.5 1.33E-05 001.2 249.0  29.7 0.030981 0.014123 0.010096 hargrave 2020-11-01 12:34:11 
553.20 178.5 -41.1 178.5 -41.1 2.68E-04 000.4 223.0 -87.4 0.126299 0.105912 0.027072 hargrave 2020-11-01 15:55:30 
559.10 179.7 -41.4 179.7 -41.4 2.79E-04 000.3 239.8 -87.0 0.132801 0.096081 0.026884 hargrave 2020-11-02 09:48:01 
562.10 178.8 -42.5 178.8 -42.5 2.89E-04 000.3 256.9 -88.0 0.119835 0.099028 0.019944 hargrave 2020-11-02 13:23:10 
562.00 267.5  40.4 267.5  40.4 1.21E-05 001.0 238.8  27.0 0.027457 0.013819 0.008422 hargrave 2020-11-02 16:42:19 
565.00 266.2  33.9 266.2  33.9 1.39E-05 001.3 243.9  22.3 0.037900 0.008859 0.010943 hargrave 2020-11-03 09:35:39 
559.20 180.1 -41.4 180.1 -41.4 3.03E-04 000.4 242.1 -86.7 0.158966 0.129885 0.030574 hargrave 2020-11-03 12:57:40 
565.10 177.3 -40.8 177.3 -40.8 3.16E-04 000.4 200.8 -87.7 0.155008 0.125534 0.024880 hargrave 2020-11-03 16:38:37 
570.10 178.2 -41.5 178.2 -41.5 3.23E-04 000.4 224.3 -87.9 0.153421 0.133996 0.033950 hargrave 2020-11-04 09:54:25 
570.00 286.6  35.6 286.6  35.6 9.09E-06 001.1 253.0  37.2 0.017731 0.008032 0.006298 hargrave 2020-11-04 13:10:53 
575.00 261.8  05.6 261.8  05.6 1.07E-05 001.3 262.9  00.6 0.025537 0.016641 0.006641 hargrave 2020-11-04 16:14:55 
565.20 178.8 -42.1 178.8 -42.1 3.40E-04 000.4 246.0 -87.9 0.165075 0.150396 0.034668 hargrave 2020-11-04 19:52:34 
575.10 180.1 -41.9 180.1 -41.9 3.47E-04 000.4 251.4 -86.9 0.176838 0.148222 0.038144 hargrave 2020-11-05 11:23:33 
580.10 178.5 -42.7 178.5 -42.7 3.56E-04 000.3 261.3 -88.3 0.154705 0.150191 0.029320 hargrave 2020-11-05 14:53:44 
580.00 243.3  25.4 243.3  25.4 7.81E-06 001.5 236.3  02.0 0.025504 0.004395 0.005848 hargrave 2020-11-05 18:11:02 
585.00 246.4  37.8 246.4  37.8 6.11E-06 001.4 229.7  12.8 0.017924 0.000861 0.006057 hargrave 2020-11-06 09:30:39 
575.20 174.4 -42.0 174.4 -42.0 3.74E-04 000.3 126.5 -88.3 0.120746 0.126135 0.029262 hargrave 2020-11-06 13:13:32 
585.10 176.9 -42.2 176.9 -42.2 3.86E-04 000.3 212.8 -89.0 0.154077 0.144599 0.030349 hargrave 2020-11-06 17:39:55 
