AX22- 6b mag compass orientation (IGRF corrected)
      0 107.2  46.0   0.0   0.0   1.0
NRM    305.0  40.9 305.0  40.9 5.16E-05 000.5 246.6  38.4 0.040832 0.016877 0.033153 hargrave 2020-10-12 16:00:34 
100.00 305.0  40.5 305.0  40.5 5.14E-05 000.6 247.1  38.2 0.044825 0.021913 0.031438 hargrave 2020-10-14 11:10:15 
100.10 304.7  41.7 304.7  41.7 5.01E-05 000.6 245.6  38.6 0.044392 0.020883 0.030025 hargrave 2020-10-14 16:40:38 
200.10 306.5  39.1 306.5  39.1 4.53E-05 000.6 249.4  38.5 0.037046 0.016713 0.029637 hargrave 2020-10-15 11:29:36 
200.00 304.2  42.9 304.2  42.9 4.55E-05 000.7 244.0  38.8 0.042688 0.023291 0.028342 hargrave 2020-10-15 14:27:10 
300.00 306.3  38.9 306.3  38.9 4.31E-05 000.7 249.6  38.2 0.040113 0.021282 0.026410 hargrave 2020-10-15 17:06:26 
100.20 305.6  38.8 305.6  38.8 4.10E-05 000.7 249.3  37.8 0.033547 0.022922 0.027603 hargrave 2020-10-16 13:29:42 
300.10 305.4  37.3 305.4  37.3 3.91E-05 000.6 250.7  36.9 0.024291 0.024576 0.026734 hargrave 2020-10-18 14:04:47 
400.10 302.5  36.0 302.5  36.0 3.37E-05 001.1 250.6  34.2 0.053856 0.044719 0.023093 hargrave 2020-10-18 17:41:02 
400.00 303.8  40.4 303.8  40.4 3.37E-05 001.2 246.6  37.4 0.057939 0.043183 0.021715 hargrave 2020-10-19 11:41:21 
450.00 306.7  37.6 306.7  37.6 3.15E-05 000.9 251.2  37.9 0.054126 0.027916 0.020714 hargrave 2020-10-19 14:41:09 
300.20 302.5  38.7 302.5  38.7 2.96E-05 000.9 247.8  35.6 0.048883 0.030494 0.020370 hargrave 2020-10-19 18:41:28 
450.10 298.1  39.0 298.1  39.0 2.76E-05 001.0 245.3  32.9 0.053382 0.029639 0.018642 hargrave 2020-10-20 11:21:47 
475.10 295.0  35.2 295.0  35.2 2.56E-05 001.1 247.4  28.7 0.049439 0.034516 0.018194 hargrave 2020-10-20 16:05:47 
475.00 304.3  36.7 304.3  36.7 2.67E-05 001.1 250.9  35.8 0.053677 0.029764 0.017492 hargrave 2020-10-21 11:12:31 
500.00 312.1  28.9 312.1  28.9 2.50E-05 001.0 263.4  37.0 0.037927 0.015631 0.016677 hargrave 2020-10-21 15:40:28 
450.20 295.6  32.6 295.6  32.6 2.30E-05 001.0 250.0  27.6 0.039576 0.036373 0.016631 hargrave 2020-10-22 10:49:07 
500.10 289.2  31.6 289.2  31.6 2.16E-05 001.2 247.3  22.7 0.052733 0.010520 0.016540 hargrave 2020-10-22 14:37:28 
510.10 286.1  28.8 286.1  28.8 2.03E-05 001.1 247.8  18.8 0.045342 0.009710 0.015813 hargrave 2020-10-22 18:21:20 
510.00 302.4  37.5 302.4  37.5 2.23E-05 001.1 249.1  35.0 0.045571 0.014557 0.014918 hargrave 2020-10-23 12:41:57 
520.00 301.4  41.3 301.4  41.3 2.16E-05 001.0 244.5  36.2 0.043917 0.011606 0.012427 hargrave 2020-10-23 15:47:17 
500.20 264.0  09.3 264.0  09.3 1.78E-05 001.3 246.9 -09.7 0.045372 0.012941 0.013420 hargrave 2020-10-25 16:46:35 
520.10 253.1  00.4 253.1  00.4 1.98E-05 001.4 244.6 -23.5 0.048884 0.012213 0.015098 hargrave 2020-10-26 11:17:34 
530.10 237.6 -15.6 237.6 -15.6 2.36E-05 001.3 243.1 -45.5 0.050220 0.009008 0.017658 hargrave 2020-10-26 18:33:50 
530.00 299.3  36.4 299.3  36.4 1.83E-05 001.2 248.6  32.3 0.042369 0.014840 0.013233 hargrave 2020-10-27 10:47:12 
540.00 300.7  35.9 300.7  35.9 1.69E-05 001.2 249.7  32.9 0.039977 0.012792 0.011171 hargrave 2020-10-27 13:45:44 
520.20 220.4 -30.3 220.4 -30.3 4.41E-05 000.8 241.0 -67.1 0.061343 0.015629 0.005908 hargrave 2020-10-27 16:54:50 
540.10 212.8 -33.0 212.8 -33.0 5.74E-05 000.7 233.0 -73.6 0.064355 0.017891 0.006399 hargrave 2020-10-28 09:45:45 
550.10 205.4 -33.4 205.4 -33.4 8.05E-05 000.6 213.6 -77.7 0.075476 0.028055 0.008904 hargrave 2020-10-28 13:50:27 
550.00 298.6  37.1 298.6  37.1 1.14E-05 001.2 247.4  32.2 0.027567 0.010411 0.007948 hargrave 2020-10-28 16:58:45 
553.00 296.6  38.9 296.6  38.9 1.05E-05 001.2 244.7  31.8 0.026490 0.009486 0.006551 hargrave 2020-10-29 09:29:13 
540.20 200.2 -37.0 200.2 -37.0 1.35E-04 000.4 199.1 -82.7 0.092005 0.052706 0.010144 hargrave 2020-10-31 10:04:49 
553.10 201.1 -35.4 201.1 -35.4 1.56E-04 000.4 200.3 -80.9 0.083370 0.048819 0.016633 hargrave 2020-10-31 13:57:27 
556.10 201.2 -35.7 201.2 -35.7 1.78E-04 000.3 201.5 -81.1 0.095056 0.047065 0.019101 hargrave 2020-10-31 17:33:35 
556.00 292.3  39.1 292.3  39.1 7.40E-06 001.2 242.3  29.1 0.017987 0.006121 0.005049 hargrave 2020-11-01 09:18:43 
559.00 298.1  36.8 298.1  36.8 6.32E-06 001.1 247.5  31.7 0.014443 0.007546 0.004459 hargrave 2020-11-01 12:29:41 
553.20 197.3 -37.1 197.3 -37.1 2.36E-04 000.3 181.0 -83.1 0.073740 0.100646 0.027640 hargrave 2020-11-01 15:48:36 
559.10 199.3 -37.9 199.3 -37.9 2.61E-04 000.3 195.2 -83.6 0.086402 0.102610 0.022268 hargrave 2020-11-02 09:40:17 
562.10 195.8 -36.0 195.8 -36.0 2.80E-04 000.3 171.8 -81.9 0.114296 0.103932 0.035276 hargrave 2020-11-02 13:16:13 
562.00 297.5  34.4 297.5  34.4 5.54E-06 001.2 249.4  29.9 0.012236 0.005447 0.002905 hargrave 2020-11-02 16:37:42 
565.00 296.9  28.5 296.9  28.5 5.11E-06 001.3 254.5  26.0 0.012281 0.006882 0.003485 hargrave 2020-11-03 09:31:03 
559.20 198.6 -37.0 198.6 -37.0 3.42E-04 000.3 188.9 -82.9 0.143799 0.131150 0.037296 hargrave 2020-11-03 12:51:35 
565.10 195.6 -36.7 195.6 -36.7 3.62E-04 000.3 170.0 -82.6 0.147318 0.093442 0.047519 hargrave 2020-11-03 16:32:31 
570.10 197.0 -35.7 197.0 -35.7 3.85E-04 000.3 179.1 -81.7 0.129151 0.144715 0.045374 hargrave 2020-11-04 09:47:28 
570.00 291.0  31.4 291.0  31.4 3.99E-06 001.2 248.5  23.8 0.009885 0.005690 0.002761 hargrave 2020-11-04 13:06:22 
575.00 296.2  29.2 296.2  29.2 3.86E-06 001.4 253.5  25.9 0.010470 0.006986 0.002431 hargrave 2020-11-04 16:10:23 
565.20 197.5 -35.8 197.5 -35.8 4.40E-04 000.3 181.4 -81.8 0.171641 0.174851 0.042520 hargrave 2020-11-04 19:45:37 
575.10 197.0 -35.8 197.0 -35.8 4.59E-04 000.3 179.0 -81.8 0.176494 0.150300 0.046436 hargrave 2020-11-05 11:17:26 
580.10 196.2 -38.0 196.2 -38.0 4.77E-04 000.3 172.3 -83.9 0.176688 0.172288 0.042673 hargrave 2020-11-05 14:47:36 
580.00 279.2  29.3 279.2  29.3 3.01E-06 001.3 243.2  14.6 0.008811 0.004308 0.001876 hargrave 2020-11-05 18:06:31 
585.00 273.9  33.4 273.9  33.4 3.39E-06 001.3 236.9  14.1 0.011181 0.004404 0.002713 hargrave 2020-11-06 09:26:08 
575.20 194.5 -36.9 194.5 -36.9 5.38E-04 000.3 163.1 -82.6 0.195743 0.184300 0.054114 hargrave 2020-11-06 13:07:27 
585.10 198.1 -35.9 198.1 -35.9 5.56E-04 000.3 185.3 -81.9 0.196328 0.193892 0.058749 hargrave 2020-11-06 17:33:50 
