AX22- 7b mag compass orientation (IGRF corrected)
      0  19.2   5.0   0.0   0.0   1.0
NRM    294.6  47.4 294.6  47.4 2.33E-04 000.3 006.0  52.4 0.060530 0.060998 0.109385 hargrave 2020-10-12 16:02:37 
100.00 293.8  47.2 293.8  47.2 2.32E-04 000.3 005.1  52.2 0.067263 0.065213 0.105273 hargrave 2020-10-14 11:11:46 
100.10 296.0  47.1 296.0  47.1 2.22E-04 000.4 007.6  52.1 0.072763 0.109341 0.101956 hargrave 2020-10-14 16:43:31 
200.10 295.0  45.6 295.0  45.6 1.88E-04 000.3 006.4  50.6 0.048995 0.055308 0.091138 hargrave 2020-10-15 11:31:38 
200.00 291.9  46.1 291.9  46.1 1.88E-04 000.3 003.0  51.1 0.031390 0.068179 0.090708 hargrave 2020-10-15 14:28:41 
300.00 292.1  45.9 292.1  45.9 1.82E-04 000.5 003.2  50.9 0.039752 0.134560 0.089376 hargrave 2020-10-15 17:07:58 
100.20 293.5  45.7 293.5  45.7 1.70E-04 000.5 004.8  50.7 0.052031 0.106283 0.084049 hargrave 2020-10-16 13:31:44 
300.10 293.7  44.7 293.7  44.7 1.56E-04 000.4 005.0  49.7 0.027172 0.073312 0.071198 hargrave 2020-10-18 14:06:50 
400.10 292.7  43.4 292.7  43.4 1.26E-04 000.5 003.9  48.4 0.045436 0.080002 0.060101 hargrave 2020-10-18 17:43:04 
400.00 298.0  44.4 298.0  44.4 1.25E-04 000.6 009.7  49.4 0.074016 0.098774 0.060068 hargrave 2020-10-19 11:42:49 
450.00 298.0  44.9 298.0  44.9 1.18E-04 000.5 009.6  49.8 0.065357 0.077995 0.056266 hargrave 2020-10-19 14:42:38 
300.20 291.8  44.2 291.8  44.2 1.10E-04 000.4 002.9  49.2 0.040382 0.053034 0.053621 hargrave 2020-10-19 18:43:26 
450.10 289.2  43.1 289.2  43.1 9.79E-05 000.6 000.0  48.1 0.036058 0.088770 0.049724 hargrave 2020-10-20 11:23:47 
475.10 290.1  41.6 290.1  41.6 8.84E-05 000.7 001.0  46.6 0.056846 0.076220 0.046567 hargrave 2020-10-20 16:07:46 
475.00 295.3  44.3 295.3  44.3 9.42E-05 000.7 006.6  49.3 0.059286 0.093270 0.045439 hargrave 2020-10-21 11:13:59 
500.00 290.4  44.2 290.4  44.2 9.02E-05 000.7 001.3  49.2 0.056126 0.080516 0.043952 hargrave 2020-10-21 15:41:57 
450.20 289.9  38.7 289.9  38.7 7.40E-05 000.6 000.8  43.7 0.046975 0.055953 0.039428 hargrave 2020-10-22 10:51:06 
500.10 292.3  32.8 292.3  32.8 6.41E-05 000.6 003.3  37.8 0.027256 0.048903 0.038815 hargrave 2020-10-22 14:39:28 
510.10 294.0  24.7 294.0  24.7 5.45E-05 000.9 005.0  29.7 0.031046 0.075415 0.037252 hargrave 2020-10-22 18:23:19 
510.00 292.1  44.3 292.1  44.3 7.37E-05 001.0 003.2  49.3 0.037655 0.112653 0.035696 hargrave 2020-10-23 12:43:25 
520.00 290.9  44.4 290.9  44.4 7.10E-05 000.8 001.9  49.4 0.034620 0.089802 0.035497 hargrave 2020-10-23 15:48:44 
500.20 300.5 -11.6 300.5 -11.6 4.25E-05 001.1 011.2 -06.7 0.017910 0.070041 0.034536 hargrave 2020-10-25 16:48:35 
520.10 295.2 -37.7 295.2 -37.7 4.38E-05 001.0 005.6 -32.7 0.039224 0.068832 0.028636 hargrave 2020-10-26 11:19:33 
530.10 301.6 -58.7 301.6 -58.7 6.30E-05 000.8 010.9 -53.8 0.044449 0.064374 0.040790 hargrave 2020-10-26 18:35:49 
530.00 291.6  42.3 291.6  42.3 5.51E-05 001.1 002.7  47.3 0.061948 0.076508 0.035522 hargrave 2020-10-27 10:48:40 
540.00 291.2  42.9 291.2  42.9 5.37E-05 001.0 002.2  47.9 0.054107 0.073265 0.033604 hargrave 2020-10-27 13:47:14 
520.20 298.8 -77.5 298.8 -77.5 1.15E-04 000.5 006.9 -72.5 0.058123 0.067098 0.033955 hargrave 2020-10-27 16:56:49 
540.10 313.8 -83.0 313.8 -83.0 1.52E-04 000.4 014.5 -78.2 0.070880 0.064586 0.027572 hargrave 2020-10-28 09:47:46 
550.10 310.4 -89.7 310.4 -89.7 2.19E-04 000.3 001.3 -84.7 0.057395 0.086704 0.014233 hargrave 2020-10-28 13:52:27 
550.00 286.8  41.2 286.8  41.2 3.87E-05 000.9 357.3  46.2 0.014750 0.051361 0.024145 hargrave 2020-10-28 17:00:13 
553.00 288.2  40.1 288.2  40.1 4.00E-05 000.9 359.0  45.1 0.023941 0.049005 0.025243 hargrave 2020-10-29 09:30:40 
540.20 047.6 -84.6 047.6 -84.6 3.50E-04 000.3 062.7 -84.7 0.110663 0.132849 0.035439 hargrave 2020-10-31 10:06:52 
553.10 092.9 -84.7 092.9 -84.7 4.21E-04 000.3 095.0 -88.5 0.163853 0.163969 0.048261 hargrave 2020-10-31 13:59:27 
556.10 087.2 -84.7 087.2 -84.7 4.93E-04 000.3 086.5 -88.0 0.175959 0.191749 0.055244 hargrave 2020-10-31 17:35:35 
556.00 283.4  36.0 283.4  36.0 2.64E-05 001.1 353.8  41.0 0.005222 0.048304 0.016313 hargrave 2020-11-01 09:20:11 
559.00 286.5  39.6 286.5  39.6 2.75E-05 001.1 357.1  44.6 0.011626 0.046355 0.016852 hargrave 2020-11-01 12:31:09 
553.20 075.0 -83.7 075.0 -83.7 6.73E-04 000.3 093.2 -86.5 0.204760 0.270948 0.075044 hargrave 2020-11-01 15:50:36 
559.10 071.2 -86.1 071.2 -86.1 7.41E-04 000.3 052.1 -86.9 0.272976 0.288784 0.086991 hargrave 2020-11-02 09:42:16 
562.10 097.3 -86.3 097.3 -86.3 8.02E-04 000.3 028.1 -88.4 0.292964 0.268647 0.060962 hargrave 2020-11-02 13:18:13 
562.00 296.8  31.7 296.8  31.7 1.79E-05 001.5 008.1  36.7 0.035120 0.032170 0.011078 hargrave 2020-11-02 16:39:11 
565.00 281.6  31.3 281.6  31.3 1.99E-05 001.5 352.0  36.2 0.032601 0.043961 0.012961 hargrave 2020-11-03 09:32:33 
559.20 075.0 -84.6 075.0 -84.6 9.67E-04 000.3 079.7 -86.9 0.352927 0.395146 0.105244 hargrave 2020-11-03 12:53:34 
565.10 061.1 -80.2 061.1 -80.2 1.03E-03 000.3 102.1 -82.6 0.358782 0.445689 0.152328 hargrave 2020-11-03 16:34:30 
570.10 079.2 -80.0 079.2 -80.0 1.09E-03 000.4 126.4 -83.8 0.438723 0.503265 0.208260 hargrave 2020-11-04 09:49:28 
570.00 306.3  21.4 306.3  21.4 1.19E-05 001.5 017.8  26.2 0.028268 0.017521 0.008799 hargrave 2020-11-04 13:07:50 
575.00 301.0  34.6 301.0  34.6 1.14E-05 001.6 012.6  39.5 0.025463 0.020956 0.006963 hargrave 2020-11-04 16:11:52 
565.20 083.3 -82.1 083.3 -82.1 1.23E-03 000.3 121.8 -85.9 0.485986 0.555524 0.166610 hargrave 2020-11-04 19:47:36 
575.10 091.9 -81.7 091.9 -81.7 1.27E-03 000.3 139.8 -86.2 0.521936 0.527792 0.155782 hargrave 2020-11-05 11:19:25 
580.10 064.0 -83.0 064.0 -83.0 1.33E-03 000.3 089.5 -85.0 0.507707 0.564476 0.192816 hargrave 2020-11-05 14:49:35 
580.00 306.9  15.7 306.9  15.7 6.83E-06 001.7 018.2  20.4 0.018831 0.012842 0.005050 hargrave 2020-11-05 18:07:59 
585.00 276.9  32.7 276.9  32.7 8.49E-06 001.6 347.0  37.6 0.012348 0.022444 0.006135 hargrave 2020-11-06 09:27:36 
575.20 081.9 -82.6 081.9 -82.6 1.31E-03 000.3 115.5 -86.2 0.450669 0.498320 0.125133 hargrave 2020-11-06 13:09:26 
585.10 080.5 -81.7 080.5 -81.7 1.35E-03 000.3 119.8 -85.4 0.464890 0.504831 0.131258 hargrave 2020-11-06 17:35:49 
