AX22- 1b mag compass orientation (IGRF corrected)
      0 101.2  49.0   0.0   0.0   1.0
NRM    295.8  45.7 295.8  45.7 2.53E-05 000.9 237.8  37.0 0.050692 0.012608 0.018581 hargrave 2020-10-12 15:49:06 
100.00 292.9  49.4 292.9  49.4 2.50E-05 001.1 232.6  36.7 0.056511 0.010095 0.017468 hargrave 2020-10-14 11:01:21 
100.10 295.5  43.5 295.5  43.5 2.11E-05 001.1 240.2  36.0 0.045828 0.012009 0.016772 hargrave 2020-10-14 16:29:12 
200.10 290.4  49.7 290.4  49.7 2.12E-05 001.1 231.5  35.3 0.048763 0.008432 0.016418 hargrave 2020-10-15 11:18:10 
200.00 291.0  49.4 291.0  49.4 2.10E-05 001.2 232.0  35.6 0.051866 0.006336 0.017026 hargrave 2020-10-15 14:17:27 
300.00 291.8  48.5 291.8  48.5 2.08E-05 001.2 233.3  35.7 0.050725 0.008215 0.015396 hargrave 2020-10-15 16:56:43 
100.20 290.9  50.7 290.9  50.7 2.03E-05 001.2 230.6  36.0 0.049658 0.007514 0.015063 hargrave 2020-10-16 13:18:16 
300.10 289.9  42.2 289.9  42.2 1.91E-05 001.1 239.4  31.7 0.041678 0.008317 0.016048 hargrave 2020-10-18 13:52:37 
400.10 289.9  42.9 289.9  42.9 1.68E-05 001.1 238.7  32.0 0.038816 0.008884 0.014902 hargrave 2020-10-18 17:28:00 
400.00 293.5  45.9 293.5  45.9 1.69E-05 001.2 236.8  35.7 0.038012 0.003448 0.013396 hargrave 2020-10-19 11:29:43 
450.00 292.9  47.7 292.9  47.7 1.48E-05 001.2 234.6  36.0 0.034994 0.005606 0.011653 hargrave 2020-10-19 14:29:32 
300.20 287.2  45.0 287.2  45.0 1.60E-05 001.1 235.4  31.3 0.037154 0.006362 0.012256 hargrave 2020-10-19 18:28:15 
450.10 275.3  37.8 275.3  37.8 1.37E-05 001.2 236.7  19.9 0.035943 0.006208 0.011350 hargrave 2020-10-20 11:07:30 
475.10 264.0  26.0 264.0  26.0 9.49E-06 001.3 239.5  05.0 0.025187 0.007666 0.008588 hargrave 2020-10-20 15:52:24 
475.00 294.5  44.6 294.5  44.6 1.01E-05 001.0 238.6  35.7 0.020660 0.003664 0.007164 hargrave 2020-10-21 11:01:45 
500.00 290.6  45.8 290.6  45.8 6.19E-06 001.1 235.8  33.8 0.012921 0.002549 0.004704 hargrave 2020-10-21 15:29:41 
450.20 241.6 -08.0 241.6 -08.0 7.23E-06 001.4 248.0 -34.6 0.016994 0.006388 0.004158 hargrave 2020-10-22 10:35:49 
500.10 215.7 -17.4 215.7 -17.4 9.45E-06 001.0 229.1 -58.4 0.015918 0.004729 0.002522 hargrave 2020-10-22 14:24:04 
510.10 215.8 -21.1 215.8 -21.1 1.03E-05 001.1 233.7 -61.2 0.018564 0.006820 0.002943 hargrave 2020-10-22 18:07:10 
510.00 266.3  40.5 266.3  40.5 4.63E-06 001.6 229.9  16.1 0.014792 0.003499 0.003616 hargrave 2020-10-23 12:32:45 
520.00 261.4  43.5 261.4  43.5 4.28E-06 001.6 225.1  15.5 0.014007 0.003360 0.003408 hargrave 2020-10-23 15:36:31 
500.20 206.7 -26.6 206.7 -26.6 1.03E-05 000.8 226.4 -70.8 0.012056 0.006265 0.002031 hargrave 2020-10-25 16:33:09 
520.10 207.3 -28.8 207.3 -28.8 1.18E-05 000.8 232.1 -72.1 0.014012 0.006886 0.002247 hargrave 2020-10-26 11:05:02 
530.10 209.6 -32.9 209.6 -32.9 1.23E-05 000.7 246.9 -73.2 0.012860 0.006357 0.002287 hargrave 2020-10-26 17:58:19 
530.00 273.1  29.7 273.1  29.7 3.18E-06 001.6 242.1  13.5 0.009743 0.002365 0.002479 hargrave 2020-10-27 10:38:06 
540.00 272.8  30.1 272.8  30.1 2.92E-06 001.5 241.6  13.5 0.008525 0.001975 0.002709 hargrave 2020-10-27 13:36:30 
520.20 207.5 -26.7 207.5 -26.7 1.18E-05 000.8 228.4 -70.4 0.015349 0.004842 0.002956 hargrave 2020-10-27 16:42:19 
540.10 204.7 -32.8 204.7 -32.8 1.48E-05 000.6 237.2 -76.5 0.013260 0.004494 0.007519 hargrave 2020-10-28 09:33:13 
550.10 204.3 -34.1 204.3 -34.1 1.64E-05 000.6 240.7 -77.6 0.014871 0.009673 0.006976 hargrave 2020-10-28 13:37:47 
550.00 254.7  27.1 254.7  27.1 3.45E-06 001.6 232.8 -00.1 0.011268 0.002065 0.003357 hargrave 2020-10-28 16:49:39 
553.00 258.1  30.1 258.1  30.1 3.36E-06 001.6 232.9  04.2 0.011235 0.001651 0.002857 hargrave 2020-10-29 09:20:07 
540.20 197.6 -40.5 197.6 -40.5 1.97E-05 000.4 266.8 -85.1 0.011851 0.007223 0.005911 hargrave 2020-10-31 09:52:34 
553.10 196.8 -32.4 196.8 -32.4 2.32E-05 000.6 209.2 -80.3 0.019636 0.009391 0.006801 hargrave 2020-10-31 13:44:49 
556.10 188.0 -36.1 188.0 -36.1 2.54E-05 000.4 151.7 -84.5 0.011919 0.010265 0.005612 hargrave 2020-10-31 17:21:01 
556.00 201.4  23.4 201.4  23.4 1.24E-06 001.5 190.3 -24.9 0.003737 0.002066 0.000911 hargrave 2020-11-01 09:09:31 
559.00 195.9  25.7 195.9  25.7 1.02E-06 001.1 184.6 -23.2 0.002531 0.001166 0.000684 hargrave 2020-11-01 12:20:38 
553.20 190.2 -35.5 190.2 -35.5 3.00E-05 000.4 171.4 -84.4 0.016701 0.013753 0.006542 hargrave 2020-11-01 15:36:06 
559.10 186.9 -32.6 186.9 -32.6 3.37E-05 000.5 156.5 -80.9 0.018444 0.018179 0.008816 hargrave 2020-11-02 09:27:43 
562.10 187.1 -33.2 187.1 -33.2 3.47E-05 000.5 155.8 -81.5 0.019208 0.019965 0.007930 hargrave 2020-11-02 13:02:52 
562.00 164.7  34.4 164.7  34.4 1.36E-06 001.1 158.0 -10.7 0.003886 0.002998 0.001621 hargrave 2020-11-02 16:27:42 
565.00 171.2  42.6 171.2  42.6 1.33E-06 001.7 165.4 -04.4 0.003083 0.004189 0.001726 hargrave 2020-11-03 09:21:51 
559.20 186.0 -32.2 186.0 -32.2 3.97E-05 000.5 153.0 -80.3 0.021709 0.021964 0.009198 hargrave 2020-11-03 12:39:02 
565.10 186.5 -32.7 186.5 -32.7 4.21E-05 000.5 154.2 -80.9 0.026225 0.023815 0.009250 hargrave 2020-11-03 16:19:57 
570.10 185.7 -32.8 185.7 -32.8 4.71E-05 000.5 149.8 -80.7 0.026196 0.027303 0.009753 hargrave 2020-11-04 09:34:08 
570.00 196.7 -28.9 196.7 -28.9 2.35E-06 000.9 202.0 -77.1 0.002974 0.001774 0.001111 hargrave 2020-11-04 12:57:14 
575.00 202.4 -23.7 202.4 -23.7 2.25E-06 001.3 211.8 -70.3 0.004898 0.001947 0.000760 hargrave 2020-11-04 16:01:14 
565.20 186.0 -33.9 186.0 -33.9 4.77E-05 000.4 148.1 -81.8 0.026272 0.024943 0.008759 hargrave 2020-11-04 19:33:03 
575.10 181.8 -32.8 181.8 -32.8 5.60E-05 000.5 134.4 -78.9 0.025592 0.034983 0.012536 hargrave 2020-11-05 11:04:47 
580.10 180.0 -33.3 180.0 -33.3 6.43E-05 000.4 127.2 -78.3 0.022631 0.041943 0.014208 hargrave 2020-11-05 14:35:01 
580.00 106.2 -46.9 106.2 -46.9 2.71E-06 001.8 053.1 -31.6 0.009184 0.002417 0.001359 hargrave 2020-11-05 17:57:25 
585.00 091.1 -34.0 091.1 -34.0 1.99E-06 002.1 057.6 -14.9 0.008400 0.001755 0.000843 hargrave 2020-11-06 09:17:01 
575.20 182.3 -33.1 182.3 -33.1 6.76E-05 000.4 134.9 -79.4 0.026691 0.042029 0.024878 hargrave 2020-11-06 12:54:57 
585.10 181.2 -31.4 181.2 -31.4 8.29E-05 000.6 136.9 -77.4 0.060294 0.060729 0.028814 hargrave 2020-11-06 17:19:43 
