AX22- 3b mag compass orientation (IGRF corrected)
      0 145.2   7.0   0.0   0.0   1.0
NRM    292.4  42.9 292.4  42.9 3.54E-05 001.1 232.3  38.9 0.054615 0.048621 0.023260 hargrave 2020-10-12 15:53:09 
100.00 291.7  43.5 291.7  43.5 3.53E-05 001.1 231.5  39.3 0.049392 0.051409 0.021750 hargrave 2020-10-14 11:04:21 
100.10 289.8  43.3 289.8  43.3 3.44E-05 001.0 229.8  39.0 0.032183 0.053428 0.022379 hargrave 2020-10-14 16:33:14 
200.10 293.7  42.2 293.7  42.2 3.32E-05 000.9 233.6  38.2 0.055646 0.028464 0.023082 hargrave 2020-10-15 11:22:11 
200.00 290.8  42.9 290.8  42.9 3.33E-05 001.1 230.8  38.7 0.063434 0.030607 0.022675 hargrave 2020-10-15 14:20:27 
300.00 294.2  42.8 294.2  42.8 3.23E-05 001.1 234.0  38.9 0.065221 0.031151 0.021688 hargrave 2020-10-15 16:59:43 
100.20 289.6  43.0 289.6  43.0 3.18E-05 001.1 229.6  38.7 0.061381 0.031991 0.022616 hargrave 2020-10-16 13:22:17 
300.10 292.8  41.8 292.8  41.8 3.08E-05 001.1 232.8  37.8 0.059081 0.033134 0.023210 hargrave 2020-10-18 13:56:37 
400.10 289.9  40.5 289.9  40.5 2.74E-05 001.5 230.3  36.2 0.065450 0.032094 0.019049 hargrave 2020-10-18 17:32:02 
400.00 294.3  43.2 294.3  43.2 2.79E-05 001.1 233.9  39.4 0.055216 0.035240 0.019632 hargrave 2020-10-19 11:33:05 
450.00 291.7  43.6 291.7  43.6 2.60E-05 001.5 231.5  39.5 0.062836 0.036501 0.017878 hargrave 2020-10-19 14:32:53 
300.20 287.9  41.4 287.9  41.4 2.51E-05 001.6 228.3  36.9 0.061139 0.037606 0.017638 hargrave 2020-10-19 18:32:36 
450.10 293.6  34.9 293.6  34.9 2.32E-05 001.7 234.6  31.0 0.061381 0.038811 0.017237 hargrave 2020-10-20 11:11:54 
475.10 288.3  26.6 288.3  26.6 2.06E-05 001.2 230.6  22.3 0.051000 0.007398 0.015747 hargrave 2020-10-20 15:56:47 
475.00 291.1  43.8 291.1  43.8 2.30E-05 001.1 230.9  39.6 0.048183 0.007571 0.015282 hargrave 2020-10-21 11:05:05 
500.00 289.6  42.2 289.6  42.2 2.04E-05 001.1 229.7  37.9 0.043422 0.008956 0.014803 hargrave 2020-10-21 15:33:01 
450.20 285.8 -00.5 285.8 -00.5 1.74E-05 001.3 230.8 -04.9 0.048525 0.006195 0.012343 hargrave 2020-10-22 10:40:10 
500.10 283.2 -16.4 283.2 -16.4 1.86E-05 001.4 229.8 -21.0 0.050313 0.006123 0.012569 hargrave 2020-10-22 14:28:27 
510.10 286.1 -27.4 286.1 -27.4 2.02E-05 001.3 234.0 -31.7 0.049431 0.008287 0.012503 hargrave 2020-10-22 18:11:32 
510.00 291.3  41.0 291.3  41.0 1.80E-05 001.1 231.5  36.8 0.040219 0.006199 0.012818 hargrave 2020-10-23 12:36:06 
520.00 289.7  41.1 289.7  41.1 1.68E-05 001.1 230.0  36.8 0.036275 0.005591 0.011402 hargrave 2020-10-23 15:39:50 
500.20 282.3 -44.8 282.3 -44.8 2.54E-05 001.2 232.9 -49.3 0.050734 0.009359 0.016249 hargrave 2020-10-25 16:37:31 
520.10 278.5 -46.6 278.5 -46.6 2.76E-05 001.2 229.2 -51.5 0.053310 0.010287 0.017601 hargrave 2020-10-26 11:09:24 
530.10 280.6 -53.8 280.6 -53.8 2.81E-05 001.0 233.3 -58.4 0.044722 0.010708 0.014177 hargrave 2020-10-26 18:18:36 
530.00 288.0  38.5 288.0  38.5 1.52E-05 001.2 228.8  34.1 0.037741 0.005389 0.009707 hargrave 2020-10-27 10:41:24 
540.00 288.8  38.4 288.8  38.4 1.36E-05 001.3 229.6  34.0 0.034694 0.004796 0.009448 hargrave 2020-10-27 13:39:52 
520.20 276.9 -57.1 276.9 -57.1 2.93E-05 001.0 230.3 -62.0 0.049524 0.008425 0.016549 hargrave 2020-10-27 16:46:41 
540.10 275.0 -61.1 275.0 -61.1 3.00E-05 001.0 229.8 -66.1 0.046182 0.010342 0.016426 hargrave 2020-10-28 09:37:35 
550.10 277.6 -61.4 277.6 -61.4 3.20E-05 001.0 232.9 -66.2 0.048104 0.025548 0.016920 hargrave 2020-10-28 13:42:14 
550.00 285.5  38.2 285.5  38.2 1.02E-05 001.3 226.5  33.5 0.025804 0.005433 0.007004 hargrave 2020-10-28 16:52:58 
553.00 287.4  37.2 287.4  37.2 8.76E-06 001.3 228.4  32.7 0.023244 0.003110 0.005411 hargrave 2020-10-29 09:23:26 
540.20 271.6 -67.2 271.6 -67.2 3.10E-05 000.8 229.4 -72.4 0.038254 0.011984 0.013286 hargrave 2020-10-31 09:56:36 
553.10 276.9 -65.5 276.9 -65.5 3.28E-05 000.8 234.5 -70.2 0.044507 0.012872 0.014676 hargrave 2020-10-31 13:49:12 
556.10 274.3 -69.9 274.3 -69.9 3.36E-05 000.7 235.3 -74.7 0.037242 0.012705 0.012911 hargrave 2020-10-31 17:25:24 
556.00 288.8  34.0 288.8  34.0 6.52E-06 001.3 230.2  29.7 0.016823 0.002450 0.004266 hargrave 2020-11-01 09:12:52 
559.00 287.4  34.3 287.4  34.3 4.66E-06 001.3 228.8  29.9 0.012643 0.001341 0.003098 hargrave 2020-11-01 12:23:55 
553.20 259.5 -78.0 259.5 -78.0 3.22E-05 000.4 231.1 -83.7 0.022012 0.011512 0.012643 hargrave 2020-11-01 15:40:28 
559.10 271.9 -75.7 271.9 -75.7 3.40E-05 000.5 242.0 -80.4 0.028847 0.013254 0.010352 hargrave 2020-11-02 09:32:06 
562.10 261.4 -78.0 261.4 -78.0 3.42E-05 000.5 234.2 -83.5 0.024410 0.012789 0.012948 hargrave 2020-11-02 13:07:15 
562.00 280.7  34.6 280.7  34.6 2.94E-06 001.3 222.5  29.5 0.008165 0.001479 0.001731 hargrave 2020-11-02 16:31:06 
565.00 295.5  44.6 295.5  44.6 2.25E-06 001.1 234.8  40.8 0.005214 0.001030 0.001813 hargrave 2020-11-03 09:25:12 
559.20 261.4 -77.3 261.4 -77.3 3.44E-05 000.5 231.5 -82.9 0.024762 0.012953 0.012434 hargrave 2020-11-03 12:43:24 
565.10 257.8 -77.0 257.8 -77.0 3.59E-05 000.5 224.5 -82.9 0.025674 0.013278 0.013704 hargrave 2020-11-03 16:24:20 
570.10 261.2 -78.8 261.2 -78.8 3.65E-05 000.4 237.4 -84.2 0.024401 0.014329 0.012418 hargrave 2020-11-04 09:38:30 
570.00 311.0  31.9 311.0  31.9 1.32E-06 001.1 251.8  30.0 0.002545 0.001489 0.001513 hargrave 2020-11-04 13:00:34 
575.00 308.6  45.0 308.6  45.0 1.28E-06 001.3 247.1  42.6 0.002866 0.001347 0.000755 hargrave 2020-11-04 16:04:33 
565.20 256.5 -79.4 256.5 -79.4 3.59E-05 000.4 232.8 -85.2 0.023750 0.015099 0.013483 hargrave 2020-11-04 19:37:26 
575.10 259.0 -80.1 259.0 -80.1 3.66E-05 000.4 242.9 -85.5 0.021950 0.014256 0.012725 hargrave 2020-11-05 11:09:10 
580.10 258.4 -80.8 258.4 -80.8 3.73E-05 000.4 247.4 -86.1 0.020636 0.013777 0.013578 hargrave 2020-11-05 14:39:23 
580.00 245.4  13.2 245.4  13.2 1.00E-06 001.4 190.0  06.3 0.002552 0.001809 0.001106 hargrave 2020-11-05 18:00:44 
585.00 302.4  26.3 302.4  26.3 8.88E-07 001.4 244.2  23.4 0.002439 0.000570 0.000955 hargrave 2020-11-06 09:20:20 
575.20 247.8 -79.1 247.8 -79.1 3.71E-05 000.4 212.9 -85.6 0.022415 0.014611 0.013245 hargrave 2020-11-06 12:59:18 
585.10 259.7 -79.4 259.7 -79.4 3.75E-05 000.4 238.9 -84.9 0.024264 0.014756 0.012533 hargrave 2020-11-06 17:24:53 
