AX3- 7a mag compass orientation (IGRF corrected)
      0  71.7  81.0   0.0   0.0   1.0
NRM    294.3  37.9 294.3  37.9 1.53E-06 001.0 228.0  38.6 0.002695 0.001163 0.000351 hargrave 2019-12-20 14:50:32 
100.00 293.6  35.6 293.6  35.6 1.52E-06 001.0 231.0  38.8 0.003127 0.000602 0.000751 hargrave 2019-12-22 10:50:39 
100.10 290.5  27.8 290.5  27.8 1.44E-06 000.9 241.5  38.4 0.001980 0.001237 0.000580 hargrave 2019-12-22 16:18:02 
200.10 289.2  33.0 289.2  33.0 1.26E-06 001.1 235.5  36.1 0.002548 0.000426 0.000515 hargrave 2019-12-23 15:14:42 
200.00 290.7  25.4 290.7  25.4 1.35E-06 000.8 244.4  39.0 0.001927 0.000460 0.000708 hargrave 2019-12-24 13:57:57 
300.00 287.2  24.8 287.2  24.8 1.24E-06 001.0 245.8  35.9 0.002183 0.000879 0.000823 hargrave 2019-12-25 14:24:10 
100.20 289.5  34.6 289.5  34.6 1.16E-06 000.9 233.5  35.9 0.001498 0.001143 0.000825 hargrave 2019-12-26 13:04:47 
300.10 283.1  30.0 283.1  30.0 1.05E-06 001.2 240.2  31.6 0.002026 0.001085 0.000730 hargrave 2019-12-26 17:00:41 
400.10 259.2  27.6 259.2  27.6 7.18E-07 001.2 243.4  10.7 0.001492 0.000484 0.000675 hargrave 2019-12-27 14:38:01 
400.00 284.1  19.0 284.1  19.0 8.53E-07 001.0 253.2  33.5 0.001332 0.000522 0.000748 hargrave 2019-12-28 14:34:52 
425.00 285.4  20.4 285.4  20.4 7.53E-07 001.5 251.4  34.6 0.002073 0.000756 0.000528 hargrave 2019-12-29 13:07:53 
300.20 271.0  28.7 271.0  28.7 5.66E-07 001.6 242.6  21.2 0.001747 0.000729 0.000256 hargrave 2019-12-29 17:17:09 
425.10 223.1  22.4 223.1  22.4 5.31E-07 000.7 241.3 -22.2 0.000762 0.000462 0.000269 hargrave 2019-12-30 13:10:05 
450.10 202.8  08.6 202.8  08.6 6.03E-07 000.9 247.9 -45.4 0.000743 0.000972 0.000445 hargrave 2019-12-30 18:14:11 
450.00 282.8  20.8 282.8  20.8 5.14E-07 000.8 251.1  32.2 0.000789 0.000722 0.000599 hargrave 2019-12-31 19:26:56 
475.00 288.9  22.7 288.9  22.7 4.64E-07 000.9 248.3  37.7 0.000816 0.000553 0.000201 hargrave 2020-01-01 12:09:24 
425.20 202.1  07.6 202.1  07.6 4.92E-07 001.1 248.8 -46.5 0.000861 0.000678 0.000315 hargrave 2020-01-01 15:51:34 
475.10 188.8  08.1 188.8  08.1 6.63E-07 001.7 238.4 -58.0 0.001819 0.001013 0.000340 hargrave 2020-01-02 11:15:38 
500.10 177.2 -01.3 177.2 -01.3 1.05E-06 000.7 244.3 -72.8 0.001199 0.000618 0.000336 hargrave 2020-01-02 15:29:43 
500.00 294.2  28.8 294.2  28.8 3.57E-07 001.0 239.3  41.3 0.000431 0.000558 0.000209 hargrave 2020-01-03 13:05:32 
520.00 290.0  14.0 290.0  14.0 2.87E-07 001.2 259.2  39.2 0.000570 0.000439 0.000263 hargrave 2020-01-03 17:33:30 
475.20 166.7 -09.8 166.7 -09.8 2.48E-06 000.4 279.5 -85.0 0.001202 0.001078 0.000116 hargrave 2020-01-14 13:45:01 
520.10 164.7 -09.5 164.7 -09.5 3.79E-06 000.4 280.5 -86.9 0.001962 0.002126 0.001332 hargrave 2020-01-18 12:48:36 
530.10 165.0 -12.6 165.0 -12.6 5.83E-06 000.3 318.7 -85.2 0.002143 0.002802 0.001495 hargrave 2020-01-18 16:39:41 
530.00 269.7  37.4 269.7  37.4 1.30E-07 001.5 233.4  19.7 0.000418 0.000253 0.000276 hargrave 2020-01-19 12:53:00 
540.00 306.6  06.4 306.6  06.4 1.64E-07 003.8 271.6  55.1 0.000737 0.000887 0.000194 hargrave 2020-01-19 16:22:25 
520.20 162.8 -09.5 162.8 -09.5 1.13E-05 000.3 292.9 -88.8 0.002991 0.004350 0.003209 hargrave 2020-01-20 13:00:10 
540.10 163.8 -08.4 163.8 -08.4 1.42E-05 000.3 253.1 -87.8 0.004926 0.005727 0.003282 hargrave 2020-01-20 17:00:51 
550.10 164.1 -08.2 164.1 -08.2 1.87E-05 000.3 251.8 -87.5 0.007531 0.007886 0.004311 hargrave 2020-01-21 10:57:46 
550.00 324.0  42.3 324.0  42.3 1.28E-07 003.4 202.0  53.2 0.000365 0.000737 0.000175 hargrave 2020-01-21 14:24:41 
555.00 341.3  23.5 341.3  23.5 1.18E-07 004.3 181.6  75.5 0.000575 0.000724 0.000215 hargrave 2020-01-21 17:59:07 
540.20 162.9 -08.2 162.9 -08.2 2.68E-05 000.3 235.9 -88.6 0.009497 0.011591 0.007600 hargrave 2020-01-22 12:59:40 
555.10 163.6 -08.4 163.6 -08.4 2.87E-05 000.3 253.7 -88.0 0.009591 0.011221 0.005484 hargrave 2020-01-23 10:07:50 
560.10 163.9 -08.2 163.9 -08.2 3.13E-05 000.3 248.5 -87.7 0.010750 0.012594 0.006926 hargrave 2020-01-23 14:27:39 
560.00 291.6  72.8 291.6  72.8 7.19E-08 005.6 193.9  19.6 0.000422 0.000675 0.000083 hargrave 2020-01-24 09:22:21 
562.00 317.1  49.6 317.1  49.6 8.75E-08 006.3 202.2  44.4 0.000377 0.000886 0.000273 hargrave 2020-01-24 13:09:54 
555.20 162.3 -08.8 162.3 -08.8 3.61E-05 000.3 250.7 -89.4 0.012824 0.015706 0.008814 hargrave 2020-01-24 17:09:03 
562.10 164.1 -11.0 164.1 -11.0 3.74E-05 000.3 309.8 -86.9 0.013239 0.016034 0.006028 hargrave 2020-01-25 12:56:38 
564.10 164.0 -10.1 164.0 -10.1 3.85E-05 000.3 294.6 -87.5 0.012915 0.016050 0.007093 hargrave 2020-01-25 16:51:57 
564.00 302.9  74.8 302.9  74.8 8.10E-08 006.2 190.1  20.6 0.000442 0.000816 0.000354 hargrave 2020-01-26 14:45:41 
566.00 001.8  52.8 001.8  52.8 1.00E-07 003.9 163.4  43.2 0.000456 0.000612 0.000187 hargrave 2020-01-26 18:01:30 
562.20 162.9 -10.4 162.9 -10.4 4.11E-05 000.3 320.2 -88.1 0.011117 0.014495 0.005179 hargrave 2020-01-27 11:12:57 
566.10 162.4 -11.4 162.4 -11.4 4.13E-05 000.3 344.0 -87.5 0.011223 0.015635 0.005845 hargrave 2020-01-27 14:59:40 
570.10 160.7 -11.5 160.7 -11.5 4.22E-05 000.3 021.2 -87.3 0.009928 0.015344 0.006863 hargrave 2020-01-28 11:17:37 
570.00 283.0  49.5 283.0  49.5 6.97E-08 007.0 218.5  26.8 0.000842 0.000858 0.000056 hargrave 2020-01-28 17:25:12 
575.00 322.4  75.9 322.4  75.9 8.16E-08 008.0 185.0  22.3 0.000990 0.001145 0.000261 hargrave 2020-01-29 10:56:33 
566.20 162.4 -11.0 162.4 -11.0 4.33E-05 000.3 340.2 -87.9 0.012097 0.016326 0.007473 hargrave 2020-01-29 14:36:14 
575.10 160.6 -12.6 160.6 -12.6 4.43E-05 000.3 016.7 -86.3 0.010375 0.016177 0.006590 hargrave 2020-01-30 11:12:49 
580.10 164.5 -10.1 164.5 -10.1 4.41E-05 000.3 291.4 -87.0 0.013986 0.015588 0.003970 hargrave 2020-01-30 15:05:30 
580.00 247.1  63.4 247.1  63.4 8.11E-08 007.6 206.7  06.0 0.000753 0.000945 0.000320 hargrave 2020-01-31 10:55:14 
585.00 045.2  80.1 045.2  80.1 9.03E-08 006.2 170.9  13.3 0.000805 0.000914 0.000105 hargrave 2020-01-31 14:30:58 
575.20 161.5 -12.9 161.5 -12.9 4.58E-05 000.2 002.3 -86.1 0.009694 0.015073 0.005074 hargrave 2020-01-31 18:18:55 
585.10 161.2 -14.5 161.2 -14.5 4.67E-05 000.3 005.1 -84.5 0.010980 0.017779 0.006803 hargrave 2020-02-01 13:11:21 
