AX5- 3a sun compass orientation
      0 156.9  64.0   0.0   0.0   1.0
NRM    295.3  23.5 295.3  23.5 9.01E-05 000.7 227.6 -21.9 0.073757 0.029382 0.078907 hargrave 2019-12-20 12:00:52 
100.00 294.8  24.5 294.8  24.5 8.95E-05 000.7 226.6 -21.5 0.079893 0.033344 0.071552 hargrave 2019-12-21 13:20:15 
100.10 295.2  24.2 295.2  24.2 8.99E-05 000.6 227.0 -21.4 0.076323 0.036192 0.062069 hargrave 2019-12-22 13:36:15 
200.10 289.7  26.7 289.7  26.7 8.82E-05 000.7 221.3 -23.0 0.065734 0.066481 0.064554 hargrave 2019-12-23 12:18:07 
200.00 291.2  27.5 291.2  27.5 8.76E-05 000.6 221.7 -21.6 0.053937 0.069920 0.058552 hargrave 2019-12-24 13:15:12 
300.00 288.1  30.0 288.1  30.0 8.16E-05 000.7 217.8 -21.5 0.043779 0.091440 0.051306 hargrave 2019-12-25 13:41:38 
100.20 294.1  24.3 294.1  24.3 8.23E-05 000.6 226.1 -22.1 0.055465 0.065949 0.052970 hargrave 2019-12-26 12:20:13 
300.10 288.9  25.1 288.9  25.1 8.32E-05 000.6 221.9 -24.8 0.045308 0.086539 0.049081 hargrave 2019-12-26 16:16:41 
400.10 290.2  20.3 290.2  20.3 7.77E-05 000.5 226.5 -27.4 0.018633 0.074745 0.044359 hargrave 2019-12-27 13:53:22 
400.00 294.4  24.4 294.4  24.4 7.39E-05 000.5 226.3 -21.9 0.034715 0.061247 0.041800 hargrave 2019-12-28 13:52:44 
425.00 296.0  23.1 296.0  23.1 7.27E-05 000.4 228.4 -21.6 0.034105 0.067940 0.044022 hargrave 2019-12-29 12:27:06 
300.20 293.2  19.6 293.2  19.6 7.50E-05 000.3 229.3 -25.9 0.032319 0.045912 0.040594 hargrave 2019-12-29 16:33:28 
425.10 288.0  18.7 288.0  18.7 7.66E-05 000.5 226.0 -30.0 0.038322 0.053944 0.038200 hargrave 2019-12-30 12:24:30 
450.10 285.0  19.1 285.0  19.1 8.05E-05 005.7 223.3 -31.6 1.123764 0.092190 0.034200 hargrave 2019-12-30 17:37:26 
450.00 295.1  21.8 295.1  21.8 6.99E-05 000.3 228.8 -23.2 0.005692 0.028722 0.048677 hargrave 2019-12-31 18:43:32 
475.00 297.6  19.3 297.6  19.3 6.77E-05 000.5 232.6 -23.1 0.019066 0.031382 0.044872 hargrave 2020-01-01 11:26:33 
425.20 285.9  14.6 285.9  14.6 7.41E-05 000.6 227.6 -34.4 0.064048 0.026533 0.043824 hargrave 2020-01-01 15:08:14 
475.10 284.8  10.0 284.8  10.0 7.70E-05 000.4 230.6 -38.5 0.028530 0.034274 0.043087 hargrave 2020-01-02 10:32:13 
500.10 281.1  08.5 281.1  08.5 7.65E-05 000.6 228.6 -42.1 0.064851 0.032523 0.042961 hargrave 2020-01-02 14:45:34 
500.00 297.9  18.4 297.9  18.4 6.34E-05 000.5 233.5 -23.5 0.030380 0.026462 0.045611 hargrave 2020-01-03 12:23:33 
520.00 297.8  18.5 297.8  18.5 6.05E-05 000.7 233.4 -23.5 0.060640 0.020434 0.044494 hargrave 2020-01-03 16:51:39 
475.20 278.7  08.7 278.7  08.7 7.53E-05 000.6 225.9 -43.6 0.063704 0.035890 0.044433 hargrave 2020-01-14 13:01:13 
520.10 279.7  03.0 279.7  03.0 7.66E-05 000.5 232.5 -47.0 0.062850 0.035841 0.032603 hargrave 2020-01-18 12:04:02 
530.10 277.4  02.7 277.4  02.7 7.73E-05 000.5 230.4 -48.9 0.063526 0.039010 0.030890 hargrave 2020-01-18 15:55:05 
530.00 295.8  20.1 295.8  20.1 5.79E-05 000.6 230.8 -23.8 0.059447 0.033970 0.038248 hargrave 2020-01-19 12:10:29 
540.00 295.5  20.1 295.5  20.1 5.52E-05 000.6 230.5 -24.0 0.057703 0.033035 0.036265 hargrave 2020-01-19 15:41:24 
520.20 279.7 -00.9 279.7 -00.9 7.58E-05 000.5 236.8 -49.7 0.059162 0.034534 0.031612 hargrave 2020-01-20 12:15:36 
540.10 275.7  01.6 275.7  01.6 7.74E-05 000.6 229.7 -50.9 0.061363 0.054950 0.028901 hargrave 2020-01-20 16:15:14 
550.10 273.9 -00.5 273.9 -00.5 7.43E-05 000.7 229.9 -53.6 0.041489 0.070571 0.027390 hargrave 2020-01-21 10:13:13 
550.00 293.3  22.1 293.3  22.1 5.04E-05 000.8 227.3 -24.2 0.052507 0.050392 0.032781 hargrave 2020-01-21 13:43:43 
555.00 297.1  17.7 297.1  17.7 4.66E-05 000.9 233.6 -24.5 0.046805 0.052385 0.030417 hargrave 2020-01-21 17:18:03 
540.20 273.1 -01.8 273.1 -01.8 6.85E-05 000.4 230.4 -55.0 0.031277 0.029058 0.022611 hargrave 2020-01-22 12:15:07 
555.10 271.6 -01.8 271.6 -01.8 7.21E-05 000.3 228.4 -56.1 0.022237 0.028670 0.025185 hargrave 2020-01-23 09:23:20 
560.10 269.4 -07.8 269.4 -07.8 6.72E-05 000.5 233.5 -61.9 0.040348 0.033250 0.021675 hargrave 2020-01-23 13:42:59 
560.00 295.8  19.3 295.8  19.3 3.61E-05 000.5 231.3 -24.4 0.015755 0.033792 0.022522 hargrave 2020-01-24 08:40:10 
562.00 294.3  21.4 294.3  21.4 3.10E-05 001.2 228.6 -24.0 0.067777 0.036229 0.019755 hargrave 2020-01-24 12:29:09 
555.20 269.1 -10.2 269.1 -10.2 6.10E-05 000.8 237.1 -63.7 0.075724 0.031566 0.018478 hargrave 2020-01-24 16:23:39 
562.10 264.6 -13.4 264.6 -13.4 6.30E-05 000.8 236.1 -69.2 0.065522 0.061844 0.016723 hargrave 2020-01-25 12:11:00 
564.10 260.0 -14.3 260.0 -14.3 6.16E-05 000.6 228.8 -73.1 0.063616 0.032518 0.017186 hargrave 2020-01-25 16:07:05 
564.00 293.7  22.7 293.7  22.7 2.08E-05 001.3 227.1 -23.5 0.049604 0.011095 0.013130 hargrave 2020-01-26 14:03:54 
566.00 295.4  20.6 295.4  20.6 1.97E-05 001.3 230.0 -23.8 0.048493 0.014470 0.012698 hargrave 2020-01-26 17:19:29 
562.20 258.9 -16.3 258.9 -16.3 5.80E-05 000.6 231.3 -75.2 0.057096 0.031341 0.014838 hargrave 2020-01-27 10:27:34 
566.10 255.1 -19.8 255.1 -19.8 5.93E-05 000.5 232.0 -80.2 0.048021 0.031102 0.014592 hargrave 2020-01-27 14:12:55 
570.10 247.2 -26.0 247.2 -26.0 5.86E-05 000.4 262.6 -89.8 0.027899 0.027926 0.020591 hargrave 2020-01-28 10:31:20 
570.00 288.2  25.4 288.2  25.4 5.32E-06 001.3 221.2 -25.0 0.013695 0.003035 0.003829 hargrave 2020-01-28 16:42:27 
575.00 291.3  31.4 291.3  31.4 3.66E-06 001.3 219.0 -18.6 0.010050 0.002142 0.002449 hargrave 2020-01-29 10:14:51 
566.20 248.7 -27.7 248.7 -27.7 5.49E-05 000.4 316.2 -87.6 0.023876 0.026309 0.015141 hargrave 2020-01-29 13:49:41 
575.10 247.9 -28.3 247.9 -28.3 5.88E-05 000.4 338.5 -87.6 0.025755 0.029487 0.017624 hargrave 2020-01-30 10:25:30 
580.10 247.1 -28.0 247.1 -28.0 5.84E-05 000.4 353.8 -88.0 0.025914 0.029652 0.022611 hargrave 2020-01-30 14:18:54 
580.00 298.1  22.5 298.1  22.5 2.68E-06 001.5 230.2 -20.7 0.007625 0.001529 0.001869 hargrave 2020-01-31 10:14:06 
585.00 294.2  22.8 294.2  22.8 2.58E-06 001.6 227.4 -23.1 0.008037 0.002004 0.001777 hargrave 2020-01-31 13:48:23 
575.20 248.4 -26.3 248.4 -26.3 5.82E-05 000.4 285.2 -88.7 0.028109 0.027689 0.014735 hargrave 2020-01-31 17:33:15 
585.10 248.8 -28.7 248.8 -28.7 5.86E-05 000.4 327.9 -86.8 0.027094 0.031195 0.019528 hargrave 2020-02-01 12:24:28 
