AX6- 1a sun compass orientation
      0 147.0  44.0   0.0   0.0   1.0
NRM    290.1  28.9 290.1  28.9 1.68E-04 000.6 224.5 -01.0 0.092202 0.037773 0.150674 hargrave 2019-12-20 14:58:47 
100.00 287.6  30.7 287.6  30.7 1.68E-04 000.6 221.7 -00.7 0.107218 0.056989 0.147688 hargrave 2019-12-22 10:54:57 
100.10 287.3  31.0 287.3  31.0 1.66E-04 000.6 221.3 -00.6 0.071065 0.065909 0.144149 hargrave 2019-12-22 16:23:49 
200.10 289.6  29.7 289.6  29.7 1.63E-04 000.5 223.6 -00.6 0.052963 0.058589 0.135300 hargrave 2019-12-23 15:20:28 
200.00 288.2  31.1 288.2  31.1 1.62E-04 000.7 221.8 -00.1 0.087218 0.111562 0.139175 hargrave 2019-12-24 14:02:42 
300.00 287.4  31.9 287.4  31.9 1.59E-04 000.6 220.9  00.3 0.080065 0.097781 0.130752 hargrave 2019-12-25 14:28:54 
100.20 290.1  29.9 290.1  29.9 1.58E-04 000.6 223.9 -00.2 0.086780 0.099442 0.132087 hargrave 2019-12-26 13:11:04 
300.10 286.7  30.9 286.7  30.9 1.57E-04 000.6 220.9 -00.9 0.051661 0.102362 0.132372 hargrave 2019-12-26 17:07:01 
400.10 288.4  28.0 288.4  28.0 1.47E-04 000.6 223.7 -02.6 0.069569 0.110863 0.132493 hargrave 2019-12-27 14:44:17 
400.00 292.4  28.1 292.4  28.1 1.46E-04 000.7 226.6 -00.6 0.078231 0.109670 0.123151 hargrave 2019-12-28 14:39:37 
425.00 284.4  32.5 284.4  32.5 1.43E-04 000.6 218.4 -00.5 0.082861 0.116508 0.120084 hargrave 2019-12-29 13:12:36 
300.20 288.6  28.6 288.6  28.6 1.43E-04 000.5 223.5 -02.0 0.065282 0.080893 0.124685 hargrave 2019-12-29 17:23:25 
425.10 288.2  26.5 288.2  26.5 1.41E-04 000.5 224.3 -04.0 0.067239 0.073890 0.121014 hargrave 2019-12-30 13:16:21 
450.10 283.6  27.9 283.6  27.9 1.38E-04 000.5 220.1 -04.9 0.081075 0.055995 0.116445 hargrave 2019-12-30 19:32:04 
450.00 289.5  29.1 289.5  29.1 1.35E-04 000.5 223.9 -01.1 0.068054 0.057906 0.116551 hargrave 2019-12-31 19:31:41 
475.00 291.7  28.1 291.7  28.1 1.30E-04 000.5 226.0 -00.9 0.045084 0.065043 0.102167 hargrave 2020-01-01 12:14:09 
425.20 287.8  25.2 287.8  25.2 1.31E-04 000.4 224.8 -05.2 0.038743 0.040165 0.100984 hargrave 2020-01-01 15:57:53 
475.10 286.6  22.6 286.6  22.6 1.31E-04 000.5 225.2 -08.0 0.028313 0.040541 0.103805 hargrave 2020-01-02 11:21:54 
500.10 284.8  20.8 284.8  20.8 1.24E-04 000.6 224.7 -10.5 0.055066 0.070019 0.100623 hargrave 2020-01-02 15:36:06 
500.00 290.9  27.9 290.9  27.9 1.21E-04 000.6 225.6 -01.4 0.042921 0.056186 0.097831 hargrave 2020-01-03 13:10:16 
520.00 290.3  28.4 290.3  28.4 1.14E-04 000.6 224.9 -01.3 0.041315 0.053881 0.090787 hargrave 2020-01-03 17:38:14 
475.20 285.7  21.4 285.7  21.4 1.16E-04 000.5 225.2 -09.5 0.042331 0.044567 0.094137 hargrave 2020-01-14 13:51:19 
520.10 281.4  19.3 281.4  19.3 1.14E-04 000.5 222.8 -13.3 0.068271 0.059135 0.089073 hargrave 2020-01-18 12:54:52 
530.10 282.5  16.0 282.5  16.0 1.11E-04 000.4 225.4 -15.7 0.058143 0.047089 0.082487 hargrave 2020-01-18 16:45:58 
530.00 288.0  28.8 288.0  28.8 1.06E-04 000.5 223.0 -02.0 0.054858 0.052119 0.085406 hargrave 2020-01-19 12:57:44 
540.00 287.1  30.4 287.1  30.4 9.87E-05 000.6 221.4 -01.2 0.070806 0.039537 0.080785 hargrave 2020-01-19 16:27:10 
520.20 281.4  16.2 281.4  16.2 1.02E-04 000.6 224.3 -16.0 0.094016 0.033393 0.075468 hargrave 2020-01-20 13:06:29 
540.10 276.1  13.7 276.1  13.7 1.04E-04 000.6 220.9 -20.6 0.058947 0.056992 0.073949 hargrave 2020-01-20 17:07:10 
550.10 276.1  06.8 276.1  06.8 9.59E-05 000.5 224.5 -26.8 0.056410 0.051130 0.060392 hargrave 2020-01-21 11:04:03 
550.00 286.9  30.2 286.9  30.2 8.27E-05 000.6 221.4 -01.4 0.048865 0.049365 0.066323 hargrave 2020-01-21 14:29:25 
555.00 287.5  29.4 287.5  29.4 7.41E-05 000.5 222.2 -01.8 0.045621 0.041486 0.058804 hargrave 2020-01-21 18:03:52 
540.20 274.7  05.8 274.7  05.8 8.47E-05 000.4 223.7 -28.3 0.048414 0.042888 0.052299 hargrave 2020-01-22 13:05:58 
555.10 271.4 -01.7 271.4 -01.7 8.96E-05 000.4 224.6 -36.4 0.038071 0.044577 0.050431 hargrave 2020-01-23 10:14:07 
560.10 266.6 -08.3 266.6 -08.3 8.59E-05 000.3 223.3 -44.5 0.039699 0.020158 0.040829 hargrave 2020-01-23 14:33:57 
560.00 287.8  28.2 287.8  28.2 5.39E-05 000.7 223.1 -02.7 0.044867 0.043177 0.042104 hargrave 2020-01-24 09:27:04 
562.00 287.4  29.2 287.4  29.2 4.49E-05 000.8 222.3 -02.0 0.039877 0.046630 0.034877 hargrave 2020-01-24 13:14:35 
555.20 261.0 -14.7 261.0 -14.7 7.34E-05 000.7 220.5 -52.8 0.039854 0.070964 0.027503 hargrave 2020-01-24 17:15:21 
562.10 258.9 -22.2 258.9 -22.2 8.15E-05 000.4 224.1 -60.3 0.041138 0.040893 0.024519 hargrave 2020-01-25 13:02:56 
564.10 251.8 -29.7 251.8 -29.7 8.19E-05 000.5 220.4 -70.0 0.068635 0.017918 0.016939 hargrave 2020-01-25 16:58:20 
564.00 285.5  28.6 285.5  28.6 2.43E-05 001.5 221.2 -03.5 0.059454 0.044943 0.019631 hargrave 2020-01-26 14:50:25 
566.00 285.0  27.7 285.0  27.7 2.30E-05 001.6 221.3 -04.4 0.057277 0.048348 0.018635 hargrave 2020-01-26 18:06:14 
562.20 249.2 -33.9 249.2 -33.9 8.10E-05 000.7 221.6 -74.7 0.068845 0.071729 0.015719 hargrave 2020-01-27 11:19:13 
566.10 246.0 -37.0 246.0 -37.0 8.67E-05 000.6 219.7 -78.7 0.075388 0.043956 0.014744 hargrave 2020-01-27 15:06:04 
570.10 240.3 -43.4 240.3 -43.4 9.02E-05 000.4 224.1 -86.5 0.051369 0.042198 0.016396 hargrave 2020-01-28 11:23:57 
570.00 278.1  20.2 278.1  20.2 9.25E-06 001.4 219.5 -14.1 0.025030 0.005875 0.006770 hargrave 2020-01-28 17:29:58 
575.00 287.7  33.6 287.7  33.6 6.48E-06 001.3 220.1  01.8 0.017688 0.003838 0.005516 hargrave 2020-01-29 11:01:18 
566.20 239.0 -43.6 239.0 -43.6 8.84E-05 000.4 210.7 -87.2 0.049345 0.039922 0.028742 hargrave 2020-01-29 14:42:34 
575.10 237.9 -45.6 237.9 -45.6 9.19E-05 000.4 235.5 -89.2 0.045921 0.042509 0.020023 hargrave 2020-01-30 11:19:17 
580.10 243.0 -42.5 243.0 -42.5 9.44E-05 000.5 233.0 -84.4 0.063459 0.047342 0.021284 hargrave 2020-01-30 15:11:54 
580.00 286.5  31.5 286.5  31.5 4.23E-06 001.3 220.4 -00.5 0.011759 0.002749 0.003069 hargrave 2020-01-31 10:59:59 
585.00 277.0  26.4 277.0  26.4 4.05E-06 001.5 215.7 -09.0 0.011946 0.003561 0.003288 hargrave 2020-01-31 14:35:41 
575.20 238.6 -45.0 238.6 -45.0 9.52E-05 000.4 228.5 -88.5 0.047561 0.042066 0.020630 hargrave 2020-01-31 18:25:11 
585.10 238.2 -47.8 238.2 -47.8 9.82E-05 000.4 334.9 -88.0 0.044966 0.048297 0.020860 hargrave 2020-02-01 13:17:39 
