AX6- 3a sun compass orientation
      0 168.4  64.0   0.0   0.0   1.0
NRM    286.1  22.2 286.1  22.2 4.13E-04 000.6 211.6 -34.9 0.264294 0.093889 0.314947 hargrave 2019-12-20 15:04:23 
100.00 288.6  21.1 288.6  21.1 4.13E-04 000.6 214.7 -34.5 0.262162 0.090232 0.305680 hargrave 2019-12-22 10:57:53 
100.10 289.8  20.4 289.8  20.4 4.08E-04 000.5 216.3 -34.5 0.216264 0.102798 0.291630 hargrave 2019-12-22 16:27:46 
200.10 288.8  20.5 288.8  20.5 4.00E-04 000.5 215.4 -34.9 0.199999 0.110523 0.267724 hargrave 2019-12-23 15:24:25 
200.00 288.2  21.6 288.2  21.6 3.99E-04 000.5 214.0 -34.4 0.202211 0.181981 0.247715 hargrave 2019-12-24 14:05:50 
300.00 287.3  22.0 287.3  22.0 3.83E-04 000.5 212.9 -34.4 0.200201 0.206165 0.237814 hargrave 2019-12-25 14:32:53 
100.20 282.8  24.2 282.8  24.2 3.76E-04 000.5 207.2 -34.5 0.131291 0.204670 0.224480 hargrave 2019-12-26 13:15:13 
300.10 284.4  22.8 284.4  22.8 3.74E-04 000.5 209.6 -35.1 0.140326 0.221346 0.218952 hargrave 2019-12-26 17:11:14 
400.10 280.5  22.8 280.5  22.8 3.53E-04 000.4 205.7 -36.7 0.093939 0.197162 0.197233 hargrave 2019-12-27 14:48:26 
400.00 288.5  20.7 288.5  20.7 3.42E-04 000.4 214.9 -34.9 0.129003 0.204885 0.176098 hargrave 2019-12-28 14:42:44 
425.00 284.8  23.2 284.8  23.2 3.32E-04 000.4 209.7 -34.6 0.106878 0.210112 0.172536 hargrave 2019-12-29 13:15:43 
300.20 283.4  22.7 283.4  22.7 3.36E-04 000.4 208.6 -35.6 0.071925 0.158302 0.169591 hargrave 2019-12-29 17:27:34 
425.10 284.1  19.8 284.1  19.8 3.35E-04 000.3 211.1 -37.8 0.100688 0.130589 0.156202 hargrave 2019-12-30 13:20:33 
450.10 285.0  18.1 285.0  18.1 3.27E-04 000.3 213.2 -38.9 0.053312 0.145121 0.150409 hargrave 2019-12-30 19:36:12 
450.00 285.6  21.9 285.6  21.9 3.05E-04 000.4 211.3 -35.3 0.045236 0.137695 0.155878 hargrave 2019-12-31 19:34:49 
475.00 286.1  21.2 286.1  21.2 2.91E-04 000.4 212.3 -35.7 0.058128 0.103728 0.154701 hargrave 2020-01-01 12:17:23 
425.20 284.1  16.8 284.1  16.8 3.06E-04 000.4 213.1 -40.5 0.052714 0.132564 0.153672 hargrave 2020-01-01 16:02:04 
475.10 283.2  15.1 283.2  15.1 3.08E-04 000.4 213.2 -42.3 0.074839 0.091959 0.161749 hargrave 2020-01-02 11:26:03 
500.10 279.7  14.1 279.7  14.1 2.96E-04 000.4 209.8 -44.9 0.089344 0.090971 0.164229 hargrave 2020-01-02 15:40:15 
500.00 285.6  20.4 285.6  20.4 2.59E-04 000.4 212.2 -36.6 0.096117 0.050426 0.167371 hargrave 2020-01-03 13:13:25 
520.00 290.7  18.3 290.7  18.3 2.40E-04 000.5 218.7 -35.7 0.111133 0.067111 0.158708 hargrave 2020-01-03 17:41:21 
475.20 281.0  13.1 281.0  13.1 2.74E-04 000.4 212.0 -45.1 0.123913 0.062739 0.163461 hargrave 2020-01-14 13:55:28 
520.10 278.9  09.5 278.9  09.5 2.88E-04 000.3 212.0 -49.3 0.045677 0.115150 0.089938 hargrave 2020-01-18 12:59:00 
530.10 276.6  07.3 276.6  07.3 2.88E-04 000.3 210.4 -52.3 0.084154 0.140711 0.084474 hargrave 2020-01-18 16:50:08 
530.00 284.2  20.3 284.2  20.3 2.17E-04 000.3 210.9 -37.3 0.068686 0.080317 0.102381 hargrave 2020-01-19 13:00:51 
540.00 283.2  20.5 283.2  20.5 1.97E-04 000.3 209.7 -37.6 0.042940 0.066463 0.095131 hargrave 2020-01-19 16:30:16 
520.20 274.8  03.8 274.8  03.8 2.83E-04 000.3 210.5 -56.2 0.075936 0.106555 0.066364 hargrave 2020-01-20 13:10:37 
540.10 272.9  01.4 272.9  01.4 3.09E-04 000.3 209.3 -59.2 0.082339 0.143117 0.069969 hargrave 2020-01-20 17:11:21 
550.10 270.6 -02.5 270.6 -02.5 3.17E-04 000.4 208.6 -63.8 0.120719 0.186447 0.066332 hargrave 2020-01-21 11:08:13 
550.00 281.7  21.2 281.7  21.2 1.61E-04 000.3 207.8 -37.7 0.046786 0.053272 0.076126 hargrave 2020-01-21 14:32:31 
555.00 285.3  19.3 285.3  19.3 1.41E-04 000.4 212.7 -37.7 0.043294 0.067053 0.066523 hargrave 2020-01-21 18:06:59 
540.20 269.5 -07.1 269.5 -07.1 3.07E-04 000.4 211.3 -68.3 0.118450 0.160982 0.051421 hargrave 2020-01-22 13:10:09 
555.10 267.5 -09.2 267.5 -09.2 3.43E-04 000.3 208.8 -71.1 0.123510 0.169667 0.050935 hargrave 2020-01-23 10:18:17 
560.10 266.3 -10.9 266.3 -10.9 3.48E-04 000.3 207.7 -73.2 0.121839 0.112080 0.060790 hargrave 2020-01-23 14:38:07 
560.00 282.6  18.6 282.6  18.6 1.12E-04 000.4 210.3 -39.6 0.055623 0.054023 0.052812 hargrave 2020-01-24 09:30:11 
562.00 281.5  20.6 281.5  20.6 1.03E-04 000.4 207.9 -38.3 0.036203 0.041437 0.048719 hargrave 2020-01-24 13:17:41 
555.20 264.7 -12.5 264.7 -12.5 3.49E-04 000.4 204.7 -75.2 0.142036 0.184641 0.061501 hargrave 2020-01-24 17:19:30 
562.10 265.3 -16.1 265.3 -16.1 3.62E-04 000.4 214.1 -78.2 0.170920 0.186567 0.081837 hargrave 2020-01-25 13:07:05 
564.10 266.5 -14.4 266.5 -14.4 3.70E-04 000.4 214.8 -76.1 0.135968 0.183211 0.077159 hargrave 2020-01-25 17:02:29 
564.00 281.7  17.7 281.7  17.7 8.62E-05 000.5 209.8 -40.8 0.040964 0.049072 0.042352 hargrave 2020-01-26 14:53:32 
566.00 281.2  18.9 281.2  18.9 7.98E-05 000.5 208.6 -39.9 0.032607 0.045653 0.040420 hargrave 2020-01-26 18:09:22 
562.20 263.6 -17.5 263.6 -17.5 3.66E-04 000.4 210.7 -80.2 0.150742 0.171728 0.076249 hargrave 2020-01-27 11:23:21 
566.10 262.9 -17.3 262.9 -17.3 3.74E-04 000.4 206.5 -80.4 0.151105 0.179642 0.075371 hargrave 2020-01-27 15:10:17 
570.10 262.6 -20.9 262.6 -20.9 3.72E-04 000.4 217.9 -83.6 0.179713 0.180358 0.085862 hargrave 2020-01-28 11:28:06 
570.00 277.2  16.7 277.2  16.7 4.61E-05 000.6 205.2 -43.6 0.044026 0.025249 0.022675 hargrave 2020-01-28 17:33:05 
575.00 279.3  19.6 279.3  19.6 3.31E-05 001.4 206.0 -40.1 0.106626 0.016057 0.016298 hargrave 2020-01-29 11:04:24 
566.20 262.1 -20.1 262.1 -20.1 3.53E-04 000.4 210.4 -83.2 0.178098 0.171820 0.132601 hargrave 2020-01-29 14:46:44 
575.10 260.3 -22.6 260.3 -22.6 3.72E-04 000.3 207.4 -86.1 0.177316 0.141019 0.098788 hargrave 2020-01-30 11:23:31 
580.10 263.1 -19.0 263.1 -19.0 3.74E-04 000.3 212.7 -81.8 0.161684 0.153719 0.078579 hargrave 2020-01-30 15:16:05 
580.00 280.7  17.6 280.7  17.6 2.84E-05 001.5 208.8 -41.3 0.066242 0.048191 0.013342 hargrave 2020-01-31 11:03:06 
585.00 279.0  18.7 279.0  18.7 2.32E-05 001.3 206.2 -41.0 0.052979 0.021460 0.011462 hargrave 2020-01-31 14:38:48 
575.20 262.0 -21.4 262.0 -21.4 3.62E-04 000.4 216.2 -84.4 0.170945 0.157989 0.087567 hargrave 2020-01-31 18:29:19 
585.10 260.5 -23.5 260.5 -23.5 3.67E-04 000.4 217.6 -86.8 0.213327 0.170358 0.089657 hargrave 2020-02-01 13:21:50 
