AX6- 2a sun compass orientation
      0 165.3  47.0   0.0   0.0   1.0
NRM    280.3  36.0 280.3  36.0 2.87E-04 000.5 200.2 -07.8 0.105462 0.110756 0.232400 hargrave 2019-12-20 15:01:34 
100.00 283.0  35.4 283.0  35.4 2.87E-04 000.6 202.4 -07.6 0.131965 0.139847 0.243750 hargrave 2019-12-22 10:56:23 
100.10 286.7  34.1 286.7  34.1 2.82E-04 000.5 205.8 -07.7 0.098959 0.126918 0.240027 hargrave 2019-12-22 16:25:45 
200.10 284.0  34.7 284.0  34.7 2.76E-04 000.6 203.5 -08.1 0.101967 0.141731 0.234510 hargrave 2019-12-23 15:22:25 
200.00 288.1  33.6 288.1  33.6 2.75E-04 000.6 207.1 -07.7 0.094856 0.202638 0.229767 hargrave 2019-12-24 14:04:18 
300.00 284.0  34.9 284.0  34.9 2.67E-04 000.6 203.4 -07.8 0.089783 0.190412 0.219085 hargrave 2019-12-25 14:30:31 
100.20 286.7  34.2 286.7  34.2 2.65E-04 000.6 205.8 -07.6 0.076862 0.187767 0.218017 hargrave 2019-12-26 13:13:11 
300.10 284.9  33.5 284.9  33.5 2.62E-04 000.6 204.6 -08.8 0.070309 0.187067 0.212908 hargrave 2019-12-26 17:09:08 
400.10 283.1  32.7 283.1  32.7 2.43E-04 000.5 203.5 -10.1 0.076892 0.158184 0.188242 hargrave 2019-12-27 14:46:23 
400.00 286.0  33.8 286.0  33.8 2.40E-04 000.6 205.3 -08.2 0.074010 0.186312 0.190952 hargrave 2019-12-28 14:41:13 
425.00 284.9  34.3 284.9  34.3 2.33E-04 000.5 204.3 -08.1 0.074615 0.145343 0.189915 hargrave 2019-12-29 13:14:12 
300.20 282.8  32.9 282.8  32.9 2.35E-04 000.4 203.2 -10.1 0.102643 0.081799 0.178601 hargrave 2019-12-29 17:25:32 
425.10 280.6  31.4 280.6  31.4 2.31E-04 000.4 201.9 -12.1 0.060001 0.078079 0.175100 hargrave 2019-12-30 13:18:27 
450.10 285.6  28.1 285.6  28.1 2.23E-04 000.4 207.3 -13.7 0.070908 0.083443 0.164049 hargrave 2019-12-30 19:34:11 
450.00 285.9  32.5 285.9  32.5 2.16E-04 000.5 205.8 -09.4 0.082236 0.069349 0.184761 hargrave 2019-12-31 19:33:17 
475.00 286.8  32.1 286.8  32.1 2.07E-04 000.4 206.6 -09.5 0.031819 0.051469 0.155986 hargrave 2020-01-01 12:15:48 
425.20 281.9  27.6 281.9  27.6 2.10E-04 000.5 204.3 -15.3 0.027575 0.078151 0.153485 hargrave 2020-01-01 16:00:01 
475.10 280.0  25.5 280.0  25.5 2.09E-04 000.4 203.4 -17.8 0.016273 0.025335 0.153765 hargrave 2020-01-02 11:24:01 
500.10 279.3  22.6 279.3  22.6 1.98E-04 000.5 203.7 -20.8 0.027481 0.078578 0.147972 hargrave 2020-01-02 15:38:13 
500.00 286.8  30.9 286.8  30.9 1.86E-04 000.5 207.1 -10.6 0.050152 0.069003 0.145762 hargrave 2020-01-03 13:11:53 
520.00 286.6  31.2 286.6  31.2 1.72E-04 000.5 206.9 -10.5 0.054230 0.075329 0.133051 hargrave 2020-01-03 17:39:50 
475.20 278.8  20.8 278.8  20.8 1.84E-04 000.5 203.8 -22.7 0.093773 0.052429 0.141692 hargrave 2020-01-14 13:53:25 
520.10 280.3  14.5 280.3  14.5 1.89E-04 000.4 207.6 -28.1 0.069857 0.080618 0.113897 hargrave 2020-01-18 12:56:59 
530.10 275.1  09.1 275.1  09.1 1.89E-04 000.4 204.0 -34.9 0.060355 0.097984 0.100348 hargrave 2020-01-18 16:48:06 
530.00 285.3  30.9 285.3  30.9 1.58E-04 000.5 206.0 -11.2 0.078548 0.063987 0.120159 hargrave 2020-01-19 12:59:20 
540.00 280.3  33.4 280.3  33.4 1.44E-04 000.5 201.0 -10.3 0.031966 0.067850 0.112104 hargrave 2020-01-19 16:28:45 
520.20 270.7  01.3 270.7  01.3 1.90E-04 000.4 201.5 -43.6 0.038531 0.095389 0.079601 hargrave 2020-01-20 13:08:35 
540.10 268.7 -04.3 268.7 -04.3 2.09E-04 000.4 200.9 -49.5 0.042307 0.127054 0.067081 hargrave 2020-01-20 17:09:18 
550.10 267.0 -12.3 267.0 -12.3 2.24E-04 000.4 201.7 -57.6 0.101371 0.104388 0.046272 hargrave 2020-01-21 11:06:11 
550.00 285.1  28.9 285.1  28.9 1.20E-04 000.5 206.5 -13.0 0.045440 0.053867 0.087980 hargrave 2020-01-21 14:31:00 
555.00 283.9  31.4 283.9  31.4 1.07E-04 000.5 204.6 -11.1 0.068541 0.038665 0.081800 hargrave 2020-01-21 18:05:28 
540.20 264.8 -18.1 264.8 -18.1 2.29E-04 000.4 200.7 -63.8 0.102142 0.131732 0.036855 hargrave 2020-01-22 13:08:06 
555.10 262.2 -21.2 262.2 -21.2 2.63E-04 000.4 196.9 -67.4 0.094254 0.138851 0.032739 hargrave 2020-01-23 10:16:14 
560.10 261.4 -24.7 261.4 -24.7 2.72E-04 000.4 197.2 -71.0 0.106063 0.147991 0.033972 hargrave 2020-01-23 14:36:04 
560.00 280.8  29.4 280.8  29.4 8.74E-05 000.5 202.8 -13.9 0.033410 0.039742 0.062796 hargrave 2020-01-24 09:28:40 
562.00 283.7  27.8 283.7  27.8 7.62E-05 000.4 205.8 -14.5 0.045263 0.039783 0.054886 hargrave 2020-01-24 13:16:10 
555.20 260.3 -25.9 260.3 -25.9 2.82E-04 000.4 195.0 -72.5 0.140262 0.161922 0.036816 hargrave 2020-01-24 17:17:28 
562.10 259.2 -30.2 259.2 -30.2 2.97E-04 000.4 194.8 -76.8 0.161423 0.148211 0.051037 hargrave 2020-01-25 13:05:03 
564.10 256.9 -31.0 256.9 -31.0 3.05E-04 000.4 186.6 -78.0 0.146473 0.152413 0.051560 hargrave 2020-01-25 17:00:27 
564.00 278.0  29.2 278.0  29.2 5.99E-05 000.6 200.4 -14.8 0.070049 0.035682 0.043732 hargrave 2020-01-26 14:52:01 
566.00 281.7  29.9 281.7  29.9 5.72E-05 000.7 203.3 -13.1 0.081157 0.028450 0.042257 hargrave 2020-01-26 18:07:50 
562.20 256.4 -33.6 256.4 -33.6 3.12E-04 000.4 185.5 -80.6 0.133086 0.151294 0.049864 hargrave 2020-01-27 11:21:20 
566.10 256.1 -34.1 256.1 -34.1 3.20E-04 000.4 184.2 -81.1 0.140606 0.161132 0.059895 hargrave 2020-01-27 15:08:15 
570.10 254.0 -38.0 254.0 -38.0 3.26E-04 000.4 168.4 -84.9 0.170758 0.154254 0.072577 hargrave 2020-01-28 11:26:04 
570.00 279.3  25.2 279.3  25.2 3.53E-05 000.7 202.8 -18.3 0.048555 0.022622 0.023300 hargrave 2020-01-28 17:31:34 
575.00 280.4  25.8 280.4  25.8 2.46E-05 001.0 203.6 -17.5 0.046826 0.044598 0.017253 hargrave 2020-01-29 11:02:53 
566.20 253.2 -37.9 253.2 -37.9 3.19E-04 000.4 161.6 -84.7 0.158547 0.137478 0.129752 hargrave 2020-01-29 14:44:41 
575.10 252.5 -39.7 252.5 -39.7 3.33E-04 000.4 147.2 -86.1 0.173847 0.170093 0.075370 hargrave 2020-01-30 11:21:29 
580.10 256.3 -36.8 256.3 -36.8 3.33E-04 000.4 187.6 -83.8 0.161252 0.163961 0.065429 hargrave 2020-01-30 15:14:02 
580.00 280.1  21.5 280.1  21.5 2.07E-05 001.9 204.9 -21.6 0.058369 0.050225 0.012955 hargrave 2020-01-31 11:01:35 
585.00 280.1  24.2 280.1  24.2 1.96E-05 001.2 203.9 -19.0 0.047945 0.018389 0.013032 hargrave 2020-01-31 14:37:17 
575.20 252.8 -39.2 252.8 -39.2 3.26E-04 000.3 152.2 -85.8 0.160240 0.111939 0.077770 hargrave 2020-01-31 18:27:17 
585.10 252.5 -41.3 252.5 -41.3 3.31E-04 000.4 127.6 -87.3 0.153049 0.161328 0.083830 hargrave 2020-02-01 13:19:46 
