AX7- 3a sun compass orientation
      0 103.3  30.0   0.0   0.0   1.0
NRM    279.8  29.3 279.8  29.3 5.46E-04 000.4 251.5  23.4 0.229105 0.236403 0.340036 hargrave 2019-12-20 12:05:24 
100.00 282.5  27.8 282.5  27.8 5.37E-04 000.6 254.6  23.4 0.166886 0.365219 0.460019 hargrave 2019-12-21 13:26:38 
100.10 279.5  29.7 279.5  29.7 5.37E-04 000.6 251.1  23.6 0.256269 0.269767 0.411929 hargrave 2019-12-22 13:42:55 
200.10 277.4  26.5 277.4  26.5 5.07E-04 000.6 251.2  19.9 0.189625 0.252795 0.408045 hargrave 2019-12-23 12:24:58 
200.00 278.1  27.5 278.1  27.5 5.09E-04 000.6 251.2  21.1 0.076063 0.253997 0.424767 hargrave 2019-12-24 13:22:02 
300.00 285.0  24.2 285.0  24.2 4.84E-04 000.7 258.7  21.7 0.041239 0.312600 0.471861 hargrave 2019-12-25 13:48:31 
100.20 277.7  27.3 277.7  27.3 4.82E-04 000.6 251.0  20.7 0.135231 0.232135 0.435962 hargrave 2019-12-26 12:27:02 
300.10 277.5  23.8 277.5  23.8 4.69E-04 000.6 252.8  17.7 0.132157 0.223916 0.427641 hargrave 2019-12-26 16:23:32 
400.10 273.9  19.3 273.9  19.3 4.22E-04 000.6 252.2  12.1 0.156226 0.129946 0.375805 hargrave 2019-12-27 14:00:10 
400.00 278.3  23.6 278.3  23.6 4.27E-04 000.6 253.6  17.8 0.107208 0.160076 0.381072 hargrave 2019-12-28 13:59:34 
425.00 273.8  27.4 273.8  27.4 4.18E-04 000.5 247.8  19.0 0.095925 0.140016 0.303004 hargrave 2019-12-29 12:33:53 
300.20 277.2  21.1 277.2  21.1 4.11E-04 000.6 254.0  15.2 0.145433 0.158340 0.345937 hargrave 2019-12-29 16:40:16 
425.10 273.3  18.8 273.3  18.8 3.98E-04 000.5 252.0  11.3 0.069800 0.134529 0.338858 hargrave 2019-12-30 12:32:09 
450.10 266.8  19.5 266.8  19.5 3.83E-04 000.5 246.1  08.9 0.209629 0.234421 0.268142 hargrave 2019-12-30 17:42:51 
450.00 278.8  21.0 278.8  21.0 3.84E-04 000.5 255.4  15.9 0.154417 0.084999 0.299527 hargrave 2019-12-31 18:49:46 
475.00 280.9  20.6 280.9  20.6 3.71E-04 000.5 257.3  16.5 0.095761 0.062622 0.272368 hargrave 2020-01-01 11:32:37 
425.20 272.6  16.7 272.6  16.7 3.59E-04 000.4 252.4  09.2 0.089703 0.029396 0.257370 hargrave 2020-01-01 15:14:16 
475.10 272.8  12.7 272.8  12.7 3.45E-04 000.4 254.6  05.8 0.022323 0.027671 0.256045 hargrave 2020-01-02 10:38:19 
500.10 263.7  12.1 263.7  12.1 3.22E-04 000.4 247.1  01.0 0.048809 0.025579 0.246204 hargrave 2020-01-02 14:51:37 
500.00 274.0  20.8 274.0  20.8 3.21E-04 000.4 251.5  13.4 0.048030 0.079149 0.230584 hargrave 2020-01-03 12:29:38 
520.00 283.5  17.6 283.5  17.6 3.06E-04 000.5 261.2  15.3 0.104146 0.087833 0.225386 hargrave 2020-01-03 16:57:42 
475.20 269.6  10.1 269.6  10.1 2.95E-04 000.5 253.2  02.0 0.135634 0.050897 0.233611 hargrave 2020-01-14 13:07:18 
520.10 264.1  04.0 264.1  04.0 2.81E-04 000.5 251.3 -05.9 0.150076 0.067107 0.217442 hargrave 2020-01-18 12:10:04 
530.10 262.7 -02.6 262.7 -02.6 2.75E-04 000.4 253.2 -12.4 0.071991 0.056009 0.199034 hargrave 2020-01-18 16:01:06 
530.00 276.8  15.9 276.8  15.9 2.67E-04 000.5 256.4  10.6 0.087137 0.056291 0.203716 hargrave 2020-01-19 12:17:19 
540.00 271.4  21.8 271.4  21.8 2.49E-04 000.5 248.8  13.1 0.121457 0.036418 0.183503 hargrave 2020-01-19 15:47:26 
520.20 260.2 -01.8 260.2 -01.8 2.49E-04 000.5 250.6 -12.9 0.094357 0.057958 0.178467 hargrave 2020-01-20 12:22:26 
540.10 258.2 -13.0 258.2 -13.0 2.55E-04 000.4 254.4 -23.6 0.092807 0.076602 0.168602 hargrave 2020-01-20 16:22:56 
550.10 249.0 -30.9 249.0 -30.9 2.75E-04 000.3 257.1 -43.3 0.072844 0.075973 0.128853 hargrave 2020-01-21 10:20:02 
550.00 265.6  14.0 265.6  14.0 2.01E-04 000.5 247.9  03.6 0.056102 0.035911 0.156420 hargrave 2020-01-21 13:49:45 
555.00 274.8  18.1 274.8  18.1 1.78E-04 000.5 253.6  11.4 0.054919 0.041769 0.130478 hargrave 2020-01-21 17:24:05 
540.20 246.9 -26.7 246.9 -26.7 2.30E-04 000.4 251.9 -40.9 0.069037 0.085544 0.114147 hargrave 2020-01-22 12:21:55 
555.10 236.5 -40.8 236.5 -40.8 3.22E-04 000.3 253.8 -57.3 0.101833 0.115345 0.111569 hargrave 2020-01-23 09:30:08 
560.10 221.1 -48.4 221.1 -48.4 4.13E-04 000.4 246.5 -70.3 0.184930 0.195610 0.097166 hargrave 2020-01-23 13:49:50 
560.00 269.0  12.1 269.0  12.1 1.16E-04 000.5 251.7  03.5 0.055537 0.046981 0.086436 hargrave 2020-01-24 08:46:16 
562.00 269.5  17.2 269.5  17.2 1.07E-04 000.4 249.6  08.2 0.005180 0.015526 0.076153 hargrave 2020-01-24 12:35:10 
555.20 221.5 -52.2 221.5 -52.2 3.59E-04 000.4 255.8 -72.6 0.196005 0.174558 0.070901 hargrave 2020-01-24 16:30:29 
562.10 211.2 -54.9 211.2 -54.9 5.17E-04 000.4 249.7 -79.1 0.278258 0.261747 0.073199 hargrave 2020-01-25 12:17:51 
564.10 207.1 -55.4 207.1 -55.4 5.57E-04 000.4 244.0 -81.4 0.283654 0.283484 0.070292 hargrave 2020-01-25 16:13:54 
564.00 262.5 -02.0 262.5 -02.0 6.60E-05 000.6 252.8 -12.0 0.057030 0.012638 0.046630 hargrave 2020-01-26 14:09:58 
566.00 262.8  04.5 262.8  04.5 5.96E-05 000.5 249.9 -06.1 0.030714 0.022052 0.043692 hargrave 2020-01-26 17:25:37 
562.20 205.2 -58.2 205.2 -58.2 5.21E-04 000.4 258.7 -83.6 0.283314 0.256836 0.057608 hargrave 2020-01-27 10:34:24 
566.10 199.0 -56.0 199.0 -56.0 5.92E-04 000.4 219.7 -85.0 0.306207 0.289014 0.083744 hargrave 2020-01-27 14:20:35 
570.10 197.9 -58.2 197.9 -58.2 6.46E-04 000.4 235.1 -87.1 0.348511 0.316594 0.048808 hargrave 2020-01-28 10:38:12 
570.00 251.7 -13.9 251.7 -13.9 2.74E-05 001.4 248.8 -27.5 0.057915 0.040169 0.017596 hargrave 2020-01-28 16:48:33 
575.00 257.2 -03.2 257.2 -03.2 2.12E-05 001.7 248.5 -15.6 0.053036 0.043592 0.015567 hargrave 2020-01-29 10:20:53 
566.20 198.3 -57.1 198.3 -57.1 6.15E-04 000.4 223.8 -86.1 0.316723 0.301155 0.145298 hargrave 2020-01-29 13:56:33 
575.10 197.9 -58.3 197.9 -58.3 6.57E-04 000.4 235.7 -87.1 0.358713 0.330165 0.070230 hargrave 2020-01-30 10:32:22 
580.10 196.3 -56.9 196.3 -56.9 6.55E-04 000.4 208.5 -86.5 0.355228 0.328893 0.044690 hargrave 2020-01-30 14:25:47 
580.00 252.7 -16.1 252.7 -16.1 1.97E-05 001.3 251.0 -29.0 0.046799 0.020309 0.012495 hargrave 2020-01-31 10:20:11 
585.00 257.6 -06.2 257.6 -06.2 1.54E-05 001.3 250.4 -18.0 0.036724 0.015495 0.010548 hargrave 2020-01-31 13:54:26 
575.20 196.4 -57.2 196.4 -57.2 6.49E-04 000.4 211.5 -86.8 0.339424 0.312601 0.055352 hargrave 2020-01-31 17:40:07 
585.10 195.6 -57.7 195.6 -57.7 6.59E-04 000.4 209.0 -87.4 0.337577 0.319414 0.051643 hargrave 2020-02-01 12:31:20 
