AX8- 2a sun compass orientation
      0  90.1  17.0   0.0   0.0   1.0
NRM    281.3  28.5 281.3  28.5 1.08E-04 000.5 271.5  30.4 0.037795 0.047056 0.083795 hargrave 2019-12-20 15:11:27 
100.00 278.0  30.0 278.0  30.0 1.08E-04 000.6 267.8  30.9 0.072675 0.024287 0.083503 hargrave 2019-12-22 11:02:18 
100.10 277.2  30.8 277.2  30.8 1.07E-04 000.5 266.7  31.4 0.047320 0.024092 0.087723 hargrave 2019-12-22 16:33:13 
200.10 281.6  28.9 281.6  28.9 1.04E-04 000.6 271.7  30.8 0.037872 0.055182 0.087161 hargrave 2019-12-23 15:29:52 
200.00 288.0  26.7 288.0  26.7 1.04E-04 000.6 278.7  30.6 0.052930 0.058319 0.084103 hargrave 2019-12-24 14:08:51 
300.00 278.5  29.7 278.5  29.7 1.01E-04 000.7 268.4  30.7 0.075917 0.060100 0.082516 hargrave 2019-12-25 14:35:53 
100.20 283.1  28.1 283.1  28.1 9.90E-05 000.7 273.5  30.6 0.058185 0.064852 0.087441 hargrave 2019-12-26 13:19:17 
300.10 284.9  26.5 284.9  26.5 9.67E-05 000.7 275.8  29.5 0.057753 0.057188 0.078615 hargrave 2019-12-26 17:15:18 
400.10 285.1  24.6 285.1  24.6 8.78E-05 000.6 276.7  27.8 0.032369 0.056126 0.075858 hargrave 2019-12-27 14:52:29 
400.00 281.0  28.1 281.0  28.1 8.88E-05 000.6 271.4  30.0 0.039858 0.058253 0.072312 hargrave 2019-12-28 14:45:46 
425.00 279.1  28.7 279.1  28.7 8.71E-05 000.6 269.4  29.9 0.030166 0.051348 0.071073 hargrave 2019-12-29 13:20:01 
300.20 282.0  26.7 282.0  26.7 8.57E-05 000.6 272.9  28.9 0.016590 0.063958 0.073234 hargrave 2019-12-29 17:31:38 
425.10 282.3  24.3 282.3  24.3 8.26E-05 000.6 274.2  26.7 0.018226 0.059347 0.069346 hargrave 2019-12-30 13:24:40 
450.10 285.7  22.2 285.7  22.2 8.04E-05 000.6 278.2  25.8 0.032694 0.045368 0.064842 hargrave 2019-12-30 19:40:14 
450.00 280.3  27.3 280.3  27.3 8.17E-05 000.5 271.0  29.0 0.023536 0.042226 0.071304 hargrave 2019-12-31 19:37:54 
475.00 279.4  27.5 279.4  27.5 8.00E-05 000.4 270.1  28.9 0.015096 0.009911 0.063244 hargrave 2020-01-01 12:20:24 
425.20 275.3  25.1 275.3  25.1 7.78E-05 000.5 267.1  25.4 0.018915 0.012024 0.063829 hargrave 2020-01-01 16:06:09 
475.10 278.0  23.0 278.0  23.0 7.50E-05 000.5 270.5  24.3 0.016793 0.023235 0.062465 hargrave 2020-01-02 11:30:06 
500.10 279.5  20.2 279.5  20.2 7.17E-05 000.7 272.9  22.0 0.068813 0.004402 0.061867 hargrave 2020-01-02 15:44:20 
500.00 282.4  27.5 282.4  27.5 7.32E-05 000.7 273.0  29.8 0.054016 0.037220 0.057331 hargrave 2020-01-03 13:16:27 
520.00 277.9  28.6 277.9  28.6 7.29E-05 001.0 268.3  29.5 0.101563 0.046027 0.058265 hargrave 2020-01-03 17:44:23 
475.20 277.8  22.0 277.8  22.0 6.74E-05 000.7 270.6  23.3 0.047208 0.035633 0.059762 hargrave 2020-01-14 13:59:31 
520.10 277.3  18.7 277.3  18.7 6.61E-05 000.6 271.2  19.9 0.024124 0.031547 0.064785 hargrave 2020-01-18 13:03:04 
530.10 269.7  19.1 269.7  19.1 6.42E-05 000.6 263.8  18.1 0.031145 0.003341 0.060511 hargrave 2020-01-18 16:54:12 
530.00 280.0  26.8 280.0  26.8 6.86E-05 000.6 270.9  28.4 0.028980 0.036586 0.061002 hargrave 2020-01-19 13:03:52 
540.00 276.7  27.9 276.7  27.9 6.55E-05 000.6 267.4  28.5 0.023361 0.032158 0.059547 hargrave 2020-01-19 16:33:16 
520.20 275.4  14.2 275.4  14.2 6.15E-05 000.6 270.8  15.1 0.018012 0.029155 0.058379 hargrave 2020-01-20 13:14:41 
540.10 271.9  14.1 271.9  14.1 6.28E-05 000.6 267.5  14.0 0.028765 0.019021 0.062410 hargrave 2020-01-20 17:15:25 
550.10 272.1  10.7 272.1  10.7 5.45E-05 000.7 268.7  10.8 0.020257 0.022318 0.056562 hargrave 2020-01-21 11:12:16 
550.00 279.5  26.1 279.5  26.1 6.06E-05 000.7 270.8  27.6 0.010860 0.043855 0.055071 hargrave 2020-01-21 14:35:32 
555.00 281.9  26.5 281.9  26.5 5.40E-05 000.6 272.9  28.7 0.012503 0.039141 0.048825 hargrave 2020-01-21 18:10:00 
540.20 274.3  09.7 274.3  09.7 5.13E-05 000.7 271.2  10.5 0.021591 0.034976 0.053672 hargrave 2020-01-22 13:14:13 
555.10 274.1  03.5 274.1  03.5 4.82E-05 000.5 272.8  04.5 0.014486 0.036917 0.036840 hargrave 2020-01-23 10:23:10 
560.10 261.3 -08.1 261.3 -08.1 4.27E-05 000.9 264.0 -10.3 0.054390 0.022302 0.032365 hargrave 2020-01-23 14:49:12 
560.00 278.4  26.8 278.4  26.8 4.30E-05 000.8 269.4  28.0 0.039927 0.032896 0.041123 hargrave 2020-01-24 09:33:12 
562.00 276.8  26.0 276.8  26.0 3.73E-05 000.8 268.2  26.7 0.030552 0.033674 0.037368 hargrave 2020-01-24 13:20:40 
555.20 267.3 -14.8 267.3 -14.8 3.53E-05 000.7 271.8 -14.9 0.039011 0.023990 0.025710 hargrave 2020-01-24 17:24:21 
562.10 254.8 -38.0 254.8 -38.0 3.56E-05 000.5 268.5 -40.5 0.026031 0.016999 0.020596 hargrave 2020-01-25 13:11:58 
564.10 245.1 -45.4 245.1 -45.4 3.86E-05 000.7 263.3 -50.2 0.033708 0.022302 0.020289 hargrave 2020-01-25 17:07:22 
564.00 277.2  27.6 277.2  27.6 2.55E-05 000.7 268.0  28.4 0.026685 0.011963 0.016533 hargrave 2020-01-26 14:56:33 
566.00 280.2  24.4 280.2  24.4 2.24E-05 000.8 272.0  26.2 0.023591 0.035958 0.015351 hargrave 2020-01-26 18:12:23 
562.20 250.1 -51.9 250.1 -51.9 3.47E-05 000.8 272.8 -54.5 0.028362 0.042355 0.017052 hargrave 2020-01-27 11:28:15 
566.10 225.6 -61.4 225.6 -61.4 4.07E-05 000.8 259.3 -69.7 0.043691 0.032275 0.014754 hargrave 2020-01-27 15:15:18 
570.10 201.0 -70.4 201.0 -70.4 4.98E-05 000.5 258.4 -83.0 0.033778 0.028732 0.011050 hargrave 2020-01-28 11:33:00 
570.00 277.5  17.1 277.5  17.1 6.60E-06 000.9 272.0  18.5 0.009573 0.009808 0.004656 hargrave 2020-01-28 17:36:07 
575.00 268.3  24.8 268.3  24.8 4.18E-06 001.0 260.6  23.1 0.006994 0.004536 0.003111 hargrave 2020-01-29 11:07:25 
566.20 194.1 -68.9 194.1 -68.9 4.68E-05 000.5 234.7 -83.9 0.034453 0.023664 0.018492 hargrave 2020-01-29 14:51:39 
575.10 193.7 -72.2 193.7 -72.2 5.10E-05 000.5 265.7 -85.9 0.029196 0.027780 0.012750 hargrave 2020-01-30 11:29:15 
580.10 201.7 -65.5 201.7 -65.5 5.34E-05 000.6 236.3 -79.4 0.048347 0.029293 0.014238 hargrave 2020-01-30 15:20:59 
580.00 279.4  26.5 279.4  26.5 3.28E-06 000.8 270.5  28.0 0.003698 0.004435 0.002126 hargrave 2020-01-31 11:06:07 
585.00 278.6  27.2 278.6  27.2 3.88E-06 001.0 269.4  28.4 0.006247 0.004845 0.002000 hargrave 2020-01-31 14:41:49 
575.20 194.8 -68.8 194.8 -68.8 5.23E-05 000.5 236.3 -83.7 0.038229 0.027342 0.011237 hargrave 2020-01-31 18:33:23 
585.10 191.7 -71.9 191.7 -71.9 5.29E-05 000.5 257.9 -86.3 0.033333 0.028601 0.010510 hargrave 2020-02-01 13:26:42 
