AX8- 3a sun compass orientation
      0  92.1  24.0   0.0   0.0   1.0
NRM    271.0  33.7 271.0  33.7 9.84E-05 000.6 253.9  30.0 0.064264 0.057942 0.072858 hargrave 2019-12-20 15:14:21 
100.00 267.8  35.7 267.8  35.7 9.81E-05 000.5 250.1  30.5 0.070243 0.027336 0.070170 hargrave 2019-12-22 11:03:52 
100.10 267.1  35.8 267.1  35.8 9.65E-05 000.5 249.5  30.3 0.052356 0.032079 0.071704 hargrave 2019-12-22 16:35:19 
200.10 267.3  35.6 267.3  35.6 9.32E-05 000.6 249.8  30.3 0.049648 0.033558 0.071739 hargrave 2019-12-23 15:31:56 
200.00 270.3  35.0 270.3  35.0 9.31E-05 000.7 252.6  30.8 0.039248 0.066760 0.086648 hargrave 2019-12-24 14:10:39 
300.00 269.3  35.5 269.3  35.5 8.99E-05 000.8 251.5  30.9 0.055829 0.069665 0.082077 hargrave 2019-12-25 14:37:42 
100.20 276.0  31.8 276.0  31.8 8.77E-05 000.7 259.2  30.3 0.034178 0.058906 0.093219 hargrave 2019-12-26 13:21:35 
300.10 271.1  32.4 271.1  32.4 8.64E-05 000.8 254.7  28.9 0.027637 0.075096 0.084716 hargrave 2019-12-26 17:17:36 
400.10 268.7  32.0 268.7  32.0 7.84E-05 000.8 252.8  27.6 0.067572 0.060745 0.076533 hargrave 2019-12-27 14:54:48 
400.00 269.2  34.6 269.2  34.6 7.94E-05 000.8 251.9  30.1 0.059377 0.062332 0.075980 hargrave 2019-12-28 14:47:34 
425.00 267.2  35.2 267.2  35.2 7.86E-05 000.8 249.9  29.9 0.066906 0.045112 0.070940 hargrave 2019-12-29 13:21:49 
300.20 272.9  30.8 272.9  30.8 7.70E-05 000.6 257.1  28.2 0.053429 0.029581 0.067968 hargrave 2019-12-29 17:34:01 
425.10 268.6  29.9 268.6  29.9 7.50E-05 000.7 253.8  25.7 0.063599 0.014361 0.065169 hargrave 2019-12-30 13:26:59 
450.10 268.3  28.5 268.3  28.5 7.20E-05 000.8 254.2  24.4 0.068499 0.034902 0.062427 hargrave 2019-12-30 19:42:32 
450.00 269.8  32.0 269.8  32.0 7.35E-05 000.6 253.7  28.1 0.036115 0.039085 0.073805 hargrave 2019-12-31 19:39:46 
475.00 272.5  31.5 272.5  31.5 7.14E-05 000.5 256.3  28.7 0.020965 0.007985 0.065766 hargrave 2020-01-01 12:22:13 
425.20 264.1  29.3 264.1  29.3 6.99E-05 000.5 250.3  23.4 0.016860 0.027955 0.064609 hargrave 2020-01-01 16:08:29 
475.10 266.7  25.0 266.7  25.0 6.75E-05 000.5 254.5  20.6 0.032818 0.006177 0.063391 hargrave 2020-01-02 11:32:26 
500.10 264.7  23.4 264.7  23.4 6.17E-05 000.6 253.6  18.3 0.032808 0.010824 0.058793 hargrave 2020-01-02 15:46:39 
500.00 268.4  33.1 268.4  33.1 6.58E-05 000.6 252.0  28.5 0.043603 0.015497 0.057724 hargrave 2020-01-03 13:18:16 
520.00 271.2  32.0 271.2  32.0 6.28E-05 000.6 255.0  28.6 0.038078 0.023849 0.057729 hargrave 2020-01-03 17:46:12 
475.20 262.4  26.3 262.4  26.3 5.71E-05 000.7 250.2  20.1 0.032986 0.024477 0.056472 hargrave 2020-01-14 14:01:51 
520.10 263.1  18.4 263.1  18.4 5.53E-05 000.7 254.3  13.2 0.025369 0.009573 0.065522 hargrave 2020-01-18 13:05:22 
530.10 259.9  16.3 259.9  16.3 5.34E-05 000.7 252.2  10.0 0.019989 0.019301 0.061676 hargrave 2020-01-18 16:56:31 
530.00 270.7  30.0 270.7  30.0 5.70E-05 000.7 255.6  26.7 0.017507 0.024484 0.061185 hargrave 2020-01-19 13:05:39 
540.00 267.2  32.7 267.2  32.7 5.35E-05 001.0 251.2  27.6 0.066992 0.034582 0.056674 hargrave 2020-01-19 16:35:04 
520.20 261.9  14.8 261.9  14.8 4.85E-05 001.1 254.7  09.4 0.066820 0.034638 0.057881 hargrave 2020-01-20 13:17:00 
540.10 255.7  10.5 255.7  10.5 4.83E-05 001.1 250.8  03.1 0.072121 0.037154 0.057036 hargrave 2020-01-20 17:17:45 
550.10 255.3  00.5 255.3  00.5 4.44E-05 001.0 254.4 -06.3 0.061299 0.042548 0.036149 hargrave 2020-01-21 11:14:35 
550.00 272.5  29.2 272.5  29.2 4.69E-05 001.0 257.5  26.6 0.067546 0.027044 0.050507 hargrave 2020-01-21 14:37:21 
555.00 267.5  31.7 267.5  31.7 4.34E-05 000.7 251.9  26.9 0.033437 0.005543 0.047195 hargrave 2020-01-21 18:11:48 
540.20 254.0  00.8 254.0  00.8 3.91E-05 000.7 253.0 -06.6 0.036697 0.014209 0.033238 hargrave 2020-01-22 13:16:33 
555.10 252.6 -08.8 252.6 -08.8 4.09E-05 000.7 255.6 -15.9 0.041418 0.014560 0.032954 hargrave 2020-01-23 10:25:29 
560.10 240.6 -20.3 240.6 -20.3 4.06E-05 000.7 249.0 -31.1 0.038409 0.019897 0.034011 hargrave 2020-01-23 14:51:32 
560.00 268.9  30.7 268.9  30.7 3.33E-05 000.7 253.7  26.6 0.013970 0.010003 0.039091 hargrave 2020-01-24 09:35:00 
562.00 267.4  32.5 267.4  32.5 2.88E-05 000.7 251.5  27.6 0.004317 0.034744 0.035450 hargrave 2020-01-24 13:22:28 
555.20 244.5 -26.5 244.5 -26.5 3.89E-05 000.6 256.0 -35.2 0.028476 0.011857 0.029367 hargrave 2020-01-24 17:26:40 
562.10 234.3 -38.1 234.3 -38.1 4.13E-05 000.6 253.0 -49.4 0.027044 0.019720 0.026547 hargrave 2020-01-25 13:15:06 
564.10 228.0 -44.4 228.0 -44.4 4.24E-05 001.1 251.7 -57.3 0.062522 0.051393 0.025565 hargrave 2020-01-25 17:09:42 
564.00 268.3  27.4 268.3  27.4 2.08E-05 000.9 254.8  23.4 0.034532 0.021653 0.016120 hargrave 2020-01-26 14:58:21 
566.00 266.2  29.8 266.2  29.8 1.88E-05 000.9 251.8  24.7 0.035137 0.019734 0.014463 hargrave 2020-01-26 18:14:10 
562.20 229.1 -50.5 229.1 -50.5 4.10E-05 000.8 260.0 -61.8 0.047409 0.033325 0.025795 hargrave 2020-01-27 11:30:34 
566.10 220.4 -55.2 220.4 -55.2 4.76E-05 000.7 257.9 -68.8 0.053155 0.033257 0.027028 hargrave 2020-01-27 15:17:41 
570.10 208.5 -64.7 208.5 -64.7 5.36E-05 000.5 275.4 -79.0 0.035311 0.032562 0.031222 hargrave 2020-01-28 11:35:23 
570.00 275.7  17.8 275.7  17.8 6.17E-06 000.8 265.8  17.6 0.008841 0.010466 0.004673 hargrave 2020-01-28 17:37:55 
575.00 270.7  22.6 270.7  22.6 4.24E-06 000.9 259.2  20.0 0.007460 0.006349 0.003029 hargrave 2020-01-29 11:09:13 
566.20 202.8 -62.2 202.8 -62.2 5.10E-05 000.6 256.9 -80.3 0.041302 0.032808 0.039346 hargrave 2020-01-29 14:53:58 
575.10 204.6 -67.8 204.6 -67.8 5.58E-05 000.5 292.1 -81.0 0.033276 0.037231 0.033296 hargrave 2020-01-30 11:31:38 
580.10 200.7 -60.3 200.7 -60.3 5.87E-05 000.6 244.4 -79.9 0.049772 0.033598 0.031097 hargrave 2020-01-30 15:23:20 
580.00 268.7  21.2 268.7  21.2 2.60E-06 000.9 258.0  18.0 0.004522 0.004580 0.001886 hargrave 2020-01-31 11:07:55 
585.00 268.4  12.1 268.4  12.1 3.19E-06 001.1 261.6  09.6 0.006269 0.004526 0.002226 hargrave 2020-01-31 14:43:37 
575.20 204.7 -65.8 204.7 -65.8 5.80E-05 000.5 279.0 -80.8 0.037719 0.036571 0.030484 hargrave 2020-01-31 18:35:41 
585.10 210.6 -67.9 210.6 -67.9 5.99E-05 000.6 292.5 -78.8 0.040695 0.048432 0.039485 hargrave 2020-02-01 13:29:02 
