AX8- 1a sun compass orientation
      0 101.9  19.0   0.0   0.0   1.0
NRM    284.2  29.7 284.2  29.7 9.85E-05 000.5 261.6  28.7 0.066975 0.036487 0.071555 hargrave 2019-12-20 15:07:15 
100.00 286.7  30.1 286.7  30.1 9.85E-05 000.5 263.7  29.8 0.072033 0.033621 0.056916 hargrave 2019-12-22 10:59:25 
100.10 287.5  29.3 287.5  29.3 9.75E-05 000.5 264.8  29.4 0.064642 0.030878 0.060592 hargrave 2019-12-22 16:29:50 
200.10 285.8  29.3 285.8  29.3 9.50E-05 000.5 263.3  28.8 0.058717 0.029850 0.060699 hargrave 2019-12-23 15:26:30 
200.00 285.3  29.9 285.3  29.9 9.50E-05 000.5 262.5  29.2 0.059683 0.027445 0.061990 hargrave 2019-12-24 14:07:19 
300.00 284.3  30.5 284.3  30.5 9.16E-05 000.5 261.3  29.5 0.052989 0.029410 0.057759 hargrave 2019-12-25 14:34:21 
100.20 280.3  31.7 280.3  31.7 9.03E-05 000.5 257.2  29.3 0.042329 0.035351 0.058615 hargrave 2019-12-26 13:17:13 
300.10 278.6  31.5 278.6  31.5 8.87E-05 000.6 255.8  28.6 0.037743 0.052106 0.058533 hargrave 2019-12-26 17:13:15 
400.10 283.3  28.5 283.3  28.5 8.15E-05 000.5 261.3  27.3 0.024270 0.032123 0.055917 hargrave 2019-12-27 14:50:25 
400.00 286.6  28.9 286.6  28.9 8.20E-05 000.4 264.2  28.7 0.028386 0.028549 0.053385 hargrave 2019-12-28 14:44:13 
425.00 284.2  29.6 284.2  29.6 8.04E-05 000.4 261.6  28.6 0.022594 0.039571 0.052613 hargrave 2019-12-29 13:17:13 
300.20 281.6  29.3 281.6  29.3 7.96E-05 000.4 259.4  27.4 0.014557 0.042229 0.051390 hargrave 2019-12-29 17:29:35 
425.10 283.7  26.6 283.7  26.6 7.70E-05 000.6 262.4  25.6 0.069413 0.039599 0.047707 hargrave 2019-12-30 13:22:34 
450.10 282.9  26.3 282.9  26.3 7.48E-05 000.5 261.8  25.0 0.062494 0.034928 0.045981 hargrave 2019-12-30 19:38:11 
450.00 284.5  28.4 284.5  28.4 7.53E-05 000.6 262.4  27.6 0.070942 0.044135 0.056736 hargrave 2019-12-31 19:36:19 
475.00 284.4  28.7 284.4  28.7 7.43E-05 000.4 262.2  27.8 0.048557 0.035639 0.049478 hargrave 2020-01-01 12:18:52 
425.20 281.1  26.9 281.1  26.9 7.28E-05 000.6 259.9  25.0 0.064763 0.043164 0.049302 hargrave 2020-01-01 16:04:05 
475.10 282.4  24.7 282.4  24.7 7.14E-05 000.5 261.9  23.5 0.053117 0.040978 0.050156 hargrave 2020-01-02 11:28:04 
500.10 280.5  24.9 280.5  24.9 6.97E-05 000.5 260.1  23.0 0.051756 0.018735 0.049992 hargrave 2020-01-02 15:42:17 
500.00 285.6  27.8 285.6  27.8 7.15E-05 000.6 263.7  27.3 0.060098 0.017244 0.047633 hargrave 2020-01-03 13:14:54 
520.00 283.3  29.2 283.3  29.2 7.00E-05 000.6 261.0  27.9 0.057684 0.012747 0.045147 hargrave 2020-01-03 17:42:50 
475.20 282.4  25.3 282.4  25.3 6.77E-05 000.5 261.7  23.9 0.043782 0.016691 0.046871 hargrave 2020-01-14 13:57:28 
520.10 280.3  23.4 280.3  23.4 6.71E-05 000.5 260.5  21.5 0.036660 0.022807 0.054094 hargrave 2020-01-18 13:01:01 
530.10 277.3  23.7 277.3  23.7 6.58E-05 000.5 257.6  20.9 0.031264 0.017039 0.048748 hargrave 2020-01-18 16:52:08 
530.00 285.4  27.7 285.4  27.7 6.78E-05 000.5 263.5  27.2 0.035143 0.011442 0.048895 hargrave 2020-01-19 13:02:20 
540.00 280.2  29.0 280.2  29.0 6.60E-05 000.4 258.2  26.7 0.026950 0.010804 0.047198 hargrave 2020-01-19 16:31:45 
520.20 280.1  22.9 280.1  22.9 6.40E-05 000.5 260.5  21.0 0.028442 0.013828 0.047325 hargrave 2020-01-20 13:12:38 
540.10 279.1  22.2 279.1  22.2 6.31E-05 000.5 259.8  20.1 0.030656 0.020148 0.047091 hargrave 2020-01-20 17:13:22 
550.10 276.1  20.3 276.1  20.3 5.93E-05 000.5 257.8  17.3 0.022657 0.012701 0.044016 hargrave 2020-01-21 11:10:13 
550.00 285.4  27.0 285.4  27.0 6.15E-05 000.4 263.8  26.5 0.013231 0.007933 0.043592 hargrave 2020-01-21 14:34:00 
555.00 282.9  28.4 282.9  28.4 5.66E-05 000.3 261.0  27.1 0.008599 0.017473 0.037444 hargrave 2020-01-21 18:08:28 
540.20 279.8  20.4 279.8  20.4 5.40E-05 000.5 261.1  18.6 0.024730 0.011200 0.039247 hargrave 2020-01-22 13:12:09 
555.10 278.6  15.7 278.6  15.7 5.13E-05 000.5 261.7  13.8 0.011771 0.018777 0.041529 hargrave 2020-01-23 10:21:07 
560.10 274.0  07.5 274.0  07.5 4.25E-05 001.0 260.1  04.5 0.067128 0.040959 0.035140 hargrave 2020-01-23 14:47:09 
560.00 279.8  28.9 279.8  28.9 4.26E-05 000.5 257.9  26.5 0.036775 0.010039 0.027377 hargrave 2020-01-24 09:31:40 
562.00 277.9  30.2 277.9  30.2 3.66E-05 000.5 255.7  27.1 0.024745 0.007583 0.023589 hargrave 2020-01-24 13:19:09 
555.20 271.3  07.0 271.3  07.0 3.40E-05 000.7 257.7  03.2 0.029802 0.013015 0.028607 hargrave 2020-01-24 17:22:18 
562.10 262.8 -13.5 262.8 -13.5 2.98E-05 000.7 256.2 -18.9 0.026040 0.017066 0.023892 hargrave 2020-01-25 13:09:54 
564.10 255.1 -23.2 255.1 -23.2 2.84E-05 001.5 252.1 -30.5 0.057941 0.047675 0.021684 hargrave 2020-01-25 17:05:18 
564.00 281.8  27.7 281.8  27.7 2.39E-05 001.1 260.2  26.0 0.041169 0.038853 0.018068 hargrave 2020-01-26 14:55:01 
566.00 281.4  27.1 281.4  27.1 2.10E-05 000.9 260.0  25.4 0.035015 0.025304 0.016121 hargrave 2020-01-26 18:10:51 
562.20 256.8 -31.7 256.8 -31.7 2.45E-05 001.2 257.6 -37.9 0.044279 0.032708 0.018364 hargrave 2020-01-27 11:26:12 
566.10 241.2 -46.1 241.2 -46.1 2.77E-05 001.1 249.8 -55.9 0.045313 0.027126 0.017057 hargrave 2020-01-27 15:13:10 
570.10 216.1 -62.1 216.1 -62.1 3.28E-05 000.6 238.9 -77.1 0.031571 0.019098 0.012669 hargrave 2020-01-28 11:30:57 
570.00 276.3  25.3 276.3  25.3 6.45E-06 001.1 256.1  22.0 0.013774 0.007169 0.005024 hargrave 2020-01-28 17:34:34 
575.00 284.4  25.7 284.4  25.7 4.40E-06 001.0 263.4  25.0 0.007493 0.004264 0.003079 hargrave 2020-01-29 11:05:53 
566.20 210.6 -63.0 210.6 -63.0 3.02E-05 000.6 231.5 -79.3 0.027085 0.016315 0.014343 hargrave 2020-01-29 14:49:34 
575.10 208.3 -65.3 208.3 -65.3 3.42E-05 000.5 234.7 -81.7 0.026344 0.017891 0.010564 hargrave 2020-01-30 11:27:08 
580.10 207.4 -60.2 207.4 -60.2 3.56E-05 000.6 218.1 -77.5 0.034964 0.017403 0.010015 hargrave 2020-01-30 15:18:55 
580.00 284.4  25.2 284.4  25.2 3.90E-06 001.0 263.6  24.5 0.006535 0.004266 0.002870 hargrave 2020-01-31 11:04:35 
585.00 284.8  26.1 284.8  26.1 3.54E-06 001.1 263.6  25.5 0.006865 0.004522 0.002303 hargrave 2020-01-31 14:40:17 
575.20 205.3 -63.4 205.3 -63.4 3.53E-05 001.1 220.9 -80.9 0.041631 0.050111 0.011527 hargrave 2020-01-31 18:31:19 
585.10 205.4 -66.1 205.4 -66.1 3.60E-05 000.5 231.5 -83.0 0.026430 0.017877 0.010306 hargrave 2020-02-01 13:24:39 
