AX9- 1a mag compass orientation (IGRF corrected)
      0  65.7  29.0   0.0   0.0   1.0
NRM    288.9  33.4 288.9  33.4 1.06E-04 000.8 290.9  49.3 0.054990 0.126190 0.068403 hargrave 2019-12-20 12:06:52 
100.00 288.8  32.5 288.8  32.5 1.05E-04 000.8 291.6  48.5 0.051468 0.125170 0.071881 hargrave 2019-12-21 13:28:09 
100.10 287.5  33.5 287.5  33.5 1.04E-04 000.8 289.3  48.7 0.065671 0.120623 0.072163 hargrave 2019-12-22 13:44:29 
200.10 285.1  30.6 285.1  30.6 9.69E-05 000.8 289.1  45.3 0.030413 0.115155 0.073517 hargrave 2019-12-23 12:26:33 
200.00 283.9  32.3 283.9  32.3 9.83E-05 000.8 286.6  46.1 0.061052 0.103402 0.073989 hargrave 2019-12-24 13:23:31 
300.00 288.9  30.1 288.9  30.1 9.06E-05 000.9 293.5  46.5 0.019350 0.140334 0.073540 hargrave 2019-12-25 13:50:00 
100.20 288.4  29.4 288.4  29.4 9.00E-05 001.0 293.5  45.7 0.016667 0.141825 0.074266 hargrave 2019-12-26 12:28:31 
300.10 285.5  28.1 285.5  28.1 8.48E-05 001.3 291.3  43.3 0.119267 0.126772 0.071467 hargrave 2019-12-26 16:25:01 
400.10 282.2  23.8 282.2  23.8 6.74E-05 000.8 290.9  38.1 0.020293 0.082423 0.051743 hargrave 2019-12-27 14:01:39 
400.00 286.1  27.7 286.1  27.7 7.20E-05 000.8 292.4  43.2 0.007802 0.091759 0.054294 hargrave 2019-12-28 14:01:03 
425.00 286.5  28.4 286.5  28.4 6.96E-05 000.7 292.2  44.0 0.006224 0.081053 0.046030 hargrave 2019-12-29 12:35:22 
300.20 285.8  24.8 285.8  24.8 6.66E-05 000.8 293.8  40.6 0.033374 0.078628 0.042272 hargrave 2019-12-29 16:41:45 
425.10 284.7  21.5 284.7  21.5 6.03E-05 000.9 294.8  37.2 0.051892 0.076730 0.040155 hargrave 2019-12-30 12:33:38 
450.10 285.2  17.6 285.2  17.6 5.42E-05 001.9 297.5  33.9 0.179084 0.075916 0.032810 hargrave 2019-12-30 17:44:02 
450.00 286.1  24.8 286.1  24.8 5.93E-05 000.8 294.2  40.7 0.041836 0.060545 0.042588 hargrave 2019-12-31 18:51:19 
475.00 289.5  24.1 289.5  24.1 5.78E-05 000.9 298.3  41.6 0.017939 0.087918 0.039663 hargrave 2020-01-01 11:34:06 
425.20 278.6  20.3 278.6  20.3 5.11E-05 000.7 289.3  33.4 0.023621 0.054234 0.037724 hargrave 2020-01-01 15:15:45 
475.10 275.4  16.9 275.4  16.9 4.65E-05 000.8 288.2  29.0 0.028676 0.051074 0.037959 hargrave 2020-01-02 10:39:49 
500.10 271.8  09.6 271.8  09.6 4.10E-05 000.8 288.6  20.9 0.028683 0.044219 0.037946 hargrave 2020-01-02 14:53:07 
500.00 285.0  23.1 285.0  23.1 4.66E-05 000.8 294.2  38.8 0.020502 0.057391 0.034909 hargrave 2020-01-03 12:31:07 
520.00 286.3  24.5 286.3  24.5 4.45E-05 000.6 294.6  40.5 0.022190 0.051894 0.016657 hargrave 2020-01-03 16:59:11 
475.20 273.9  09.6 273.9  09.6 3.74E-05 000.9 290.6  21.8 0.031131 0.045971 0.037530 hargrave 2020-01-14 13:08:47 
520.10 268.0 -02.9 268.0 -02.9 3.29E-05 000.7 291.1  08.0 0.015117 0.041883 0.026050 hargrave 2020-01-18 12:11:33 
530.10 259.7 -08.8 259.7 -08.8 3.24E-05 000.7 286.4 -01.0 0.025811 0.039084 0.025692 hargrave 2020-01-18 16:02:35 
530.00 280.8  20.9 280.8  20.9 3.83E-05 000.9 291.2  35.0 0.014353 0.053927 0.034249 hargrave 2020-01-19 12:18:48 
540.00 279.2  24.7 279.2  24.7 3.70E-05 000.8 287.3  37.5 0.012624 0.043081 0.032458 hargrave 2020-01-19 15:48:56 
520.20 260.3 -07.4 260.3 -07.4 3.06E-05 000.7 286.3  00.5 0.022516 0.035494 0.024742 hargrave 2020-01-20 12:23:55 
540.10 249.8 -19.1 249.8 -19.1 3.00E-05 000.7 283.1 -14.7 0.026759 0.029729 0.024691 hargrave 2020-01-20 16:24:25 
550.10 248.3 -41.2 248.3 -41.2 3.25E-05 000.6 294.9 -34.0 0.015466 0.034628 0.023917 hargrave 2020-01-21 10:21:31 
550.00 279.4  15.5 279.4  15.5 3.00E-05 000.8 292.9  29.5 0.008912 0.037524 0.030477 hargrave 2020-01-21 13:51:14 
555.00 278.7  24.2 278.7  24.2 3.09E-05 000.7 287.1  36.8 0.010283 0.029691 0.028395 hargrave 2020-01-21 17:25:34 
540.20 245.3 -30.2 245.3 -30.2 2.74E-05 000.6 285.5 -26.3 0.017859 0.028786 0.021166 hargrave 2020-01-22 12:23:24 
555.10 230.0 -46.2 230.0 -46.2 3.53E-05 001.1 285.6 -46.2 0.059735 0.028369 0.023560 hargrave 2020-01-23 09:31:36 
560.10 213.2 -56.2 213.2 -56.2 4.44E-05 000.7 286.8 -60.7 0.029673 0.051006 0.025545 hargrave 2020-01-23 13:52:08 
560.00 275.3  20.0 275.3  20.0 2.60E-05 001.0 286.4  31.7 0.040030 0.040808 0.015822 hargrave 2020-01-24 08:47:48 
562.00 278.1  21.1 278.1  21.1 2.66E-05 000.8 288.4  33.9 0.013146 0.049738 0.026595 hargrave 2020-01-24 12:36:39 
555.20 224.1 -54.4 224.1 -54.4 4.02E-05 001.0 290.9 -54.6 0.068119 0.021758 0.023255 hargrave 2020-01-24 16:31:58 
562.10 202.5 -59.4 202.5 -59.4 5.35E-05 000.6 286.8 -67.2 0.033490 0.049426 0.023477 hargrave 2020-01-25 12:20:09 
564.10 198.7 -62.9 198.7 -62.9 5.97E-05 000.8 294.2 -70.1 0.069059 0.050078 0.026039 hargrave 2020-01-25 16:16:12 
564.00 278.6  12.2 278.6  12.2 2.15E-05 000.9 293.7  26.3 0.008651 0.040750 0.013399 hargrave 2020-01-26 14:11:27 
566.00 274.3  17.5 274.3  17.5 2.19E-05 000.8 286.8  29.0 0.012589 0.040891 0.012304 hargrave 2020-01-26 17:27:07 
562.20 196.5 -62.8 196.5 -62.8 5.29E-05 000.7 293.4 -71.0 0.038145 0.055977 0.023601 hargrave 2020-01-27 10:36:42 
566.10 183.5 -62.7 183.5 -62.7 6.38E-05 000.6 289.5 -76.9 0.043462 0.055543 0.025494 hargrave 2020-01-27 14:22:53 
570.10 165.0 -63.0 165.0 -63.0 8.21E-05 000.5 298.4 -85.2 0.047122 0.051364 0.022996 hargrave 2020-01-28 10:40:29 
570.00 269.3  15.7 269.3  15.7 1.05E-05 000.8 283.1  25.1 0.008497 0.020003 0.005549 hargrave 2020-01-28 16:50:03 
575.00 275.4  15.9 275.4  15.9 1.07E-05 000.8 288.8  28.1 0.005475 0.021239 0.006273 hargrave 2020-01-29 10:22:22 
566.20 168.1 -61.7 168.1 -61.7 7.46E-05 000.5 282.1 -84.0 0.048494 0.048439 0.035554 hargrave 2020-01-29 13:58:52 
575.10 167.4 -64.2 167.4 -64.2 8.75E-05 000.5 305.8 -83.8 0.048034 0.057432 0.024434 hargrave 2020-01-30 10:34:40 
580.10 163.9 -62.5 163.9 -62.5 8.99E-05 000.5 294.9 -85.8 0.053477 0.056198 0.027874 hargrave 2020-01-30 14:28:06 
580.00 282.1  06.1 282.1  06.1 9.10E-06 000.9 300.1  22.3 0.001595 0.019703 0.005216 hargrave 2020-01-31 10:21:40 
585.00 280.2  10.1 280.2  10.1 9.41E-06 000.9 296.4  25.1 0.003090 0.019810 0.005321 hargrave 2020-01-31 13:55:55 
575.20 162.9 -60.6 162.9 -60.6 9.02E-05 000.5 266.9 -86.4 0.054329 0.049396 0.021770 hargrave 2020-01-31 17:42:25 
585.10 161.8 -62.3 161.8 -62.3 9.30E-05 000.5 297.0 -86.8 0.051884 0.052992 0.020737 hargrave 2020-02-01 12:33:38 
