AX1- 2b mag compass orientation (IGRF corrected)
      0 102.1  82.0   0.0   0.0   1.0
NRM    316.6 -74.2 316.6 -74.2 2.28E-06 003.5 347.0  01.1 0.007392 0.013752 0.004482 hargrave 2020-02-04 17:25:56 
AF  10 303.5 -72.3 303.5 -72.3 2.19E-06 003.1 343.5 -01.3 0.008198 0.012233 0.004343 hargrave 2020-02-04 17:27:16 
AF  20 286.3 -74.4 286.3 -74.4 2.07E-06 003.1 344.4 -06.6 0.007971 0.011659 0.004258 hargrave 2020-02-04 17:28:36 
AF  30 287.1 -76.4 287.1 -76.4 2.13E-06 003.0 346.3 -06.6 0.007199 0.011422 0.004489 hargrave 2020-02-04 17:29:56 
AF  40 305.7 -71.1 305.7 -71.1 1.99E-06 003.1 342.7 -00.2 0.006208 0.010810 0.003926 hargrave 2020-02-04 17:31:16 
AF  50 306.5 -57.7 306.5 -57.7 2.02E-06 002.7 330.7  05.8 0.007102 0.010665 0.003788 hargrave 2020-02-04 17:32:35 
AF  60 308.6 -59.0 308.6 -59.0 2.02E-06 002.7 332.4  06.2 0.007136 0.010524 0.003756 hargrave 2020-02-04 17:33:55 
AF  70 303.7 -51.4 303.7 -51.4 2.04E-06 002.6 324.2  06.8 0.006066 0.010536 0.003781 hargrave 2020-02-04 17:35:14 
AF  80 311.2 -54.5 311.2 -54.5 1.92E-06 002.7 329.0  09.6 0.006583 0.009859 0.003746 hargrave 2020-02-04 17:36:34 
AF  90 310.1 -44.8 310.1 -44.8 2.16E-06 002.5 319.9  13.4 0.005095 0.010392 0.003867 hargrave 2020-02-04 17:37:55 
AF 100 316.4 -46.8 316.4 -46.8 1.79E-06 002.8 323.9  16.3 0.006422 0.009447 0.003206 hargrave 2020-02-04 17:39:15 
AF 120 324.8 -50.9 324.8 -50.9 1.85E-06 003.0 330.7  18.4 0.006154 0.009337 0.003838 hargrave 2020-02-04 17:40:35 
AF 140 329.4 -31.8 329.4 -31.8 2.13E-06 002.8 316.6  33.0 0.006483 0.009621 0.003372 hargrave 2020-02-04 17:41:54 
AF 160 332.3 -27.2 332.3 -27.2 2.16E-06 002.7 313.8  37.8 0.005718 0.009670 0.002811 hargrave 2020-02-04 17:43:14 
AF 180 328.9 -39.7 328.9 -39.7 1.68E-06 003.5 323.5  27.8 0.005579 0.009625 0.003266 hargrave 2020-02-04 17:44:33 
AF 200 290.4 -72.8 290.4 -72.8 1.38E-06 004.1 342.9 -05.2 0.007032 0.010066 0.003373 hargrave 2020-02-04 17:45:53 
AF 250 229.5 -55.0 229.5 -55.0 2.83E-06 002.2 335.0 -34.4 0.007852 0.011547 0.004561 hargrave 2020-02-04 17:47:12 
AF 300 216.3 -41.3 216.3 -41.3 4.74E-06 001.5 331.1 -50.4 0.010280 0.012061 0.006538 hargrave 2020-02-04 17:48:32 
AF 350 185.1 -43.0 185.1 -43.0 6.42E-06 001.1 008.9 -54.5 0.011557 0.008860 0.007342 hargrave 2020-02-04 17:49:52 
AF 400 185.8 -19.7 185.8 -19.7 2.10E-05 000.6 026.9 -76.8 0.019867 0.011834 0.013217 hargrave 2020-02-04 17:51:13 
AF 450 188.5 -22.1 188.5 -22.1 1.17E-05 000.9 013.5 -75.5 0.015514 0.009710 0.009719 hargrave 2020-02-04 17:52:32 
AF 500 191.1 -09.2 191.1 -09.2 1.53E-05 000.5 038.7 -88.4 0.009224 0.008321 0.007504 hargrave 2020-02-04 17:53:52 
AF 550 184.8 -06.8 184.8 -06.8 1.26E-05 000.5 098.7 -82.7 0.008993 0.003996 0.005769 hargrave 2020-02-04 17:55:11 
AF 600 186.7  07.4 186.7  07.4 1.29E-05 000.4 160.6 -73.7 0.006694 0.005056 0.004490 hargrave 2020-02-04 17:56:31 
AF 650 189.1  02.2 189.1  02.2 1.59E-05 000.3 163.4 -79.3 0.006724 0.005617 0.004329 hargrave 2020-02-04 17:57:50 
AF 700 191.0  08.5 191.0  08.5 1.86E-05 000.4 176.1 -73.5 0.011275 0.008042 0.004295 hargrave 2020-02-04 17:59:10 
AF 750 192.3  18.9 192.3  18.9 1.55E-05 000.7 180.5 -63.1 0.015229 0.012384 0.004436 hargrave 2020-02-04 18:00:31 
AF 800 189.3  23.4 189.3  23.4 1.74E-05 000.8 175.0 -58.5 0.018060 0.018126 0.006406 hargrave 2020-02-04 18:01:50 
AF 850 189.6  26.6 189.6  26.6 1.82E-05 000.9 176.1 -55.3 0.020637 0.019926 0.009610 hargrave 2020-02-04 18:03:11 
AF 900 189.0  34.3 189.0  34.3 1.72E-05 001.1 176.2 -47.6 0.024222 0.027141 0.010614 hargrave 2020-02-04 18:04:32 
AF 950 197.7  41.3 197.7  41.3 1.78E-05 001.2 185.5 -40.4 0.030608 0.026732 0.012683 hargrave 2020-02-04 18:05:52 
AF1000 186.2  44.1 186.2  44.1 1.93E-05 001.2 174.7 -37.7 0.031935 0.032294 0.016295 hargrave 2020-02-04 18:07:12 
AF1050 195.7  58.8 195.7  58.8 1.81E-05 001.4 182.0 -23.2 0.037905 0.034571 0.019257 hargrave 2020-02-04 18:08:32 
AF1100 193.3  54.4 193.3  54.4 1.96E-05 001.3 180.8 -27.6 0.037569 0.035410 0.017784 hargrave 2020-02-04 18:09:53 
AF1150 200.5  67.2 200.5  67.2 2.03E-05 001.1 183.3 -14.5 0.050367 0.034565 0.022132 hargrave 2020-02-04 18:11:14 
AF1200 191.3  70.3 191.3  70.3 2.13E-05 001.3 179.7 -11.7 0.051546 0.042774 0.024401 hargrave 2020-02-04 18:12:35 
AF1250 169.5  76.0 169.5  76.0 2.14E-05 001.5 174.6 -05.0 0.045161 0.051736 0.027922 hargrave 2020-02-04 18:13:57 
AF1300 196.8  75.6 196.8  75.6 2.28E-05 001.4 181.2 -06.3 0.029983 0.049873 0.028136 hargrave 2020-02-04 18:15:19 
ARM    197.1  75.7 197.1  75.7 2.28E-05 001.3 181.2 -06.3 0.032200 0.045433 0.028375 hargrave 2020-02-04 18:16:19 
ARM    196.0  75.7 196.0  75.7 2.29E-05 001.4 181.0 -06.3 0.030972 0.047828 0.028702 hargrave 2020-02-04 18:17:18 
ARM    194.9  75.6 194.9  75.6 2.27E-05 001.4 180.7 -06.3 0.023666 0.049436 0.028539 hargrave 2020-02-04 18:18:17 
ARM    194.2  75.6 194.2  75.6 2.27E-05 001.4 180.5 -06.4 0.029495 0.049482 0.028746 hargrave 2020-02-04 18:19:15 
ARM    194.2  75.7 194.2  75.7 2.28E-05 001.4 180.5 -06.3 0.030113 0.049158 0.028491 hargrave 2020-02-04 18:20:13 
ARM    193.3  75.5 193.3  75.5 2.28E-05 001.4 180.3 -06.5 0.021697 0.049689 0.028672 hargrave 2020-02-04 18:21:12 
ARM    193.6  75.7 193.6  75.7 2.28E-05 001.4 180.4 -06.3 0.028695 0.050265 0.028921 hargrave 2020-02-04 18:22:10 
ARM    192.8  76.3 192.8  76.3 2.27E-05 001.5 180.2 -05.7 0.032759 0.054628 0.029059 hargrave 2020-02-04 18:23:09 
ARM    191.9  76.0 191.9  76.0 2.29E-05 001.4 180.0 -06.0 0.028871 0.049599 0.029072 hargrave 2020-02-04 18:24:07 
ARM    191.5  76.0 191.5  76.0 2.28E-05 001.5 179.9 -06.0 0.027238 0.052041 0.029175 hargrave 2020-02-04 18:25:06 
ARM    192.2  75.3 192.2  75.3 2.29E-05 001.5 180.0 -06.7 0.030970 0.052690 0.029264 hargrave 2020-02-04 18:26:04 
ARM    191.8  77.0 191.8  77.0 2.29E-05 001.5 179.9 -05.0 0.034211 0.054274 0.029583 hargrave 2020-02-04 18:27:03 
ARM    192.7  79.2 192.7  79.2 2.32E-05 001.5 180.1 -02.8 0.030719 0.054069 0.030108 hargrave 2020-02-04 18:28:01 
ARM    196.2  81.0 196.2  81.0 2.37E-05 001.5 180.6 -01.0 0.010719 0.054857 0.030173 hargrave 2020-02-04 18:28:59 
ARM    191.8  81.5 191.8  81.5 2.41E-05 001.6 180.0 -00.5 0.020836 0.057965 0.030773 hargrave 2020-02-04 18:29:58 
ARM    234.5  87.7 234.5  87.7 2.47E-05 001.5 181.5  06.3 0.006341 0.056274 0.031736 hargrave 2020-02-04 18:30:56 
ARM    355.8  83.4 355.8  83.4 2.64E-05 001.5 181.9  14.3 0.012033 0.060316 0.035752 hargrave 2020-02-04 18:31:54 
ARM    302.1  85.3 302.1  85.3 2.63E-05 001.5 184.5  09.6 0.014177 0.057134 0.033302 hargrave 2020-02-04 18:32:53 
ARM    236.3  79.9 236.3  79.9 2.60E-05 001.4 187.0  00.7 0.012592 0.056157 0.030092 hargrave 2020-02-04 18:33:51 
ARM    213.3  68.5 213.3  68.5 2.51E-05 001.2 187.8 -12.1 0.014765 0.046117 0.027029 hargrave 2020-02-04 18:34:50 
ARM    222.5  64.2 222.5  64.2 2.40E-05 001.2 193.1 -14.3 0.031624 0.040865 0.023187 hargrave 2020-02-04 18:35:48 
ARM    217.6  53.3 217.6  53.3 2.51E-05 001.5 196.5 -25.0 0.040467 0.063426 0.018394 hargrave 2020-02-04 18:36:47 
ARM    225.1  52.4 225.1  52.4 2.18E-05 002.1 201.3 -23.4 0.071622 0.062117 0.016050 hargrave 2020-02-04 18:37:45 
ARM    231.0  42.7 231.0  42.7 2.05E-05 001.6 211.5 -28.1 0.061605 0.026085 0.012222 hargrave 2020-02-04 18:38:43 
ARM    227.3  32.1 227.3  32.1 2.24E-05 001.6 218.1 -37.7 0.065962 0.025135 0.010083 hargrave 2020-02-04 18:39:42 
ARM    219.9  15.3 219.9  15.3 3.15E-05 001.3 229.8 -53.9 0.069752 0.030401 0.015578 hargrave 2020-02-04 18:40:41 
ARM    222.1  09.5 222.1  09.5 2.98E-05 001.3 240.2 -55.4 0.061549 0.029222 0.016292 hargrave 2020-02-04 18:41:39 
ARM    222.4  01.7 222.4  01.7 2.93E-05 001.3 253.4 -58.3 0.055491 0.035838 0.019882 hargrave 2020-02-04 18:42:37 
ARM    221.3 -03.0 221.3 -03.0 3.19E-05 001.2 261.8 -60.5 0.049805 0.038928 0.025439 hargrave 2020-02-04 18:43:36 
ARM    224.2 -09.6 224.2 -09.6 3.85E-05 000.9 275.4 -58.3 0.040482 0.037417 0.032799 hargrave 2020-02-04 18:44:34 
ARM    234.1 -14.3 234.1 -14.3 3.24E-05 001.0 282.6 -48.4 0.033309 0.042241 0.034236 hargrave 2020-02-04 18:45:32 
ARM    233.4 -20.3 233.4 -20.3 3.43E-05 001.1 291.7 -48.3 0.048878 0.046894 0.040358 hargrave 2020-02-04 18:46:31 
ARM    236.1 -19.9 236.1 -19.9 3.52E-05 001.3 290.3 -45.9 0.039757 0.067968 0.043919 hargrave 2020-02-04 18:47:30 
ARM    257.1 -28.8 257.1 -28.8 3.14E-05 001.1 298.2 -25.7 0.016062 0.065496 0.044257 hargrave 2020-02-04 18:48:28 
ARM    240.6 -27.2 240.6 -27.2 4.01E-05 001.2 299.1 -40.4 0.021785 0.078786 0.053468 hargrave 2020-02-04 18:49:26 
ARM    239.7 -28.3 239.7 -28.3 4.46E-05 001.0 300.8 -40.8 0.011378 0.063125 0.060039 hargrave 2020-02-04 18:50:25 
ARM    242.7 -30.6 242.7 -30.6 4.39E-05 001.0 302.8 -37.7 0.013987 0.065937 0.062154 hargrave 2020-02-04 18:51:23 
AFz 10 242.7 -30.7 242.7 -30.7 4.39E-05 001.0 302.9 -37.7 0.019169 0.066403 0.062192 hargrave 2020-02-04 18:52:20 
AFz 20 242.7 -30.7 242.7 -30.7 4.39E-05 001.0 302.9 -37.7 0.010953 0.064634 0.062052 hargrave 2020-02-04 18:53:16 
AFz 30 242.7 -30.7 242.7 -30.7 4.39E-05 001.0 302.9 -37.7 0.010324 0.064384 0.062240 hargrave 2020-02-04 18:54:11 
AFz 40 242.7 -30.7 242.7 -30.7 4.39E-05 001.0 302.9 -37.7 0.010465 0.064104 0.062070 hargrave 2020-02-04 18:55:06 
AFz 50 242.7 -30.7 242.7 -30.7 4.39E-05 001.0 302.8 -37.7 0.015441 0.067360 0.062152 hargrave 2020-02-04 18:56:02 
AFz 60 242.7 -30.7 242.7 -30.7 4.39E-05 001.0 302.9 -37.7 0.010189 0.064497 0.062192 hargrave 2020-02-04 18:56:58 
AFz 70 242.7 -30.6 242.7 -30.6 4.39E-05 001.0 302.8 -37.7 0.014803 0.066972 0.062441 hargrave 2020-02-04 18:57:54 
AFz 80 242.6 -30.6 242.6 -30.6 4.38E-05 001.0 302.8 -37.8 0.013097 0.066288 0.062253 hargrave 2020-02-04 18:58:50 
AFz 90 242.5 -30.6 242.5 -30.6 4.39E-05 001.0 302.8 -37.9 0.015628 0.067108 0.062375 hargrave 2020-02-04 18:59:46 
AFz100 242.7 -30.7 242.7 -30.7 4.36E-05 001.0 302.9 -37.7 0.015497 0.067534 0.061906 hargrave 2020-02-04 19:00:41 
AFz120 242.5 -30.5 242.5 -30.5 4.37E-05 001.0 302.8 -37.9 0.015379 0.067442 0.062024 hargrave 2020-02-04 19:01:37 
AFz140 242.2 -30.3 242.2 -30.3 4.37E-05 001.0 302.5 -38.2 0.016413 0.066617 0.061533 hargrave 2020-02-04 19:02:33 
AFz160 243.0 -30.9 243.0 -30.9 4.32E-05 001.2 303.1 -37.4 0.016536 0.068548 0.060443 hargrave 2020-02-04 19:03:30 
AFz180 242.7 -30.6 242.7 -30.6 4.34E-05 001.0 302.7 -37.8 0.012584 0.065988 0.061012 hargrave 2020-02-04 19:04:26 
AFz200 242.7 -30.6 242.7 -30.6 4.38E-05 001.0 302.8 -37.7 0.014926 0.066290 0.062536 hargrave 2020-02-04 19:05:22 
AFz250 242.4 -30.2 242.4 -30.2 4.26E-05 001.0 302.3 -38.1 0.010796 0.064116 0.060754 hargrave 2020-02-04 19:06:18 
AFz300 242.4 -30.2 242.4 -30.2 4.35E-05 001.0 302.3 -38.1 0.010610 0.063218 0.061919 hargrave 2020-02-04 19:07:14 
AFz350 242.6 -30.1 242.6 -30.1 4.40E-05 001.0 302.2 -38.0 0.016384 0.066374 0.061700 hargrave 2020-02-04 19:08:10 
AFz400 244.5 -30.2 244.5 -30.2 4.29E-05 001.0 301.9 -36.3 0.013728 0.065504 0.060518 hargrave 2020-02-04 19:09:06 
AFz450 242.0 -30.3 242.0 -30.3 4.43E-05 001.0 302.5 -38.4 0.012013 0.064580 0.062643 hargrave 2020-02-04 19:10:02 
AFz500 246.4 -29.9 246.4 -29.9 4.24E-05 001.0 301.0 -34.8 0.016501 0.065429 0.061136 hargrave 2020-02-04 19:10:58 
AFz550 243.5 -28.7 243.5 -28.7 4.48E-05 001.0 300.2 -37.5 0.018122 0.062781 0.062144 hargrave 2020-02-04 19:11:54 
AFz600 233.8 -27.8 233.8 -27.8 4.96E-05 000.9 302.1 -45.9 0.015086 0.064238 0.065765 hargrave 2020-02-04 19:12:50 
AFz650 232.9 -28.2 232.9 -28.2 4.92E-05 001.0 303.2 -46.6 0.022169 0.068862 0.064965 hargrave 2020-02-04 19:13:46 
AFz700 228.2 -27.3 228.2 -27.3 5.34E-05 001.0 304.0 -50.8 0.024539 0.074840 0.066324 hargrave 2020-02-04 19:14:43 
AFz750 244.3 -32.4 244.3 -32.4 4.27E-05 001.0 304.5 -35.9 0.016034 0.067130 0.063688 hargrave 2020-02-04 19:15:39 
AFz800 242.2 -30.8 242.2 -30.8 4.24E-05 001.1 303.1 -38.1 0.017098 0.069408 0.060650 hargrave 2020-02-04 19:16:35 
AFz850 247.9 -32.1 247.9 -32.1 4.07E-05 001.0 303.3 -33.1 0.012371 0.064793 0.059051 hargrave 2020-02-04 19:17:31 
AFz900 251.1 -30.6 251.1 -30.6 3.85E-05 001.0 301.0 -30.6 0.015378 0.066617 0.055570 hargrave 2020-02-04 19:18:27 
AFz950 247.4 -32.9 247.4 -32.9 3.89E-05 001.2 304.3 -33.3 0.012293 0.075933 0.055494 hargrave 2020-02-04 19:19:23 
AFz000 246.1 -32.1 246.1 -32.1 4.00E-05 001.1 303.7 -34.5 0.015150 0.071913 0.057298 hargrave 2020-02-04 19:20:20 
AFz050 245.4 -30.4 245.4 -30.4 3.98E-05 001.0 301.8 -35.5 0.011781 0.064862 0.056759 hargrave 2020-02-04 19:21:15 
AFz100 245.8 -32.4 245.8 -32.4 4.06E-05 001.1 304.1 -34.8 0.011932 0.067882 0.058706 hargrave 2020-02-04 19:22:11 
AFz150 242.7 -31.4 242.7 -31.4 4.19E-05 001.0 303.8 -37.5 0.015418 0.069719 0.058355 hargrave 2020-02-04 19:23:07 
AFz200 248.1 -31.6 248.1 -31.6 3.97E-05 001.0 302.6 -33.0 0.014702 0.067222 0.055891 hargrave 2020-02-04 19:24:03 
AFz250 262.3 -33.3 262.3 -33.3 3.69E-05 001.0 302.7 -20.9 0.013988 0.064460 0.055995 hargrave 2020-02-04 19:24:59 
AFz300 248.6 -32.5 248.6 -32.5 4.26E-05 000.9 303.7 -32.4 0.014659 0.059881 0.060982 hargrave 2020-02-04 19:25:56 
AFz500 244.8 -31.5 244.8 -31.5 4.42E-05 000.9 303.3 -35.8 0.015577 0.057197 0.062330 hargrave 2020-02-04 19:26:52 
ARM    245.8 -33.0 245.8 -33.0 4.29E-05 001.0 304.9 -34.6 0.015968 0.068392 0.061052 hargrave 2020-02-04 19:27:51 
ARM    242.9 -32.1 242.9 -32.1 4.48E-05 001.0 304.6 -37.2 0.015300 0.067927 0.061754 hargrave 2020-02-04 19:28:50 
ARM    249.8 -33.4 249.8 -33.4 4.29E-05 001.0 304.4 -31.2 0.010852 0.065333 0.061419 hargrave 2020-02-04 19:29:49 
ARM    226.0 -26.5 226.0 -26.5 6.10E-05 000.8 304.1 -52.9 0.021717 0.067000 0.074701 hargrave 2020-02-04 19:30:48 
ARM    197.5 -11.5 197.5 -11.5 3.20E-04 000.4 304.1 -83.6 0.138452 0.154178 0.199945 hargrave 2020-02-04 19:31:47 
ARM  1 195.0 -09.8 195.0 -09.8 5.98E-04 000.4 302.4 -86.6 0.261207 0.245870 0.329168 hargrave 2020-02-04 19:32:46 
ARM  1 194.1 -09.2 194.1 -09.2 8.74E-04 000.3 301.5 -87.6 0.367536 0.341731 0.464527 hargrave 2020-02-04 19:33:45 
ARM  1 193.7 -08.9 193.7 -08.9 1.15E-03 000.3 299.2 -88.2 0.487650 0.438039 0.589408 hargrave 2020-02-04 19:34:44 
ARM  1 193.4 -08.7 193.4 -08.7 1.42E-03 000.3 297.3 -88.6 0.599074 0.534910 0.720451 hargrave 2020-02-04 19:35:43 
ARM  1 193.1 -08.5 193.1 -08.5 1.72E-03 000.3 295.4 -88.9 0.728096 0.643758 0.858987 hargrave 2020-02-04 19:36:42 
ARM  1 192.9 -08.3 192.9 -08.3 2.40E-03 000.3 292.1 -89.2 1.007011 0.883050 1.139166 hargrave 2020-02-04 19:37:41 
ARM  2 192.7 -08.2 192.7 -08.2 3.08E-03 000.3 288.0 -89.3 1.310191 1.159813 1.491343 hargrave 2020-02-04 19:38:40 
ARM  2 192.6 -08.1 192.6 -08.1 3.78E-03 000.3 283.3 -89.5 1.624428 1.410645 1.772328 hargrave 2020-02-04 19:39:39 
ARM  2 192.5 -08.1 192.5 -08.1 4.46E-03 000.3 281.3 -89.5 1.913349 1.645589 2.106118 hargrave 2020-02-04 19:40:38 
ARM  2 192.5 -08.0 192.5 -08.0 5.81E-03 000.3 273.4 -89.6 2.453076 2.129708 2.726393 hargrave 2020-02-04 19:41:37 
ARM  3 192.4 -08.0 192.4 -08.0 7.17E-03 000.3 266.6 -89.7 3.038930 2.625859 3.148440 hargrave 2020-02-04 19:42:36 
ARM  4 192.4 -08.0 192.4 -08.0 8.52E-03 000.3 260.5 -89.7 3.608229 3.102515 4.167081 hargrave 2020-02-04 19:43:35 
ARM  4 192.3 -07.9 192.3 -07.9 9.86E-03 000.3 255.1 -89.8 4.215418 3.652546 4.815827 hargrave 2020-02-04 19:44:34 
ARM  4 192.3 -07.9 192.3 -07.9 1.12E-02 000.3 251.1 -89.8 4.814198 4.104318 5.169686 hargrave 2020-02-04 19:45:33 
ARM  5 192.3 -07.9 192.3 -07.9 1.25E-02 000.3 245.7 -89.8 5.366547 4.594707 5.753708 hargrave 2020-02-04 19:46:32 
