AX1- 3b sun compass orientation
      0  98.1  84.0   0.0   0.0   1.0
NRM    042.1 -58.5 042.1 -58.5 4.13E-06 004.6 018.1  20.0 0.041097 0.032030 0.004530 hargrave 2020-02-04 19:47:59 
AF  10 040.5 -58.4 040.5 -58.4 3.93E-06 002.0 017.4  20.5 0.013326 0.009318 0.004705 hargrave 2020-02-04 19:49:19 
AF  20 039.8 -60.3 039.8 -60.3 3.95E-06 002.2 016.0  19.2 0.014613 0.010042 0.004722 hargrave 2020-02-04 19:50:42 
AF  30 039.2 -62.1 039.2 -62.1 3.88E-06 002.1 014.7  17.8 0.013906 0.009864 0.005000 hargrave 2020-02-04 19:52:02 
AF  40 036.9 -64.2 036.9 -64.2 3.74E-06 002.2 012.6  16.6 0.014257 0.010156 0.004724 hargrave 2020-02-04 19:53:22 
AF  50 041.8 -64.8 041.8 -64.8 3.83E-06 002.0 014.2  15.0 0.012866 0.009147 0.005077 hargrave 2020-02-04 19:54:41 
AF  60 049.1 -69.5 049.1 -69.5 3.45E-06 002.2 013.5  09.5 0.013888 0.009411 0.004931 hargrave 2020-02-04 19:56:01 
AF  70 047.3 -74.1 047.3 -74.1 3.26E-06 002.2 010.0  06.4 0.012817 0.009093 0.005233 hargrave 2020-02-04 19:57:20 
AF  80 053.5 -78.6 053.5 -78.6 3.31E-06 002.2 008.1  02.0 0.012670 0.009564 0.005342 hargrave 2020-02-04 19:58:43 
AF  90 055.9 -79.0 055.9 -79.0 3.21E-06 002.1 008.1  01.4 0.012665 0.008697 0.005270 hargrave 2020-02-04 20:00:03 
AF 100 069.8 -79.9 069.8 -79.9 3.32E-06 002.1 008.9 -01.2 0.012852 0.008940 0.005497 hargrave 2020-02-04 20:01:23 
AF 120 026.0 -79.5 026.0 -79.5 3.61E-06 002.0 003.2  04.0 0.014176 0.009555 0.006131 hargrave 2020-02-04 20:02:43 
AF 140 043.4 -71.5 043.4 -71.5 2.84E-06 002.4 010.7  09.1 0.013107 0.008196 0.005446 hargrave 2020-02-04 20:04:03 
AF 160 028.3 -72.7 028.3 -72.7 2.75E-06 002.3 006.0  10.3 0.011891 0.008079 0.005234 hargrave 2020-02-04 20:05:23 
AF 180 062.0 -50.4 062.0 -50.4 2.74E-06 002.5 032.6  17.0 0.011052 0.007191 0.005606 hargrave 2020-02-04 20:06:43 
AF 200 156.3 -63.1 156.3 -63.1 2.70E-06 001.7 015.7 -28.4 0.009315 0.006240 0.005776 hargrave 2020-02-04 20:08:03 
AF 250 125.0 -10.9 125.0 -10.9 1.59E-06 002.2 080.8 -27.4 0.004853 0.007811 0.004292 hargrave 2020-02-04 20:09:22 
AF 300 020.4 -26.5 020.4 -26.5 2.96E-06 001.7 019.5  55.4 0.008616 0.004845 0.004742 hargrave 2020-02-04 20:10:46 
AF 350 043.7  04.7 043.7  04.7 2.46E-06 001.4 089.7  54.5 0.005196 0.004088 0.002704 hargrave 2020-02-04 20:12:05 
AF 400 329.7  04.2 329.7  04.2 1.53E-06 004.1 270.8  51.8 0.008536 0.006189 0.003189 hargrave 2020-02-04 20:13:25 
AF 450 341.1 -14.9 341.1 -14.9 2.85E-06 002.7 308.2  56.0 0.009700 0.009631 0.005114 hargrave 2020-02-04 20:14:45 
AF 500 312.3  21.7 312.3  21.7 2.71E-06 002.5 247.8  33.9 0.009234 0.009886 0.003727 hargrave 2020-02-04 20:16:05 
AF 550 011.5  08.2 011.5  08.2 1.50E-06 004.0 123.0  85.9 0.008934 0.005909 0.004044 hargrave 2020-02-04 20:17:25 
AF 600 338.1  17.0 338.1  17.0 3.44E-06 001.8 246.9  58.7 0.008756 0.006655 0.002097 hargrave 2020-02-04 20:18:48 
AF 650 033.4  53.2 033.4  53.2 3.06E-06 002.6 160.9  38.5 0.009450 0.012365 0.002988 hargrave 2020-02-04 20:20:08 
AF 700 173.6  35.2 173.6  35.2 3.59E-06 001.9 162.7 -46.6 0.005513 0.009936 0.003207 hargrave 2020-02-04 20:21:27 
AF 750 111.2  06.0 111.2  06.0 2.51E-06 002.5 097.4 -12.3 0.009507 0.007996 0.004424 hargrave 2020-02-04 20:22:51 
AF 800 162.2  50.6 162.2  50.6 2.46E-06 002.1 161.5 -29.2 0.005762 0.007380 0.001970 hargrave 2020-02-04 20:24:14 
AF 850 346.5 -02.3 346.5 -02.3 2.57E-06 003.2 290.4  66.9 0.011368 0.009445 0.002070 hargrave 2020-02-04 20:25:34 
AF 900 024.4  22.6 024.4  22.6 1.75E-06 003.6 138.2  67.1 0.007991 0.007624 0.003397 hargrave 2020-02-04 20:26:57 
AF 950 306.7  77.5 306.7  77.5 3.57E-06 002.1 191.2  11.8 0.009032 0.012223 0.005374 hargrave 2020-02-04 20:28:18 
AF1000 287.0  38.4 287.0  38.4 2.68E-06 001.8 232.0  10.7 0.011614 0.007916 0.003479 hargrave 2020-02-04 20:29:42 
AF1050 262.8 -76.7 262.8 -76.7 1.40E-06 005.6 347.0 -09.3 0.014563 0.012185 0.003447 hargrave 2020-02-04 20:31:06 
AF1100 226.1 -05.5 226.1 -05.5 4.16E-06 001.6 271.2 -52.2 0.008941 0.008960 0.002631 hargrave 2020-02-04 20:32:26 
AF1150 167.6 -37.8 167.6 -37.8 4.85E-06 002.1 027.4 -53.1 0.016973 0.011165 0.004640 hargrave 2020-02-04 20:33:51 
AF1200 179.6 -49.4 179.6 -49.4 4.93E-06 001.7 007.9 -46.0 0.014436 0.010341 0.004472 hargrave 2020-02-04 20:35:12 
AF1250 168.9 -25.6 168.9 -25.6 6.33E-06 001.1 041.0 -63.1 0.012581 0.005247 0.005231 hargrave 2020-02-04 20:36:34 
AF1300 183.7 -72.8 183.7 -72.8 5.86E-06 001.4 001.4 -23.2 0.021143 0.012110 0.004814 hargrave 2020-02-04 20:38:00 
ARM    184.3 -72.7 184.3 -72.7 5.83E-06 001.7 001.2 -23.3 0.019483 0.014595 0.004509 hargrave 2020-02-04 20:39:00 
ARM    184.3 -72.4 184.3 -72.4 5.84E-06 001.6 001.3 -23.5 0.017200 0.014136 0.004574 hargrave 2020-02-04 20:39:59 
ARM    184.8 -72.2 184.8 -72.2 5.85E-06 001.7 001.1 -23.8 0.018883 0.014070 0.004473 hargrave 2020-02-04 20:40:59 
ARM    184.6 -71.7 184.6 -71.7 5.87E-06 001.7 001.2 -24.3 0.019346 0.014663 0.004569 hargrave 2020-02-04 20:41:58 
ARM    184.4 -71.7 184.4 -71.7 5.86E-06 001.7 001.3 -24.3 0.019286 0.014418 0.004497 hargrave 2020-02-04 20:42:57 
ARM    185.8 -71.7 185.8 -71.7 5.86E-06 001.7 000.8 -24.3 0.019282 0.014411 0.004663 hargrave 2020-02-04 20:43:56 
ARM    187.1 -71.5 187.1 -71.5 5.83E-06 001.7 000.3 -24.5 0.018922 0.014156 0.004405 hargrave 2020-02-04 20:44:55 
ARM    189.1 -71.0 189.1 -71.0 5.83E-06 001.7 359.6 -25.0 0.019289 0.014480 0.004368 hargrave 2020-02-04 20:45:54 
ARM    187.0 -70.1 187.0 -70.1 5.82E-06 001.7 000.4 -25.9 0.019169 0.014447 0.004415 hargrave 2020-02-04 20:46:53 
ARM    188.3 -69.9 188.3 -69.9 5.90E-06 001.7 359.9 -26.1 0.019351 0.014474 0.004280 hargrave 2020-02-04 20:47:52 
ARM    185.1 -71.5 185.1 -71.5 5.79E-06 001.7 001.1 -24.5 0.019161 0.014423 0.004586 hargrave 2020-02-04 20:48:51 
ARM    190.2 -68.6 190.2 -68.6 5.92E-06 001.7 359.1 -27.4 0.019461 0.014698 0.004307 hargrave 2020-02-04 20:49:50 
ARM    198.5 -70.7 198.5 -70.7 5.70E-06 001.8 356.2 -25.0 0.019790 0.015467 0.004016 hargrave 2020-02-04 20:50:49 
ARM    211.0 -70.1 211.0 -70.1 6.00E-06 001.7 351.7 -24.2 0.019814 0.016063 0.004069 hargrave 2020-02-04 20:51:48 
ARM    203.3 -66.4 203.3 -66.4 6.16E-06 001.7 353.1 -28.7 0.019459 0.015736 0.003953 hargrave 2020-02-04 20:52:48 
ARM    222.4 -65.5 222.4 -65.5 7.16E-06 001.5 345.0 -25.8 0.021076 0.019158 0.003834 hargrave 2020-02-04 20:53:47 
ARM    206.9 -43.8 206.9 -43.8 1.09E-05 001.3 339.4 -48.7 0.022199 0.021662 0.004704 hargrave 2020-02-04 20:54:46 
ARM    223.2 -47.2 223.2 -47.2 1.14E-05 001.3 329.8 -39.0 0.022609 0.026920 0.005306 hargrave 2020-02-04 20:55:45 
ARM    223.1 -50.0 223.1 -50.0 1.32E-05 001.3 332.5 -37.1 0.027033 0.033496 0.006546 hargrave 2020-02-04 20:56:44 
ARM    229.1 -46.1 229.1 -46.1 1.44E-05 001.2 325.5 -36.6 0.025800 0.035889 0.007394 hargrave 2020-02-04 20:57:43 
ARM    232.9 -47.6 232.9 -47.6 1.38E-05 001.3 325.3 -33.5 0.026949 0.036449 0.008153 hargrave 2020-02-04 20:58:42 
ARM    234.4 -41.5 234.4 -41.5 1.56E-05 001.2 318.2 -35.7 0.024222 0.042405 0.008378 hargrave 2020-02-04 20:59:42 
ARM    235.7 -40.4 235.7 -40.4 1.50E-05 001.2 316.4 -35.3 0.022660 0.038681 0.006866 hargrave 2020-02-04 21:00:41 
ARM    219.8 -22.6 219.8 -22.6 2.16E-05 001.0 301.8 -55.2 0.018211 0.040465 0.009027 hargrave 2020-02-04 21:01:40 
ARM    225.0 -29.1 225.0 -29.1 1.83E-05 001.2 308.1 -48.2 0.019110 0.042693 0.008798 hargrave 2020-02-04 21:02:39 
ARM    228.2 -32.7 228.2 -32.7 1.64E-05 001.2 311.0 -44.2 0.018309 0.041853 0.006558 hargrave 2020-02-04 21:03:38 
ARM    207.1 -15.1 207.1 -15.1 2.59E-05 000.7 297.4 -69.2 0.012845 0.033029 0.007953 hargrave 2020-02-04 21:04:38 
ARM    216.8 -16.6 216.8 -16.6 1.98E-05 001.0 293.1 -60.0 0.016140 0.036230 0.008477 hargrave 2020-02-04 21:05:37 
ARM    209.2 -11.6 209.2 -11.6 2.73E-05 000.8 286.5 -68.4 0.015851 0.037423 0.009178 hargrave 2020-02-04 21:06:36 
ARM    211.6 -08.3 211.6 -08.3 2.47E-05 000.8 277.1 -66.5 0.016829 0.034250 0.008046 hargrave 2020-02-04 21:07:35 
ARM    224.6 -06.8 224.6 -06.8 1.87E-05 000.8 273.3 -53.8 0.013352 0.028730 0.007434 hargrave 2020-02-04 21:08:34 
ARM    228.3 -04.8 228.3 -04.8 1.63E-05 001.0 270.3 -50.0 0.017145 0.030117 0.009025 hargrave 2020-02-04 21:09:33 
ARM    228.4  01.7 228.4  01.7 1.63E-05 000.9 260.4 -49.0 0.018553 0.024227 0.006991 hargrave 2020-02-04 21:10:32 
ARM    227.1  05.9 227.1  05.9 1.91E-05 000.9 253.7 -49.3 0.024409 0.026346 0.007508 hargrave 2020-02-04 21:11:31 
ARM    231.9  15.5 231.9  15.5 1.63E-05 001.1 243.1 -41.6 0.028029 0.024398 0.007385 hargrave 2020-02-04 21:12:30 
ARM    219.3  11.6 219.3  11.6 2.27E-05 000.9 240.5 -54.3 0.031531 0.023179 0.008242 hargrave 2020-02-04 21:13:29 
ARM    210.5  04.5 210.5  04.5 3.18E-05 000.8 245.3 -65.3 0.036655 0.027417 0.010175 hargrave 2020-02-04 21:14:29 
AFz 10 210.5  04.5 210.5  04.5 3.18E-05 000.8 245.3 -65.3 0.035316 0.027307 0.010113 hargrave 2020-02-04 21:15:25 
AFz 20 210.4  04.5 210.4  04.5 3.18E-05 000.8 245.4 -65.4 0.032161 0.029032 0.009897 hargrave 2020-02-04 21:16:21 
AFz 30 210.5  04.5 210.5  04.5 3.18E-05 000.8 245.3 -65.3 0.034792 0.028165 0.009890 hargrave 2020-02-04 21:17:17 
AFz 40 210.4  04.5 210.4  04.5 3.18E-05 000.8 245.3 -65.3 0.035233 0.027544 0.009957 hargrave 2020-02-04 21:18:13 
AFz 50 210.5  04.5 210.5  04.5 3.18E-05 000.8 245.3 -65.3 0.035116 0.028229 0.010179 hargrave 2020-02-04 21:19:08 
AFz 60 210.5  04.5 210.5  04.5 3.17E-05 000.8 245.3 -65.3 0.035411 0.027549 0.009916 hargrave 2020-02-04 21:20:04 
AFz 70 210.5  04.5 210.5  04.5 3.17E-05 000.8 245.3 -65.3 0.036368 0.028646 0.010101 hargrave 2020-02-04 21:21:00 
AFz 80 210.5  04.4 210.5  04.4 3.17E-05 000.8 245.5 -65.3 0.036243 0.028346 0.010136 hargrave 2020-02-04 21:21:56 
AFz 90 210.6  04.4 210.6  04.4 3.15E-05 000.8 245.6 -65.3 0.034670 0.027404 0.009854 hargrave 2020-02-04 21:22:52 
AFz100 210.4  04.4 210.4  04.4 3.15E-05 000.8 245.4 -65.4 0.035714 0.028179 0.009950 hargrave 2020-02-04 21:23:47 
AFz120 210.6  04.5 210.6  04.5 3.15E-05 000.8 245.4 -65.2 0.034990 0.027064 0.009814 hargrave 2020-02-04 21:24:43 
AFz140 210.7  04.5 210.7  04.5 3.16E-05 000.8 245.5 -65.2 0.035157 0.027633 0.009854 hargrave 2020-02-04 21:25:39 
AFz160 210.5  04.3 210.5  04.3 3.14E-05 000.8 245.8 -65.4 0.035068 0.027394 0.010017 hargrave 2020-02-04 21:26:35 
AFz180 210.1  04.5 210.1  04.5 3.10E-05 000.7 244.9 -65.6 0.032860 0.024494 0.009443 hargrave 2020-02-04 21:27:31 
AFz200 210.5  04.6 210.5  04.6 3.11E-05 000.8 245.2 -65.2 0.034619 0.027697 0.009752 hargrave 2020-02-04 21:28:27 
AFz250 211.5  03.5 211.5  03.5 3.03E-05 000.8 248.4 -64.8 0.034054 0.028681 0.010208 hargrave 2020-02-04 21:29:22 
AFz300 209.8  02.8 209.8  02.8 3.22E-05 000.8 248.5 -66.6 0.035052 0.030158 0.010408 hargrave 2020-02-04 21:30:18 
AFz350 215.2  04.1 215.2  04.1 2.66E-05 000.9 250.1 -61.1 0.032640 0.026502 0.010044 hargrave 2020-02-04 21:31:14 
AFz400 220.4  06.4 220.4  06.4 2.16E-05 000.9 249.5 -55.5 0.029011 0.024469 0.009022 hargrave 2020-02-04 21:32:10 
AFz450 211.6  04.2 211.6  04.2 2.88E-05 000.8 247.0 -64.4 0.032173 0.028610 0.009833 hargrave 2020-02-04 21:33:06 
AFz500 224.4  08.6 224.4  08.6 1.99E-05 001.0 248.4 -51.0 0.029420 0.025904 0.009011 hargrave 2020-02-04 21:34:02 
AFz550 224.9  09.7 224.9  09.7 1.80E-05 000.9 247.0 -50.1 0.025839 0.021935 0.008335 hargrave 2020-02-04 21:34:58 
AFz600 213.8  02.0 213.8  02.0 2.65E-05 000.8 253.4 -63.1 0.028824 0.026519 0.009309 hargrave 2020-02-04 21:35:54 
AFz650 222.6  08.1 222.6  08.1 2.13E-05 000.9 248.1 -52.8 0.029555 0.024359 0.008416 hargrave 2020-02-04 21:36:50 
AFz700 229.7  07.8 229.7  07.8 1.84E-05 001.0 252.0 -46.2 0.027848 0.028304 0.009307 hargrave 2020-02-04 21:37:46 
AFz750 215.0  06.4 215.0  06.4 2.46E-05 000.8 245.6 -60.4 0.030079 0.023664 0.007602 hargrave 2020-02-04 21:38:42 
AFz800 225.3  07.8 225.3  07.8 2.07E-05 001.0 250.1 -50.4 0.032230 0.026506 0.008977 hargrave 2020-02-04 21:39:38 
AFz850 206.5  03.3 206.5  03.3 3.62E-05 000.7 243.7 -69.5 0.035988 0.027060 0.010092 hargrave 2020-02-04 21:40:34 
AFz900 215.2  05.9 215.2  05.9 2.51E-05 000.8 246.8 -60.5 0.030308 0.024783 0.008653 hargrave 2020-02-04 21:41:30 
AFz950 218.9  10.3 218.9  10.3 2.17E-05 000.9 242.2 -55.3 0.029029 0.023596 0.007787 hargrave 2020-02-04 21:42:25 
AFz000 227.0  11.6 227.0  11.6 1.91E-05 001.0 245.6 -47.5 0.030531 0.023769 0.008343 hargrave 2020-02-04 21:43:21 
AFz050 214.8  06.6 214.8  06.6 2.75E-05 000.9 245.1 -60.5 0.036581 0.027567 0.009458 hargrave 2020-02-04 21:44:17 
AFz100 236.6  19.3 236.6  19.3 1.72E-05 001.0 240.9 -36.0 0.031272 0.021128 0.009435 hargrave 2020-02-04 21:45:13 
AFz150 205.5  06.7 205.5  06.7 3.58E-05 000.6 234.0 -68.4 0.035750 0.022757 0.007203 hargrave 2020-02-04 21:46:09 
AFz200 204.4  02.0 204.4  02.0 3.60E-05 000.6 244.4 -71.8 0.028671 0.023311 0.007527 hargrave 2020-02-04 21:47:05 
AFz250 246.2  27.9 246.2  27.9 1.55E-05 001.1 235.6 -24.5 0.033351 0.017728 0.010187 hargrave 2020-02-04 21:48:01 
AFz300 211.3  06.9 211.3  06.9 2.79E-05 000.8 241.2 -63.5 0.034121 0.023820 0.007575 hargrave 2020-02-04 21:48:57 
AFz500 207.5  07.3 207.5  07.3 2.98E-05 000.8 235.7 -66.5 0.037547 0.020080 0.006445 hargrave 2020-02-04 21:49:54 
ARM    206.5  06.7 206.5  06.7 3.15E-05 000.7 235.5 -67.7 0.033405 0.022750 0.006424 hargrave 2020-02-04 21:50:53 
ARM    210.1  04.9 210.1  04.9 3.12E-05 000.7 244.1 -65.5 0.032630 0.025634 0.007954 hargrave 2020-02-04 21:51:52 
ARM    207.0  04.4 207.0  04.4 3.09E-05 000.7 241.4 -68.5 0.032991 0.025927 0.005153 hargrave 2020-02-04 21:52:51 
ARM    198.2  00.5 198.2  00.5 5.85E-05 000.5 237.4 -78.0 0.043801 0.029505 0.009636 hargrave 2020-02-04 21:53:50 
ARM    190.6 -04.0 190.6 -04.0 2.97E-04 000.3 231.9 -86.8 0.137094 0.109382 0.054768 hargrave 2020-02-04 21:54:49 
ARM  1 189.7 -04.6 189.7 -04.6 5.51E-04 000.3 228.7 -87.8 0.234021 0.189370 0.102632 hargrave 2020-02-04 21:55:48 
ARM  1 189.4 -04.8 189.4 -04.8 7.98E-04 000.3 225.9 -88.2 0.312540 0.276298 0.148686 hargrave 2020-02-04 21:56:47 
ARM  1 189.2 -04.9 189.2 -04.9 1.04E-03 000.3 224.6 -88.4 0.399943 0.363998 0.196240 hargrave 2020-02-04 21:57:46 
ARM  1 189.1 -05.0 189.1 -05.0 1.29E-03 000.3 224.8 -88.5 0.472113 0.458250 0.248627 hargrave 2020-02-04 21:58:45 
ARM  1 189.1 -05.0 189.1 -05.0 1.56E-03 000.3 224.0 -88.6 0.562087 0.557135 0.291988 hargrave 2020-02-04 21:59:44 
ARM  1 189.0 -05.0 189.0 -05.0 2.17E-03 000.3 221.3 -88.7 0.815344 0.741193 0.406421 hargrave 2020-02-04 22:00:43 
ARM  2 188.9 -05.1 188.9 -05.1 2.78E-03 000.3 221.4 -88.8 1.010903 1.024308 0.526658 hargrave 2020-02-04 22:01:42 
ARM  2 188.9 -05.1 188.9 -05.1 3.42E-03 000.3 220.7 -88.8 1.254682 1.183998 0.645214 hargrave 2020-02-04 22:02:41 
ARM  2 188.9 -05.1 188.9 -05.1 4.03E-03 000.3 221.0 -88.9 1.477996 1.430859 0.773779 hargrave 2020-02-04 22:03:40 
ARM  2 188.8 -05.2 188.8 -05.2 5.24E-03 000.3 220.3 -88.9 1.921612 1.888355 0.966246 hargrave 2020-02-04 22:04:39 
ARM  3 188.8 -05.2 188.8 -05.2 6.47E-03 000.3 219.6 -88.9 2.356629 2.300857 1.208437 hargrave 2020-02-04 22:05:38 
ARM  4 188.8 -05.2 188.8 -05.2 7.68E-03 000.3 219.2 -88.9 2.818921 2.731011 1.452912 hargrave 2020-02-04 22:06:37 
ARM  4 188.8 -05.2 188.8 -05.2 8.88E-03 000.3 218.9 -88.9 3.249857 3.175835 1.620711 hargrave 2020-02-04 22:07:36 
ARM  4 188.8 -05.2 188.8 -05.2 1.01E-02 000.3 219.1 -88.9 3.680112 3.558408 1.846261 hargrave 2020-02-04 22:08:34 
ARM  5 188.8 -05.2 188.8 -05.2 1.13E-02 000.3 218.9 -88.9 4.130347 4.001751 2.075536 hargrave 2020-02-04 22:09:33 
