AX1- 7b sun compass orientation
      0 100.7  86.0   0.0   0.0   1.0
NRM    090.3 -54.0 090.3 -54.0 7.11E-06 001.7 035.4  02.8 0.019560 0.010174 0.006895 hargrave 2020-02-05 05:21:22 
AF  10 090.6 -54.2 090.6 -54.2 6.89E-06 001.6 035.2  02.6 0.020939 0.007938 0.006693 hargrave 2020-02-05 05:22:40 
AF  20 091.5 -55.2 091.5 -55.2 6.80E-06 001.6 034.3  01.9 0.021121 0.008070 0.007075 hargrave 2020-02-05 05:24:00 
AF  30 091.0 -56.6 091.0 -56.6 6.65E-06 001.6 032.8  01.9 0.021014 0.008678 0.006971 hargrave 2020-02-05 05:25:20 
AF  40 088.8 -58.8 088.8 -58.8 6.59E-06 001.6 030.5  02.7 0.020727 0.009048 0.006697 hargrave 2020-02-05 05:26:40 
AF  50 091.3 -60.3 091.3 -60.3 6.58E-06 001.6 029.3  01.2 0.020174 0.008758 0.006433 hargrave 2020-02-05 05:28:00 
AF  60 092.1 -60.2 092.1 -60.2 6.25E-06 001.7 029.4  00.8 0.020031 0.009237 0.006418 hargrave 2020-02-05 05:29:19 
AF  70 090.3 -58.4 090.3 -58.4 6.28E-06 001.6 031.1  02.0 0.019956 0.008335 0.006025 hargrave 2020-02-05 05:30:39 
AF  80 091.2 -57.1 091.2 -57.1 6.01E-06 001.6 032.4  01.8 0.016894 0.007746 0.005593 hargrave 2020-02-05 05:31:58 
AF  90 063.5 -51.7 063.5 -51.7 6.10E-06 001.7 031.4  18.6 0.019489 0.008605 0.005070 hargrave 2020-02-05 05:33:18 
AF 100 067.4 -54.9 067.4 -54.9 6.00E-06 001.7 029.8  14.9 0.018663 0.008246 0.005409 hargrave 2020-02-05 05:34:38 
AF 120 062.6 -47.1 062.6 -47.1 5.75E-06 001.6 035.1  21.6 0.016094 0.007137 0.005057 hargrave 2020-02-05 05:35:58 
AF 140 070.4 -53.9 070.4 -53.9 5.11E-06 001.9 031.6  13.9 0.017922 0.008245 0.004525 hargrave 2020-02-05 05:37:19 
AF 160 050.2 -43.9 050.2 -43.9 5.20E-06 001.7 032.1  30.4 0.014539 0.007601 0.003924 hargrave 2020-02-05 05:38:42 
AF 180 107.2 -41.0 107.2 -41.0 4.08E-06 002.4 049.2 -07.5 0.016571 0.007026 0.005949 hargrave 2020-02-05 05:40:02 
AF 200 067.4 -25.2 067.4 -25.2 3.30E-06 002.8 058.7  27.8 0.015056 0.008247 0.003928 hargrave 2020-02-05 05:41:22 
AF 250 141.8 -31.3 141.8 -31.3 4.23E-06 001.2 053.4 -36.6 0.008361 0.003369 0.004412 hargrave 2020-02-05 05:42:46 
AF 300 112.6 -31.8 112.6 -31.8 3.95E-06 001.4 058.3 -12.2 0.010529 0.003616 0.006837 hargrave 2020-02-05 05:44:06 
AF 350 123.0 -12.1 123.0 -12.1 4.25E-06 001.8 078.5 -22.6 0.010743 0.003939 0.006345 hargrave 2020-02-05 05:45:26 
AF 400 116.0  07.1 116.0  07.1 4.16E-06 001.6 098.4 -14.7 0.009187 0.002126 0.006579 hargrave 2020-02-05 05:46:46 
AF 450 150.2  58.1 150.2  58.1 4.04E-06 001.9 158.5 -20.0 0.005814 0.006029 0.011903 hargrave 2020-02-05 05:48:06 
AF 500 123.3  31.9 123.3  31.9 4.08E-06 001.9 125.0 -16.8 0.002816 0.007278 0.012007 hargrave 2020-02-05 05:49:26 
AF 550 050.7  30.8 050.7  30.8 2.39E-06 002.1 130.1  43.8 0.006414 0.004045 0.013550 hargrave 2020-02-05 05:50:46 
AF 600 037.3  52.6 037.3  52.6 6.57E-06 001.1 160.1  36.7 0.007908 0.010404 0.017490 hargrave 2020-02-05 05:52:07 
AF 650 044.3  48.6 044.3  48.6 7.84E-06 001.0 152.7  37.0 0.007637 0.015251 0.018829 hargrave 2020-02-05 05:53:27 
AF 700 031.7  65.7 031.7  65.7 9.90E-06 001.1 170.5  26.6 0.014755 0.015726 0.019017 hargrave 2020-02-05 05:54:48 
AF 750 022.7  49.2 022.7  49.2 1.05E-05 001.1 169.1  43.7 0.014729 0.019242 0.019120 hargrave 2020-02-05 05:56:08 
AF 800 023.3  40.8 023.3  40.8 9.40E-06 000.9 164.6  51.5 0.008468 0.016414 0.017493 hargrave 2020-02-05 05:57:29 
AF 850 018.4  40.2 018.4  40.2 1.10E-05 001.1 170.1  53.2 0.012665 0.018431 0.020300 hargrave 2020-02-05 05:58:50 
AF 900 011.0  41.2 011.0  41.2 1.23E-05 001.1 179.7  52.8 0.015335 0.019921 0.020900 hargrave 2020-02-05 06:00:10 
AF 950 013.6  46.0 013.6  46.0 1.40E-05 001.1 177.0  47.9 0.019652 0.023120 0.022350 hargrave 2020-02-05 06:01:31 
AF1000 018.0  44.6 018.0  44.6 1.40E-05 001.1 172.1  48.9 0.018647 0.025266 0.020781 hargrave 2020-02-05 06:02:51 
AF1050 006.8  44.8 006.8  44.8 1.86E-05 001.0 184.2  49.1 0.025363 0.025472 0.025164 hargrave 2020-02-05 06:04:13 
AF1100 015.0  41.6 015.0  41.6 1.86E-05 001.1 174.7  52.2 0.022617 0.034770 0.029515 hargrave 2020-02-05 06:05:35 
AF1150 010.7  45.5 010.7  45.5 1.89E-05 001.2 180.0  48.5 0.029909 0.035628 0.029885 hargrave 2020-02-05 06:06:56 
AF1200 009.0  35.8 009.0  35.8 1.96E-05 000.9 182.6  58.1 0.022993 0.027408 0.029953 hargrave 2020-02-05 06:08:18 
AF1250 014.5  38.0 014.5  38.0 2.02E-05 001.1 174.7  55.9 0.025626 0.036377 0.031651 hargrave 2020-02-05 06:09:40 
AF1300 019.5  42.0 019.5  42.0 1.92E-05 001.1 169.5  51.2 0.026462 0.038131 0.025582 hargrave 2020-02-05 06:11:03 
ARM    019.3  41.9 019.3  41.9 1.92E-05 001.2 169.7  51.3 0.026355 0.041717 0.025231 hargrave 2020-02-05 06:12:04 
ARM    019.4  41.9 019.4  41.9 1.92E-05 001.2 169.6  51.3 0.026248 0.041528 0.025280 hargrave 2020-02-05 06:13:04 
ARM    019.4  42.0 019.4  42.0 1.92E-05 001.1 169.6  51.2 0.027134 0.038706 0.025324 hargrave 2020-02-05 06:14:04 
ARM    019.4  42.2 019.4  42.2 1.92E-05 001.1 169.8  51.1 0.027585 0.038860 0.025260 hargrave 2020-02-05 06:15:03 
ARM    019.3  42.0 019.3  42.0 1.92E-05 001.1 169.8  51.2 0.026682 0.038675 0.025318 hargrave 2020-02-05 06:16:02 
ARM    019.2  42.0 019.2  42.0 1.91E-05 001.4 169.9  51.2 0.025677 0.049585 0.025287 hargrave 2020-02-05 06:17:02 
ARM    019.7  42.6 019.7  42.6 1.92E-05 001.2 169.6  50.6 0.027290 0.039422 0.024950 hargrave 2020-02-05 06:18:01 
ARM    019.9  43.0 019.9  43.0 1.92E-05 001.2 169.5  50.2 0.027832 0.039756 0.024701 hargrave 2020-02-05 06:19:00 
ARM    019.3  42.8 019.3  42.8 1.95E-05 001.2 170.1  50.5 0.028927 0.040514 0.026293 hargrave 2020-02-05 06:19:59 
ARM    019.0  42.5 019.0  42.5 1.96E-05 001.2 170.3  50.8 0.029168 0.040490 0.027223 hargrave 2020-02-05 06:20:59 
ARM    020.2  43.3 020.2  43.3 1.94E-05 001.2 169.3  49.8 0.029291 0.041452 0.027306 hargrave 2020-02-05 06:21:58 
ARM    021.0  42.8 021.0  42.8 1.94E-05 001.2 168.2  50.2 0.029928 0.042399 0.027652 hargrave 2020-02-05 06:22:57 
ARM    019.5  42.0 019.5  42.0 1.99E-05 001.2 169.6  51.2 0.029587 0.042266 0.030084 hargrave 2020-02-05 06:23:56 
ARM    016.5  41.0 016.5  41.0 1.94E-05 001.2 172.7  52.6 0.028003 0.039312 0.030536 hargrave 2020-02-05 06:24:56 
ARM    015.6  43.1 015.6  43.1 1.94E-05 001.2 174.4  50.6 0.029721 0.040239 0.031421 hargrave 2020-02-05 06:25:55 
ARM    014.3  40.2 014.3  40.2 1.79E-05 001.3 175.4  53.6 0.028043 0.038717 0.026400 hargrave 2020-02-05 06:26:54 
ARM    006.0  45.6 006.0  45.6 1.44E-05 001.6 184.9  48.2 0.030287 0.039768 0.027365 hargrave 2020-02-05 06:27:53 
ARM    006.1  42.6 006.1  42.6 1.25E-05 001.7 185.4  51.2 0.024778 0.034578 0.016323 hargrave 2020-02-05 06:28:53 
ARM    351.5  50.1 351.5  50.1 1.03E-05 002.2 196.3  41.2 0.028504 0.036193 0.011539 hargrave 2020-02-05 06:29:54 
ARM    338.1  46.3 338.1  46.3 7.68E-06 003.0 208.7  39.1 0.027097 0.037521 0.006042 hargrave 2020-02-05 06:30:53 
ARM    334.9  45.9 334.9  45.9 7.65E-06 002.8 211.0  37.9 0.027929 0.034945 0.003952 hargrave 2020-02-05 06:31:52 
ARM    256.3  36.6 256.3  36.6 7.04E-06 003.1 229.8 -16.8 0.032405 0.040696 0.005501 hargrave 2020-02-05 06:32:52 
ARM    237.5  17.1 237.5  17.1 1.05E-05 002.4 244.1 -39.2 0.034884 0.040421 0.011965 hargrave 2020-02-05 06:33:51 
ARM    220.3 -01.1 220.3 -01.1 1.22E-05 001.8 265.3 -60.3 0.027992 0.029820 0.018445 hargrave 2020-02-05 06:34:50 
ARM    230.5 -13.2 230.5 -13.2 1.42E-05 001.9 285.8 -49.6 0.033312 0.043488 0.026998 hargrave 2020-02-05 06:35:50 
ARM    229.0 -09.9 229.0 -09.9 1.95E-05 001.7 280.9 -51.5 0.040700 0.054158 0.030600 hargrave 2020-02-05 06:36:49 
ARM    214.6 -08.7 214.6 -08.7 3.27E-05 001.3 282.4 -65.8 0.044854 0.062145 0.042440 hargrave 2020-02-05 06:37:48 
ARM    227.7 -15.8 227.7 -15.8 2.67E-05 001.5 290.6 -51.7 0.046098 0.066736 0.045497 hargrave 2020-02-05 06:38:48 
ARM    230.2 -18.6 230.2 -18.6 2.71E-05 001.6 293.9 -48.8 0.052378 0.074399 0.049650 hargrave 2020-02-05 06:39:47 
ARM    245.3 -27.5 245.3 -27.5 2.26E-05 002.3 300.4 -33.0 0.061860 0.083181 0.043461 hargrave 2020-02-05 06:40:46 
ARM    237.1 -21.3 237.1 -21.3 2.75E-05 001.8 295.2 -41.7 0.058931 0.083134 0.052920 hargrave 2020-02-05 06:41:47 
ARM    229.9 -19.0 229.9 -19.0 3.28E-05 001.0 294.7 -48.9 0.038180 0.086832 0.058982 hargrave 2020-02-05 06:42:46 
ARM    230.2 -19.4 230.2 -19.4 3.46E-05 001.1 295.1 -48.6 0.053388 0.035183 0.064084 hargrave 2020-02-05 06:43:45 
ARM    231.5 -20.3 231.5 -20.3 3.75E-05 001.4 295.8 -47.1 0.071639 0.041998 0.062893 hargrave 2020-02-05 06:44:45 
ARM    241.7 -25.6 241.7 -25.6 3.06E-05 001.4 299.1 -36.6 0.057417 0.042284 0.061917 hargrave 2020-02-05 06:45:44 
ARM    223.6 -19.9 223.6 -19.9 4.50E-05 001.2 299.1 -54.2 0.074280 0.050011 0.072282 hargrave 2020-02-05 06:46:43 
ARM    221.1 -19.6 221.1 -19.6 5.02E-05 001.0 300.2 -56.6 0.069609 0.042170 0.075160 hargrave 2020-02-05 06:47:43 
AFz 10 221.0 -19.6 221.0 -19.6 5.01E-05 001.1 300.3 -56.5 0.071868 0.045217 0.075029 hargrave 2020-02-05 06:48:39 
AFz 20 221.0 -19.6 221.0 -19.6 5.01E-05 001.1 300.3 -56.5 0.072456 0.045329 0.075213 hargrave 2020-02-05 06:49:35 
AFz 30 221.1 -19.6 221.1 -19.6 5.01E-05 001.1 300.3 -56.5 0.072614 0.041664 0.075036 hargrave 2020-02-05 06:50:32 
AFz 40 221.1 -19.6 221.1 -19.6 5.01E-05 001.0 300.3 -56.5 0.068903 0.040855 0.075185 hargrave 2020-02-05 06:51:28 
AFz 50 221.1 -19.6 221.1 -19.6 5.01E-05 001.1 300.3 -56.5 0.072329 0.042828 0.075091 hargrave 2020-02-05 06:52:24 
AFz 60 221.1 -19.6 221.1 -19.6 5.01E-05 001.1 300.3 -56.5 0.072237 0.045212 0.075150 hargrave 2020-02-05 06:53:22 
AFz 70 221.1 -19.7 221.1 -19.7 5.01E-05 001.1 300.4 -56.5 0.072173 0.041063 0.075218 hargrave 2020-02-05 06:54:18 
AFz 80 221.1 -19.6 221.1 -19.6 5.01E-05 001.1 300.2 -56.6 0.072533 0.045431 0.074753 hargrave 2020-02-05 06:55:14 
AFz 90 221.1 -19.5 221.1 -19.5 4.99E-05 001.1 300.1 -56.6 0.074177 0.046636 0.074804 hargrave 2020-02-05 06:56:11 
AFz100 220.9 -19.6 220.9 -19.6 5.01E-05 001.1 300.4 -56.6 0.072575 0.042996 0.075309 hargrave 2020-02-05 06:57:07 
AFz120 221.1 -19.5 221.1 -19.5 4.97E-05 001.1 300.1 -56.6 0.072562 0.044956 0.074170 hargrave 2020-02-05 06:58:03 
AFz140 221.1 -19.5 221.1 -19.5 4.99E-05 001.1 300.0 -56.6 0.072402 0.040380 0.075219 hargrave 2020-02-05 06:58:59 
AFz160 220.8 -19.3 220.8 -19.3 5.00E-05 001.1 300.0 -56.9 0.073571 0.041505 0.074313 hargrave 2020-02-05 06:59:56 
AFz180 221.1 -19.7 221.1 -19.7 4.99E-05 001.1 300.4 -56.5 0.072129 0.040812 0.074722 hargrave 2020-02-05 07:00:52 
AFz200 221.3 -19.4 221.3 -19.4 4.96E-05 001.1 299.7 -56.4 0.073448 0.041445 0.074074 hargrave 2020-02-05 07:01:48 
AFz250 221.0 -19.6 221.0 -19.6 4.92E-05 001.1 300.4 -56.6 0.073433 0.041122 0.073453 hargrave 2020-02-05 07:02:45 
AFz300 221.0 -18.9 221.0 -18.9 4.97E-05 001.1 299.2 -56.9 0.072953 0.038683 0.074369 hargrave 2020-02-05 07:03:41 
AFz350 223.2 -19.7 223.2 -19.7 4.81E-05 000.8 299.0 -54.6 0.044230 0.042876 0.073154 hargrave 2020-02-05 07:04:38 
AFz400 223.0 -21.9 223.0 -21.9 4.67E-05 001.2 302.6 -53.9 0.075105 0.042502 0.074595 hargrave 2020-02-05 07:05:35 
AFz450 221.1 -20.0 221.1 -20.0 5.00E-05 001.1 300.9 -56.3 0.073747 0.047031 0.074976 hargrave 2020-02-05 07:06:31 
AFz500 226.4 -21.9 226.4 -21.9 4.44E-05 001.3 300.6 -51.1 0.074122 0.051371 0.071651 hargrave 2020-02-05 07:07:28 
AFz550 228.5 -23.1 228.5 -23.1 4.36E-05 001.0 301.2 -48.8 0.057276 0.047868 0.073171 hargrave 2020-02-05 07:08:24 
AFz600 231.8 -24.6 231.8 -24.6 4.08E-05 001.1 301.6 -45.5 0.058794 0.048437 0.070026 hargrave 2020-02-05 07:09:21 
AFz650 226.1 -22.1 226.1 -22.1 4.52E-05 001.3 301.0 -51.3 0.077427 0.050424 0.075157 hargrave 2020-02-05 07:10:17 
AFz700 236.7 -23.7 236.7 -23.7 3.86E-05 001.1 298.5 -41.5 0.055480 0.044960 0.069509 hargrave 2020-02-05 07:11:14 
AFz750 223.7 -18.6 223.7 -18.6 4.57E-05 001.2 297.0 -54.6 0.079598 0.045209 0.074242 hargrave 2020-02-05 07:12:10 
AFz800 228.8 -20.9 228.8 -20.9 4.26E-05 001.0 297.8 -49.3 0.055334 0.044034 0.072854 hargrave 2020-02-05 07:13:07 
AFz850 227.2 -19.9 227.2 -19.9 4.54E-05 000.9 297.1 -51.0 0.052548 0.049179 0.074240 hargrave 2020-02-05 07:14:03 
AFz900 227.1 -22.7 227.1 -22.7 4.27E-05 001.3 301.4 -50.2 0.078212 0.050012 0.073370 hargrave 2020-02-05 07:15:00 
AFz950 224.6 -23.4 224.6 -23.4 4.45E-05 001.3 303.9 -51.9 0.077738 0.047856 0.073517 hargrave 2020-02-05 07:15:56 
AFz000 232.3 -24.5 232.3 -24.5 4.14E-05 001.1 301.2 -45.1 0.058873 0.054772 0.071557 hargrave 2020-02-05 07:16:53 
AFz050 227.4 -23.1 227.4 -23.1 4.64E-05 001.0 301.8 -49.8 0.059052 0.054198 0.077188 hargrave 2020-02-05 07:17:49 
AFz100 236.3 -24.4 236.3 -24.4 3.95E-05 001.2 299.5 -41.6 0.058754 0.055127 0.072570 hargrave 2020-02-05 07:18:46 
AFz150 250.2 -29.5 250.2 -29.5 3.35E-05 001.5 301.6 -28.4 0.065466 0.055051 0.064697 hargrave 2020-02-05 07:19:42 
AFz200 255.2 -30.3 255.2 -30.3 3.07E-05 002.4 301.5 -23.9 0.112263 0.075647 0.062975 hargrave 2020-02-05 07:20:39 
AFz250 241.9 -27.3 241.9 -27.3 3.64E-05 001.5 301.1 -36.0 0.080721 0.067836 0.071063 hargrave 2020-02-05 07:21:35 
AFz300 273.4 -32.5 273.4 -32.5 2.88E-05 002.3 302.3 -08.3 0.084608 0.064389 0.058528 hargrave 2020-02-05 07:22:32 
AFz500 276.1 -31.9 276.1 -31.9 2.82E-05 002.7 301.7 -06.0 0.111215 0.078454 0.058151 hargrave 2020-02-05 07:23:28 
ARM    261.0 -31.2 261.0 -31.2 3.06E-05 001.9 301.6 -18.9 0.084076 0.068881 0.064018 hargrave 2020-02-05 07:24:28 
ARM    267.3 -31.7 267.3 -31.7 2.89E-05 002.6 301.6 -13.5 0.108972 0.070823 0.061658 hargrave 2020-02-05 07:25:27 
ARM    262.0 -32.1 262.0 -32.1 2.99E-05 002.5 302.5 -18.0 0.110572 0.077826 0.062844 hargrave 2020-02-05 07:26:26 
ARM    207.3 -13.0 207.3 -13.0 8.48E-05 000.9 300.0 -71.3 0.108249 0.038628 0.104105 hargrave 2020-02-05 07:27:26 
ARM    194.6 -05.7 194.6 -05.7 3.83E-04 000.3 293.6 -85.7 0.158209 0.131084 0.288420 hargrave 2020-02-05 07:28:25 
ARM  1 192.9 -04.7 192.9 -04.7 7.03E-04 000.3 287.1 -87.7 0.315232 0.252090 0.487885 hargrave 2020-02-05 07:29:25 
ARM  1 192.3 -04.2 192.3 -04.2 9.98E-04 000.4 278.1 -88.3 0.466801 0.377181 0.663397 hargrave 2020-02-05 07:30:25 
ARM  1 192.1 -04.1 192.1 -04.1 1.30E-03 000.4 273.4 -88.6 0.612216 0.539175 0.849727 hargrave 2020-02-05 07:31:24 
ARM  1 191.9 -03.9 191.9 -03.9 1.61E-03 000.4 265.4 -88.8 0.765241 0.660339 1.016851 hargrave 2020-02-05 07:32:24 
ARM  1 191.7 -03.8 191.7 -03.8 1.92E-03 000.4 261.2 -88.9 0.927378 0.789778 1.195035 hargrave 2020-02-05 07:33:23 
ARM  1 191.6 -03.7 191.6 -03.7 2.68E-03 000.4 250.5 -89.1 1.309745 1.115205 1.656978 hargrave 2020-02-05 07:34:22 
ARM  2 191.4 -03.6 191.4 -03.6 3.42E-03 000.4 244.2 -89.2 1.660669 1.436367 2.108179 hargrave 2020-02-05 07:35:22 
ARM  2 191.4 -03.6 191.4 -03.6 4.20E-03 000.4 239.2 -89.2 2.043170 1.769295 2.560842 hargrave 2020-02-05 07:36:21 
ARM  2 191.3 -03.6 191.3 -03.6 4.96E-03 000.4 235.1 -89.2 2.381213 2.126916 3.006157 hargrave 2020-02-05 07:37:21 
ARM  2 191.3 -03.5 191.3 -03.5 6.46E-03 000.4 229.9 -89.3 3.116094 2.707092 4.210421 hargrave 2020-02-05 07:38:20 
ARM  3 191.2 -03.5 191.2 -03.5 7.96E-03 000.4 226.2 -89.3 3.856129 3.369606 4.981348 hargrave 2020-02-05 07:39:20 
ARM  4 191.2 -03.5 191.2 -03.5 9.42E-03 000.4 223.5 -89.3 4.616674 4.030571 5.924209 hargrave 2020-02-05 07:40:19 
ARM  4 191.2 -03.5 191.2 -03.5 1.09E-02 000.4 221.9 -89.3 5.351169 4.681177 6.536102 hargrave 2020-02-05 07:41:19 
ARM  4 191.2 -03.5 191.2 -03.5 1.24E-02 000.4 220.4 -89.3 6.059342 5.320166 7.415640 hargrave 2020-02-05 07:42:18 
ARM  5 191.2 -03.4 191.2 -03.4 1.38E-02 000.4 219.4 -89.3 6.778700 5.960442 8.612732 hargrave 2020-02-05 07:43:17 
