AX1- 6b sun compass orientation
      0  80.5  90.0   0.0   0.0   1.0
NRM    081.6 -10.7 081.6 -10.7 1.94E-06 002.0 079.3 -01.1 0.006088 0.002931 0.002314 hargrave 2020-02-05 02:58:43 
AF  10 081.6 -09.1 081.6 -09.1 1.83E-06 001.9 080.9 -01.0 0.005769 0.002079 0.002142 hargrave 2020-02-05 03:00:06 
AF  20 081.6 -10.1 081.6 -10.1 1.75E-06 002.0 079.9 -01.1 0.005960 0.002037 0.002069 hargrave 2020-02-05 03:01:26 
AF  30 081.2 -10.5 081.2 -10.5 1.68E-06 002.1 079.5 -00.7 0.005833 0.002090 0.001880 hargrave 2020-02-05 03:02:45 
AF  40 079.4 -09.1 079.4 -09.1 1.60E-06 002.1 080.9  01.1 0.005752 0.002044 0.001870 hargrave 2020-02-05 03:04:05 
AF  50 080.3 -08.3 080.3 -08.3 1.55E-06 002.3 081.7  00.2 0.006120 0.002514 0.001799 hargrave 2020-02-05 03:05:25 
AF  60 082.8 -07.1 082.8 -07.1 1.46E-06 002.4 082.9 -02.3 0.005997 0.002447 0.001777 hargrave 2020-02-05 03:06:44 
AF  70 083.2 -08.0 083.2 -08.0 1.41E-06 002.5 082.0 -02.7 0.006183 0.003172 0.001608 hargrave 2020-02-05 03:08:05 
AF  80 079.7 -10.0 079.7 -10.0 1.48E-06 002.5 080.0  00.8 0.006139 0.002418 0.002186 hargrave 2020-02-05 03:09:25 
AF  90 082.0 -11.3 082.0 -11.3 1.33E-06 002.4 078.7 -01.5 0.005352 0.002346 0.001709 hargrave 2020-02-05 03:10:45 
AF 100 083.8 -05.9 083.8 -05.9 1.29E-06 002.5 084.1 -03.3 0.005574 0.002772 0.001810 hargrave 2020-02-05 03:12:05 
AF 120 066.8 -14.4 066.8 -14.4 1.21E-06 002.9 075.2  13.3 0.005855 0.002710 0.001645 hargrave 2020-02-05 03:13:25 
AF 140 047.4  00.6 047.4  00.6 8.90E-07 003.4 090.7  33.1 0.004987 0.003059 0.001039 hargrave 2020-02-05 03:14:45 
AF 160 042.1 -08.5 042.1 -08.5 1.08E-06 002.8 079.2  37.9 0.004836 0.002896 0.001293 hargrave 2020-02-05 03:16:05 
AF 180 039.8 -31.4 039.8 -31.4 9.52E-07 003.8 051.2  33.8 0.005692 0.003687 0.001303 hargrave 2020-02-05 03:17:24 
AF 200 079.7 -12.1 079.7 -12.1 9.71E-07 003.3 077.9  00.8 0.005451 0.002796 0.001291 hargrave 2020-02-05 03:18:44 
AF 250 127.8 -01.7 127.8 -01.7 1.40E-06 002.4 087.5 -47.2 0.005403 0.002996 0.001793 hargrave 2020-02-05 03:20:04 
AF 300 113.9  22.1 113.9  22.1 1.73E-06 001.9 115.9 -30.7 0.004434 0.005003 0.001943 hargrave 2020-02-05 03:21:25 
AF 350 146.1  10.2 146.1  10.2 3.62E-06 000.7 113.4 -63.7 0.003962 0.001139 0.001635 hargrave 2020-02-05 03:22:44 
AF 400 146.7  24.9 146.7  24.9 2.43E-06 000.9 139.0 -56.1 0.002991 0.002760 0.001317 hargrave 2020-02-05 03:24:04 
AF 450 161.9  00.1 161.9  00.1 2.78E-06 001.2 090.3 -81.4 0.003924 0.004502 0.001083 hargrave 2020-02-05 03:25:24 
AF 500 149.2 -21.1 149.2 -21.1 2.72E-06 001.4 043.2 -60.4 0.004762 0.004823 0.001856 hargrave 2020-02-05 03:26:44 
AF 550 161.1 -17.5 161.1 -17.5 4.19E-06 001.3 027.3 -70.2 0.006172 0.007176 0.001745 hargrave 2020-02-05 03:28:04 
AF 600 149.6 -43.5 149.6 -43.5 5.22E-06 001.4 020.6 -42.6 0.011256 0.009273 0.003812 hargrave 2020-02-05 03:29:23 
AF 650 163.0 -41.9 163.0 -41.9 7.21E-06 001.2 008.3 -47.6 0.011815 0.012464 0.004311 hargrave 2020-02-05 03:30:43 
AF 700 158.5 -46.5 158.5 -46.5 9.34E-06 001.1 011.2 -42.3 0.016493 0.014477 0.006315 hargrave 2020-02-05 03:32:03 
AF 750 160.5 -52.4 160.5 -52.4 1.14E-05 001.2 007.6 -36.9 0.019147 0.020448 0.008401 hargrave 2020-02-05 03:33:23 
AF 800 162.9 -57.3 162.9 -57.3 1.35E-05 000.9 004.9 -32.4 0.019294 0.019921 0.011471 hargrave 2020-02-05 03:34:44 
AF 850 169.0 -58.7 169.0 -58.7 1.69E-05 001.2 000.9 -31.3 0.027041 0.030988 0.013628 hargrave 2020-02-05 03:36:04 
AF 900 164.5 -59.1 164.5 -59.1 1.95E-05 001.1 003.6 -30.7 0.031675 0.033047 0.015825 hargrave 2020-02-05 03:37:25 
AF 950 168.7 -63.1 168.7 -63.1 2.19E-05 001.1 000.9 -26.9 0.039971 0.033289 0.018962 hargrave 2020-02-05 03:38:45 
AF1000 165.7 -62.9 165.7 -62.9 2.57E-05 001.4 002.4 -27.0 0.056799 0.045262 0.022172 hargrave 2020-02-05 03:40:05 
AF1050 168.7 -61.9 168.7 -61.9 2.85E-05 001.6 001.0 -28.1 0.077738 0.063296 0.024412 hargrave 2020-02-05 03:41:25 
AF1100 168.4 -62.2 168.4 -62.2 2.99E-05 001.5 001.1 -27.8 0.075427 0.063208 0.026038 hargrave 2020-02-05 03:42:46 
AF1150 166.9 -64.1 166.9 -64.1 3.40E-05 001.6 001.8 -25.9 0.078250 0.077102 0.029496 hargrave 2020-02-05 03:44:07 
AF1200 168.2 -64.9 168.2 -64.9 3.63E-05 001.3 001.1 -25.0 0.070565 0.067494 0.031891 hargrave 2020-02-05 03:45:28 
AF1250 166.6 -65.1 166.6 -65.1 3.97E-05 000.9 001.8 -24.8 0.058520 0.054621 0.035281 hargrave 2020-02-05 03:46:50 
AF1300 166.1 -64.4 166.1 -64.4 4.33E-05 000.8 002.1 -25.5 0.056648 0.056546 0.024742 hargrave 2020-02-05 03:48:12 
ARM    166.0 -64.4 166.0 -64.4 4.33E-05 000.8 002.1 -25.5 0.056776 0.056975 0.024789 hargrave 2020-02-05 03:49:12 
ARM    166.1 -64.4 166.1 -64.4 4.33E-05 000.8 002.1 -25.5 0.056900 0.057081 0.024502 hargrave 2020-02-05 03:50:12 
ARM    166.1 -64.4 166.1 -64.4 4.33E-05 000.8 002.1 -25.5 0.056996 0.057367 0.024640 hargrave 2020-02-05 03:51:11 
ARM    166.1 -64.4 166.1 -64.4 4.33E-05 000.8 002.1 -25.5 0.056981 0.057916 0.024558 hargrave 2020-02-05 03:52:09 
ARM    166.1 -64.3 166.1 -64.3 4.33E-05 000.8 002.1 -25.6 0.056905 0.057258 0.024656 hargrave 2020-02-05 03:53:08 
ARM    166.2 -64.3 166.2 -64.3 4.34E-05 000.8 002.1 -25.6 0.056624 0.057163 0.024643 hargrave 2020-02-05 03:54:07 
ARM    166.4 -64.2 166.4 -64.2 4.34E-05 000.7 002.0 -25.7 0.056672 0.047403 0.024798 hargrave 2020-02-05 03:55:06 
ARM    166.3 -64.2 166.3 -64.2 4.34E-05 000.8 002.0 -25.7 0.057066 0.058123 0.024950 hargrave 2020-02-05 03:56:04 
ARM    166.4 -63.8 166.4 -63.8 4.36E-05 000.8 002.0 -26.1 0.056560 0.057160 0.038325 hargrave 2020-02-05 03:57:03 
ARM    166.4 -63.8 166.4 -63.8 4.37E-05 000.8 002.0 -26.1 0.056298 0.057167 0.038134 hargrave 2020-02-05 03:58:02 
ARM    166.6 -63.9 166.6 -63.9 4.37E-05 000.8 001.9 -26.0 0.056141 0.056987 0.038261 hargrave 2020-02-05 03:59:01 
ARM    167.1 -64.5 167.1 -64.5 4.36E-05 000.8 001.6 -25.5 0.056510 0.057735 0.024860 hargrave 2020-02-05 04:00:00 
ARM    168.1 -64.7 168.1 -64.7 4.35E-05 000.7 001.1 -25.3 0.055914 0.048258 0.024771 hargrave 2020-02-05 04:01:00 
ARM    168.2 -65.2 168.2 -65.2 4.34E-05 000.9 001.1 -24.8 0.049327 0.064932 0.038466 hargrave 2020-02-05 04:01:59 
ARM    168.9 -65.6 168.9 -65.6 4.33E-05 000.9 000.7 -24.4 0.055828 0.057692 0.038553 hargrave 2020-02-05 04:02:58 
ARM    170.8 -67.3 170.8 -67.3 4.29E-05 001.3 359.9 -22.7 0.054729 0.089395 0.038739 hargrave 2020-02-05 04:03:57 
ARM    174.2 -68.1 174.2 -68.1 4.32E-05 000.9 358.5 -21.8 0.041412 0.056755 0.039317 hargrave 2020-02-05 04:04:56 
ARM    177.2 -62.4 177.2 -62.4 4.43E-05 000.8 356.5 -27.4 0.037671 0.055249 0.038806 hargrave 2020-02-05 04:05:55 
ARM    183.8 -68.9 183.8 -68.9 4.11E-05 000.8 354.9 -20.5 0.036510 0.046148 0.037832 hargrave 2020-02-05 04:06:54 
ARM    191.5 -69.0 191.5 -69.0 3.90E-05 001.1 352.2 -19.5 0.032873 0.064536 0.036138 hargrave 2020-02-05 04:07:53 
ARM    198.8 -69.3 198.8 -69.3 3.63E-05 001.0 349.9 -18.1 0.029871 0.057978 0.034244 hargrave 2020-02-05 04:08:52 
ARM    203.2 -66.4 203.2 -66.4 3.34E-05 001.0 346.7 -19.7 0.027001 0.048069 0.031544 hargrave 2020-02-05 04:09:52 
ARM    207.1 -63.6 207.1 -63.6 2.99E-05 001.2 343.5 -20.9 0.026132 0.055942 0.029178 hargrave 2020-02-05 04:10:51 
ARM    216.4 -60.1 216.4 -60.1 2.69E-05 001.5 337.5 -20.3 0.027861 0.070589 0.026723 hargrave 2020-02-05 04:11:50 
ARM    219.7 -53.5 219.7 -53.5 2.40E-05 000.9 330.8 -22.9 0.051696 0.041956 0.023625 hargrave 2020-02-05 04:12:50 
ARM    230.2 -45.4 230.2 -45.4 2.07E-05 000.9 319.6 -20.7 0.015301 0.045405 0.020101 hargrave 2020-02-05 04:13:49 
ARM    228.3 -30.3 228.3 -30.3 1.82E-05 000.9 304.6 -27.4 0.006698 0.035394 0.016683 hargrave 2020-02-05 04:14:48 
ARM    231.4 -15.3 231.4 -15.3 1.76E-05 000.8 287.4 -28.0 0.009885 0.027726 0.016083 hargrave 2020-02-05 04:15:47 
ARM    231.0 -00.9 231.0 -00.9 1.75E-05 000.9 271.0 -29.5 0.021145 0.021064 0.014169 hargrave 2020-02-05 04:16:46 
ARM    218.9  11.8 218.9  11.8 2.14E-05 001.1 254.4 -40.5 0.037236 0.017693 0.014324 hargrave 2020-02-05 04:17:45 
ARM    223.8  23.7 223.8  23.7 2.34E-05 001.8 241.3 -33.2 0.060260 0.044783 0.015669 hargrave 2020-02-05 04:18:44 
ARM    230.2  33.6 230.2  33.6 2.38E-05 001.9 232.4 -24.9 0.066366 0.043447 0.017051 hargrave 2020-02-05 04:19:43 
ARM    228.6  39.5 228.6  39.5 2.74E-05 001.3 225.9 -24.0 0.061803 0.033107 0.019584 hargrave 2020-02-05 04:20:42 
ARM    245.6  47.1 245.6  47.1 2.93E-05 000.9 221.9 -10.1 0.051190 0.053203 0.022295 hargrave 2020-02-05 04:21:41 
ARM    248.0  49.5 248.0  49.5 3.23E-05 001.2 219.8 -08.1 0.060920 0.062825 0.025214 hargrave 2020-02-05 04:22:41 
ARM    250.1  54.0 250.1  54.0 3.54E-05 000.9 215.6 -06.1 0.057745 0.033399 0.027734 hargrave 2020-02-05 04:23:40 
ARM    249.2  55.3 249.2  55.3 3.80E-05 000.9 214.1 -06.4 0.057342 0.035807 0.030609 hargrave 2020-02-05 04:24:39 
AFz 10 249.2  55.3 249.2  55.3 3.80E-05 001.0 214.1 -06.4 0.057435 0.039413 0.030455 hargrave 2020-02-05 04:25:35 
AFz 20 249.2  55.3 249.2  55.3 3.80E-05 001.0 214.1 -06.4 0.057452 0.039117 0.030399 hargrave 2020-02-05 04:26:31 
AFz 30 249.2  55.4 249.2  55.4 3.80E-05 000.9 214.1 -06.4 0.061239 0.034980 0.030686 hargrave 2020-02-05 04:27:26 
AFz 40 249.2  55.4 249.2  55.4 3.80E-05 000.9 214.1 -06.4 0.057148 0.034874 0.030611 hargrave 2020-02-05 04:28:22 
AFz 50 249.2  55.4 249.2  55.4 3.80E-05 000.9 214.1 -06.4 0.060920 0.035413 0.030752 hargrave 2020-02-05 04:29:18 
AFz 60 249.2  55.4 249.2  55.4 3.80E-05 001.0 214.1 -06.4 0.057504 0.039675 0.030439 hargrave 2020-02-05 04:30:14 
AFz 70 249.2  55.4 249.2  55.4 3.80E-05 001.0 214.1 -06.4 0.057635 0.039916 0.030664 hargrave 2020-02-05 04:31:10 
AFz 80 248.9  55.4 248.9  55.4 3.81E-05 000.9 214.0 -06.5 0.060935 0.035554 0.030823 hargrave 2020-02-05 04:32:05 
AFz 90 248.9  55.4 248.9  55.4 3.81E-05 000.9 214.0 -06.5 0.061256 0.035200 0.030880 hargrave 2020-02-05 04:33:01 
AFz100 248.9  55.4 248.9  55.4 3.81E-05 000.9 214.0 -06.5 0.057886 0.036011 0.030524 hargrave 2020-02-05 04:33:57 
AFz120 248.9  55.4 248.9  55.4 3.81E-05 000.9 214.0 -06.6 0.058367 0.035863 0.030553 hargrave 2020-02-05 04:34:53 
AFz140 249.1  55.4 249.1  55.4 3.80E-05 000.9 214.1 -06.4 0.059351 0.040369 0.030822 hargrave 2020-02-05 04:35:49 
AFz160 249.2  55.4 249.2  55.4 3.81E-05 000.9 214.1 -06.4 0.057712 0.034024 0.030637 hargrave 2020-02-05 04:36:46 
AFz180 249.3  55.4 249.3  55.4 3.81E-05 000.9 214.1 -06.3 0.058129 0.035122 0.030710 hargrave 2020-02-05 04:37:42 
AFz200 249.3  55.3 249.3  55.3 3.79E-05 000.9 214.2 -06.3 0.057818 0.035379 0.030273 hargrave 2020-02-05 04:38:38 
AFz250 248.8  55.5 248.8  55.5 3.79E-05 000.9 213.9 -06.6 0.057814 0.035947 0.030581 hargrave 2020-02-05 04:39:34 
AFz300 249.5  55.6 249.5  55.6 3.79E-05 000.9 213.9 -06.2 0.058044 0.035835 0.030486 hargrave 2020-02-05 04:40:30 
AFz350 249.6  55.6 249.6  55.6 3.77E-05 000.9 213.9 -06.1 0.057359 0.035858 0.030407 hargrave 2020-02-05 04:41:26 
AFz400 250.9  55.0 250.9  55.0 3.77E-05 000.9 214.6 -05.5 0.058012 0.034720 0.030580 hargrave 2020-02-05 04:42:22 
AFz450 249.6  55.5 249.6  55.5 3.78E-05 000.9 214.0 -06.2 0.058114 0.035697 0.029939 hargrave 2020-02-05 04:43:18 
AFz500 252.4  55.8 252.4  55.8 3.78E-05 000.9 214.0 -04.6 0.061723 0.035402 0.030381 hargrave 2020-02-05 04:44:14 
AFz550 250.7  55.2 250.7  55.2 3.77E-05 000.9 214.4 -05.6 0.057673 0.034644 0.030259 hargrave 2020-02-05 04:45:10 
AFz600 250.6  55.4 250.6  55.4 3.76E-05 000.9 214.2 -05.6 0.057802 0.035668 0.030205 hargrave 2020-02-05 04:46:06 
AFz650 250.7  55.0 250.7  55.0 3.75E-05 000.9 214.6 -05.6 0.057778 0.034604 0.030259 hargrave 2020-02-05 04:47:02 
AFz700 251.1  55.6 251.1  55.6 3.78E-05 001.0 214.0 -05.3 0.058667 0.039637 0.030602 hargrave 2020-02-05 04:47:59 
AFz750 251.9  54.9 251.9  54.9 3.78E-05 000.9 214.8 -04.9 0.062100 0.035469 0.030190 hargrave 2020-02-05 04:48:55 
AFz800 251.0  55.0 251.0  55.0 3.79E-05 000.9 214.6 -05.5 0.058723 0.035508 0.030125 hargrave 2020-02-05 04:49:51 
AFz850 247.0  54.7 247.0  54.7 3.82E-05 000.9 214.5 -07.8 0.058878 0.036328 0.030332 hargrave 2020-02-05 04:50:47 
AFz900 245.3  54.8 245.3  54.8 3.81E-05 000.9 214.2 -08.7 0.058195 0.035880 0.029459 hargrave 2020-02-05 04:51:44 
AFz950 251.0  54.9 251.0  54.9 3.82E-05 000.9 214.7 -05.5 0.058831 0.036565 0.030623 hargrave 2020-02-05 04:52:40 
AFz000 244.4  54.9 244.4  54.9 3.81E-05 000.9 214.1 -09.2 0.058176 0.036834 0.029690 hargrave 2020-02-05 04:53:36 
AFz050 244.3  54.6 244.3  54.6 3.84E-05 000.9 214.3 -09.3 0.061086 0.036413 0.029801 hargrave 2020-02-05 04:54:32 
AFz100 248.5  55.5 248.5  55.5 3.87E-05 001.0 213.9 -06.8 0.062486 0.041254 0.030711 hargrave 2020-02-05 04:55:29 
AFz150 236.1  54.5 236.1  54.5 3.92E-05 000.9 213.0 -13.9 0.057983 0.038796 0.029761 hargrave 2020-02-05 04:56:25 
AFz200 247.8  55.6 247.8  55.6 3.83E-05 001.0 213.7 -07.2 0.062220 0.040348 0.030139 hargrave 2020-02-05 04:57:21 
AFz250 236.5  54.4 236.5  54.4 3.97E-05 001.0 213.2 -13.7 0.059530 0.042919 0.030228 hargrave 2020-02-05 04:58:17 
AFz300 250.0  56.9 250.0  56.9 3.96E-05 000.9 212.7 -05.7 0.060047 0.040317 0.031275 hargrave 2020-02-05 04:59:14 
AFz500 252.0  56.3 252.0  56.3 3.96E-05 000.9 213.4 -04.7 0.061479 0.045526 0.031421 hargrave 2020-02-05 05:00:11 
ARM    248.5  56.5 248.5  56.5 3.92E-05 000.9 212.9 -06.6 0.059091 0.037558 0.031249 hargrave 2020-02-05 05:01:10 
ARM    242.7  55.3 242.7  55.3 3.98E-05 001.0 213.4 -10.0 0.062590 0.042600 0.031368 hargrave 2020-02-05 05:02:09 
ARM    248.4  55.9 248.4  55.9 3.92E-05 000.9 213.5 -06.7 0.060413 0.038909 0.030969 hargrave 2020-02-05 05:03:08 
ARM    206.0  41.9 206.0  41.9 5.04E-05 000.8 212.9 -37.3 0.062633 0.042302 0.037970 hargrave 2020-02-05 05:04:07 
ARM    179.5  14.3 179.5  14.3 1.51E-04 000.5 211.6 -73.2 0.091159 0.086286 0.075670 hargrave 2020-02-05 05:05:06 
ARM  1 175.5  08.6 175.5  08.6 2.74E-04 000.3 210.2 -80.1 0.087521 0.112683 0.123282 hargrave 2020-02-05 05:06:06 
ARM  1 174.2  06.7 174.2  06.7 3.88E-04 000.2 208.9 -82.4 0.112172 0.114582 0.162938 hargrave 2020-02-05 05:07:05 
ARM  1 173.5  05.5 173.5  05.5 5.09E-04 000.3 208.4 -83.8 0.143850 0.180833 0.209667 hargrave 2020-02-05 05:08:04 
ARM  1 173.0  04.9 173.0  04.9 6.24E-04 000.3 206.8 -84.5 0.182485 0.212963 0.252070 hargrave 2020-02-05 05:09:03 
ARM  1 172.7  04.4 172.7  04.4 7.50E-04 000.3 206.3 -85.1 0.232165 0.258281 0.299047 hargrave 2020-02-05 05:10:03 
ARM  1 172.2  03.7 172.2  03.7 1.04E-03 000.3 204.7 -85.9 0.345142 0.370482 0.407922 hargrave 2020-02-05 05:11:02 
ARM  2 171.9  03.3 171.9  03.3 1.34E-03 000.3 203.6 -86.4 0.442777 0.457888 0.517724 hargrave 2020-02-05 05:12:01 
ARM  2 171.8  03.0 171.8  03.0 1.63E-03 000.3 202.4 -86.7 0.558126 0.580907 0.616222 hargrave 2020-02-05 05:13:01 
ARM  2 171.6  02.9 171.6  02.9 1.93E-03 000.3 201.8 -86.9 0.659674 0.678366 0.744006 hargrave 2020-02-05 05:14:00 
ARM  2 171.5  02.7 171.5  02.7 2.50E-03 000.3 200.8 -87.2 0.880530 0.915762 0.791900 hargrave 2020-02-05 05:14:59 
ARM  3 171.4  02.5 171.4  02.5 3.08E-03 000.3 200.2 -87.3 1.079233 1.131274 1.189805 hargrave 2020-02-05 05:15:58 
ARM  4 171.4  02.4 171.4  02.4 3.65E-03 000.3 199.7 -87.4 1.282353 1.314818 1.403457 hargrave 2020-02-05 05:16:58 
ARM  4 171.3  02.4 171.3  02.4 4.20E-03 000.3 198.6 -87.5 1.481670 1.456518 1.573335 hargrave 2020-02-05 05:17:57 
ARM  4 171.3  02.3 171.3  02.3 4.77E-03 000.3 198.7 -87.6 1.682013 1.752137 1.795160 hargrave 2020-02-05 05:18:56 
ARM  5 171.3  02.3 171.3  02.3 5.31E-03 000.3 198.4 -87.6 1.875069 1.942106 2.070142 hargrave 2020-02-05 05:19:56 
