AX1- 5b sun compass orientation
      0  97.5  81.0   0.0   0.0   1.0
NRM    097.2 -38.9 097.2 -38.9 3.42E-06 006.3 051.4 -05.4 0.041524 0.031843 0.003361 hargrave 2020-02-05 00:35:23 
AF  10 098.8 -38.7 098.8 -38.7 3.14E-06 002.3 051.7 -06.6 0.013068 0.005764 0.003639 hargrave 2020-02-05 00:36:42 
AF  20 101.1 -37.0 101.1 -37.0 3.00E-06 002.4 053.6 -08.2 0.013632 0.006186 0.003374 hargrave 2020-02-05 00:38:03 
AF  30 100.3 -37.2 100.3 -37.2 2.98E-06 002.4 053.4 -07.7 0.013136 0.005462 0.003242 hargrave 2020-02-05 00:39:23 
AF  40 100.2 -36.2 100.2 -36.2 2.80E-06 002.5 054.4 -07.4 0.012453 0.004839 0.003396 hargrave 2020-02-05 00:40:43 
AF  50 101.8 -36.0 101.8 -36.0 2.84E-06 002.4 054.7 -08.8 0.012423 0.005056 0.003180 hargrave 2020-02-05 00:42:03 
AF  60 097.3 -33.8 097.3 -33.8 2.65E-06 002.6 056.5 -04.9 0.012521 0.005269 0.003170 hargrave 2020-02-05 00:43:23 
AF  70 103.5 -30.2 103.5 -30.2 2.69E-06 002.3 060.6 -09.6 0.011052 0.004935 0.003415 hargrave 2020-02-05 00:44:47 
AF  80 106.1 -31.5 106.1 -31.5 2.39E-06 002.7 059.5 -12.0 0.011426 0.005175 0.003291 hargrave 2020-02-05 00:46:08 
AF  90 108.9 -33.0 108.9 -33.0 2.32E-06 002.7 058.1 -14.4 0.011252 0.004867 0.003242 hargrave 2020-02-05 00:47:28 
AF 100 108.8 -33.2 108.8 -33.2 2.06E-06 002.9 057.9 -14.4 0.010594 0.005296 0.003264 hargrave 2020-02-05 00:48:48 
AF 120 112.7 -43.0 112.7 -43.0 1.88E-06 003.2 047.6 -17.2 0.010858 0.005700 0.002994 hargrave 2020-02-05 00:50:08 
AF 140 131.2 -36.2 131.2 -36.2 1.98E-06 003.0 052.5 -32.3 0.010534 0.005079 0.003001 hargrave 2020-02-05 00:51:29 
AF 160 109.3 -29.3 109.3 -29.3 1.96E-06 003.3 061.9 -14.7 0.011428 0.005198 0.003023 hargrave 2020-02-05 00:52:50 
AF 180 124.7 -32.5 124.7 -32.5 2.26E-06 003.0 057.9 -27.7 0.011693 0.005538 0.002955 hargrave 2020-02-05 00:54:10 
AF 200 152.1 -26.3 152.1 -26.3 2.99E-06 002.4 058.2 -52.3 0.011747 0.005904 0.003030 hargrave 2020-02-05 00:55:30 
AF 250 154.3 -36.9 154.3 -36.9 2.93E-06 002.4 041.9 -49.0 0.011642 0.006162 0.003158 hargrave 2020-02-05 00:56:50 
AF 300 185.9 -30.6 185.9 -30.6 3.30E-06 002.6 003.8 -68.4 0.011764 0.009158 0.004009 hargrave 2020-02-05 00:58:10 
AF 350 170.3 -36.0 170.3 -36.0 4.90E-06 001.7 027.6 -58.8 0.013097 0.008087 0.005111 hargrave 2020-02-05 00:59:30 
AF 400 180.3 -36.4 180.3 -36.4 6.49E-06 001.6 012.3 -61.8 0.015528 0.011303 0.006887 hargrave 2020-02-05 01:00:51 
AF 450 176.4 -46.9 176.4 -46.9 6.43E-06 001.6 012.0 -50.9 0.016234 0.010724 0.007536 hargrave 2020-02-05 01:02:11 
AF 500 187.5 -51.5 187.5 -51.5 6.25E-06 001.7 360.0 -47.5 0.015951 0.013982 0.008438 hargrave 2020-02-05 01:03:31 
AF 550 052.6 -77.7 052.6 -77.7 4.51E-06 002.1 008.7 -00.3 0.016712 0.013595 0.007391 hargrave 2020-02-05 01:04:53 
AF 600 196.9 -77.5 196.9 -77.5 5.13E-06 001.9 357.8 -21.3 0.016616 0.015320 0.008717 hargrave 2020-02-05 01:06:13 
AF 650 188.2 -70.6 188.2 -70.6 6.96E-06 001.7 359.7 -28.4 0.019058 0.017766 0.011128 hargrave 2020-02-05 01:07:33 
AF 700 240.5 -68.3 240.5 -68.3 5.83E-06 001.7 341.5 -21.4 0.014994 0.018363 0.009804 hargrave 2020-02-05 01:08:53 
AF 750 195.8 -86.5 195.8 -86.5 6.01E-06 001.9 359.5 -12.4 0.018062 0.017257 0.011642 hargrave 2020-02-05 01:10:14 
AF 800 212.4 -79.6 212.4 -79.6 6.61E-06 001.7 355.4 -18.4 0.019313 0.018491 0.012356 hargrave 2020-02-05 01:11:34 
AF 850 214.3 -62.8 214.3 -62.8 8.81E-06 001.4 345.8 -32.8 0.016602 0.021410 0.016205 hargrave 2020-02-05 01:12:54 
AF 900 268.0 -73.3 268.0 -73.3 8.10E-06 001.6 343.2 -11.3 0.019965 0.023516 0.015356 hargrave 2020-02-05 01:14:15 
AF 950 288.4 -74.7 288.4 -74.7 8.49E-06 001.7 344.9 -05.8 0.021025 0.024914 0.016620 hargrave 2020-02-05 01:15:35 
AF1000 294.6 -77.1 294.6 -77.1 7.47E-06 002.0 347.7 -05.0 0.021437 0.024580 0.016389 hargrave 2020-02-05 01:16:56 
AF1050 291.1 -68.5 291.1 -68.5 7.84E-06 001.9 339.1 -03.5 0.020238 0.026267 0.017179 hargrave 2020-02-05 01:18:17 
AF1100 305.0 -73.7 305.0 -73.7 8.37E-06 002.1 345.6 -01.3 0.022717 0.029202 0.018294 hargrave 2020-02-05 01:19:38 
AF1150 348.6 -80.6 348.6 -80.6 8.40E-06 002.1 357.0 -00.1 0.025768 0.026637 0.017723 hargrave 2020-02-05 01:20:59 
AF1200 340.8 -76.3 340.8 -76.3 8.89E-06 002.3 353.9  03.2 0.027590 0.029990 0.019906 hargrave 2020-02-05 01:22:21 
AF1250 280.5 -82.4 280.5 -82.4 9.46E-06 002.1 352.3 -08.5 0.028295 0.031453 0.021121 hargrave 2020-02-05 01:23:44 
AF1300 149.8 -84.8 149.8 -84.8 1.07E-05 001.9 003.3 -13.1 0.032180 0.030617 0.022692 hargrave 2020-02-05 01:25:06 
ARM    149.3 -84.8 149.3 -84.8 1.07E-05 001.9 003.3 -13.1 0.031598 0.030342 0.023044 hargrave 2020-02-05 01:26:07 
ARM    149.0 -84.8 149.0 -84.8 1.06E-05 001.9 003.3 -13.1 0.031637 0.030332 0.023177 hargrave 2020-02-05 01:27:07 
ARM    149.2 -84.7 149.2 -84.7 1.07E-05 001.9 003.4 -13.2 0.031996 0.030742 0.022946 hargrave 2020-02-05 01:28:06 
ARM    150.0 -84.6 150.0 -84.6 1.06E-05 001.9 003.4 -13.3 0.031914 0.030376 0.023081 hargrave 2020-02-05 01:29:05 
ARM    151.9 -84.1 151.9 -84.1 1.06E-05 001.9 003.6 -13.8 0.031765 0.030477 0.022690 hargrave 2020-02-05 01:30:04 
ARM    151.5 -84.3 151.5 -84.3 1.06E-05 001.9 003.5 -13.6 0.031605 0.030629 0.022900 hargrave 2020-02-05 01:31:03 
ARM    154.0 -83.7 154.0 -83.7 1.06E-05 001.9 003.6 -14.3 0.032199 0.031014 0.022787 hargrave 2020-02-05 01:32:03 
ARM    154.5 -83.2 154.5 -83.2 1.06E-05 001.9 003.8 -14.7 0.031772 0.030301 0.022870 hargrave 2020-02-05 01:33:03 
ARM    154.9 -83.4 154.9 -83.4 1.06E-05 001.9 003.7 -14.5 0.031688 0.030056 0.022894 hargrave 2020-02-05 01:34:02 
ARM    159.1 -81.8 159.1 -81.8 1.05E-05 001.9 004.1 -16.2 0.031973 0.030472 0.022862 hargrave 2020-02-05 01:35:01 
ARM    158.3 -81.8 158.3 -81.8 1.04E-05 001.9 004.2 -16.2 0.031476 0.029940 0.022584 hargrave 2020-02-05 01:36:01 
ARM    164.0 -80.6 164.0 -80.6 1.02E-05 001.9 003.9 -17.6 0.031237 0.029779 0.022214 hargrave 2020-02-05 01:37:00 
ARM    160.3 -79.5 160.3 -79.5 9.88E-06 001.9 005.1 -18.3 0.030283 0.028506 0.022087 hargrave 2020-02-05 01:37:59 
ARM    162.2 -77.9 162.2 -77.9 9.57E-06 001.9 005.5 -19.9 0.029141 0.028141 0.021445 hargrave 2020-02-05 01:38:59 
ARM    159.4 -78.1 159.4 -78.1 9.08E-06 002.0 005.9 -19.5 0.029303 0.028212 0.020945 hargrave 2020-02-05 01:39:58 
ARM    172.5 -68.6 172.5 -68.6 8.15E-06 002.0 006.3 -29.6 0.026091 0.026680 0.019771 hargrave 2020-02-05 01:40:57 
ARM    174.0 -62.5 174.0 -62.5 7.10E-06 002.0 007.6 -35.6 0.021982 0.023493 0.018106 hargrave 2020-02-05 01:41:57 
ARM    186.1 -50.6 186.1 -50.6 5.90E-06 002.0 001.3 -48.4 0.016609 0.020739 0.015832 hargrave 2020-02-05 01:42:56 
ARM    181.9 -43.4 181.9 -43.4 4.70E-06 002.5 007.2 -55.3 0.014786 0.019802 0.013763 hargrave 2020-02-05 01:43:57 
ARM    173.8 -22.7 173.8 -22.7 6.63E-06 001.7 042.2 -71.0 0.012792 0.018382 0.012553 hargrave 2020-02-05 01:44:57 
ARM    184.2 -10.2 184.2 -10.2 1.49E-05 000.5 069.8 -86.6 0.005836 0.012821 0.012033 hargrave 2020-02-05 01:45:56 
ARM    185.4 -04.5 185.4 -04.5 1.57E-05 000.5 155.4 -85.0 0.005121 0.012025 0.009179 hargrave 2020-02-05 01:46:56 
ARM    186.4 -03.6 186.4 -03.6 2.07E-05 000.3 168.6 -84.5 0.005856 0.008359 0.008320 hargrave 2020-02-05 01:47:55 
ARM    188.4 -02.7 188.4 -02.7 2.07E-05 000.3 188.4 -83.6 0.008281 0.007003 0.006543 hargrave 2020-02-05 01:48:55 
ARM    192.5  03.0 192.5  03.0 1.86E-05 000.4 203.0 -77.0 0.012536 0.008019 0.004182 hargrave 2020-02-05 01:49:54 
ARM    192.5  01.9 192.5  01.9 2.39E-05 000.5 204.9 -78.0 0.016944 0.011549 0.004509 hargrave 2020-02-05 01:50:54 
ARM    194.7  05.0 194.7  05.0 2.52E-05 000.6 207.5 -74.3 0.023667 0.014150 0.005305 hargrave 2020-02-05 01:51:53 
ARM    194.0  02.4 194.0  02.4 3.16E-05 000.6 209.9 -76.9 0.026294 0.019090 0.007614 hargrave 2020-02-05 01:52:53 
ARM    199.0  07.2 199.0  07.2 2.76E-05 000.8 215.6 -70.2 0.031482 0.021011 0.008181 hargrave 2020-02-05 01:53:52 
ARM    197.8  07.0 197.8  07.0 3.21E-05 000.8 213.0 -71.0 0.036093 0.025822 0.009504 hargrave 2020-02-05 01:54:52 
ARM    202.3  12.4 202.3  12.4 2.58E-05 001.0 214.7 -64.0 0.037978 0.027834 0.010997 hargrave 2020-02-05 01:55:52 
ARM    202.9  09.5 202.9  09.5 2.84E-05 001.0 220.0 -65.9 0.039442 0.031105 0.012690 hargrave 2020-02-05 01:56:51 
ARM    216.8  25.0 216.8  25.0 2.12E-05 001.4 219.3 -45.6 0.043695 0.029980 0.015832 hargrave 2020-02-05 01:57:51 
ARM    220.5  22.5 220.5  22.5 2.06E-05 001.5 225.2 -44.8 0.042570 0.035437 0.016821 hargrave 2020-02-05 01:58:50 
ARM    214.5  17.6 214.5  17.6 2.45E-05 001.4 225.1 -52.3 0.046484 0.036537 0.017951 hargrave 2020-02-05 01:59:50 
ARM    217.9  20.2 217.9  20.2 2.53E-05 001.4 225.5 -48.2 0.049136 0.037272 0.019413 hargrave 2020-02-05 02:00:49 
ARM    221.4  19.0 221.4  19.0 2.65E-05 001.5 229.9 -46.5 0.054464 0.047257 0.022956 hargrave 2020-02-05 02:01:49 
AFz 10 221.4  19.0 221.4  19.0 2.65E-05 001.5 229.9 -46.4 0.054527 0.047435 0.023093 hargrave 2020-02-05 02:02:45 
AFz 20 221.4  19.0 221.4  19.0 2.65E-05 001.5 229.9 -46.4 0.054957 0.047482 0.023383 hargrave 2020-02-05 02:03:42 
AFz 30 221.4  18.9 221.4  18.9 2.65E-05 001.5 230.0 -46.4 0.055036 0.047926 0.023138 hargrave 2020-02-05 02:04:38 
AFz 40 221.4  18.9 221.4  18.9 2.65E-05 001.5 230.0 -46.4 0.054464 0.047367 0.023146 hargrave 2020-02-05 02:05:34 
AFz 50 221.3  18.9 221.3  18.9 2.65E-05 001.5 229.9 -46.5 0.054941 0.042154 0.023119 hargrave 2020-02-05 02:06:31 
AFz 60 221.4  19.0 221.4  19.0 2.65E-05 001.5 229.9 -46.4 0.053747 0.047955 0.023265 hargrave 2020-02-05 02:07:28 
AFz 70 221.3  18.9 221.3  18.9 2.65E-05 001.5 229.9 -46.5 0.054718 0.047741 0.022561 hargrave 2020-02-05 02:08:25 
AFz 80 221.4  19.0 221.4  19.0 2.65E-05 001.5 229.9 -46.4 0.054907 0.047635 0.023090 hargrave 2020-02-05 02:09:22 
AFz 90 221.2  18.9 221.2  18.9 2.66E-05 001.5 229.8 -46.6 0.054391 0.047377 0.022843 hargrave 2020-02-05 02:10:18 
AFz100 221.2  18.9 221.2  18.9 2.65E-05 001.5 229.8 -46.6 0.054667 0.047696 0.023272 hargrave 2020-02-05 02:11:14 
AFz120 221.3  18.8 221.3  18.8 2.67E-05 001.5 230.1 -46.6 0.055553 0.048131 0.023164 hargrave 2020-02-05 02:12:11 
AFz140 221.3  18.6 221.3  18.6 2.66E-05 001.5 230.2 -46.7 0.054437 0.047382 0.022965 hargrave 2020-02-05 02:13:07 
AFz160 222.0  19.2 222.0  19.2 2.62E-05 001.5 230.2 -45.8 0.053787 0.046771 0.022362 hargrave 2020-02-05 02:14:04 
AFz180 221.8  18.7 221.8  18.7 2.66E-05 001.5 230.5 -46.3 0.054718 0.048077 0.023771 hargrave 2020-02-05 02:15:00 
AFz200 222.2  19.4 222.2  19.4 2.63E-05 001.5 230.1 -45.6 0.055069 0.047488 0.022799 hargrave 2020-02-05 02:15:57 
AFz250 221.1  19.1 221.1  19.1 2.66E-05 001.5 229.6 -46.6 0.054747 0.046885 0.023054 hargrave 2020-02-05 02:16:53 
AFz300 221.4  19.4 221.4  19.4 2.66E-05 001.5 229.4 -46.2 0.054462 0.047100 0.022896 hargrave 2020-02-05 02:17:50 
AFz350 220.7  18.4 220.7  18.4 2.65E-05 001.5 229.9 -47.3 0.054024 0.047225 0.023462 hargrave 2020-02-05 02:18:46 
AFz400 221.0  19.4 221.0  19.4 2.57E-05 001.4 229.1 -46.5 0.043025 0.050136 0.022018 hargrave 2020-02-05 02:19:44 
AFz450 221.1  20.7 221.1  20.7 2.60E-05 001.5 227.7 -45.6 0.054393 0.045556 0.022629 hargrave 2020-02-05 02:20:40 
AFz500 209.8  12.2 209.8  12.2 3.58E-05 001.3 226.7 -59.3 0.058872 0.050349 0.023154 hargrave 2020-02-05 02:21:37 
AFz550 212.1  14.0 212.1  14.0 3.24E-05 001.3 227.0 -56.5 0.055777 0.048292 0.022166 hargrave 2020-02-05 02:22:33 
AFz600 214.5  16.9 214.5  16.9 2.95E-05 001.4 226.0 -52.8 0.054745 0.045048 0.021929 hargrave 2020-02-05 02:23:30 
AFz650 215.5  17.4 215.5  17.4 2.89E-05 001.4 226.4 -51.8 0.055085 0.045545 0.021992 hargrave 2020-02-05 02:24:26 
AFz700 219.6  19.3 219.6  19.3 2.67E-05 001.5 228.0 -47.6 0.054039 0.046571 0.022949 hargrave 2020-02-05 02:25:22 
AFz750 209.8  10.3 209.8  10.3 3.53E-05 001.2 229.5 -60.6 0.055409 0.049253 0.022287 hargrave 2020-02-05 02:26:19 
AFz800 220.7  18.7 220.7  18.7 2.57E-05 001.4 229.7 -47.1 0.052465 0.046662 0.018023 hargrave 2020-02-05 02:27:16 
AFz850 214.9  13.5 214.9  13.5 3.07E-05 001.3 230.7 -54.7 0.054622 0.046666 0.022309 hargrave 2020-02-05 02:28:12 
AFz900 212.8  12.8 212.8  12.8 3.44E-05 001.3 229.4 -56.7 0.058685 0.049681 0.023691 hargrave 2020-02-05 02:29:09 
AFz950 212.2  13.6 212.2  13.6 3.27E-05 001.3 227.6 -56.6 0.056642 0.048444 0.022941 hargrave 2020-02-05 02:30:06 
AFz000 222.2  21.1 222.2  21.1 2.45E-05 001.6 228.1 -44.5 0.051500 0.045342 0.021851 hargrave 2020-02-05 02:31:02 
AFz050 221.5  22.0 221.5  22.0 2.54E-05 001.4 226.6 -44.5 0.052942 0.038670 0.022115 hargrave 2020-02-05 02:31:59 
AFz100 224.7  24.0 224.7  24.0 2.29E-05 001.6 227.0 -41.0 0.050203 0.045189 0.021128 hargrave 2020-02-05 02:32:55 
AFz150 217.9  21.1 217.9  21.1 2.69E-05 001.5 224.4 -47.6 0.054539 0.044946 0.022706 hargrave 2020-02-05 02:33:51 
AFz200 224.1  21.3 224.1  21.3 2.46E-05 001.6 229.4 -43.0 0.053023 0.045253 0.023347 hargrave 2020-02-05 02:34:48 
AFz250 209.5  13.4 209.5  13.4 3.38E-05 001.2 224.5 -58.7 0.055268 0.042690 0.022393 hargrave 2020-02-05 02:35:44 
AFz300 218.5  19.1 218.5  19.1 2.76E-05 001.5 227.3 -48.5 0.053998 0.049076 0.022096 hargrave 2020-02-05 02:36:41 
AFz500 216.8  20.2 216.8  20.2 2.76E-05 001.5 224.4 -48.9 0.055703 0.047249 0.022930 hargrave 2020-02-05 02:37:37 
ARM    218.9  22.2 218.9  22.2 2.75E-05 001.5 224.2 -46.2 0.056662 0.046503 0.023082 hargrave 2020-02-05 02:38:36 
ARM    218.0  18.0 218.0  18.0 2.82E-05 001.5 228.1 -49.5 0.055867 0.049753 0.023165 hargrave 2020-02-05 02:39:36 
ARM    215.4  18.5 215.4  18.5 2.95E-05 001.4 225.0 -51.1 0.055899 0.046639 0.022410 hargrave 2020-02-05 02:40:35 
ARM    199.3  03.8 199.3  03.8 6.25E-05 000.8 223.1 -72.6 0.067981 0.057457 0.032976 hargrave 2020-02-05 02:41:34 
ARM    189.9 -06.0 189.9 -06.0 2.49E-04 000.4 218.7 -86.2 0.125190 0.113945 0.094510 hargrave 2020-02-05 02:42:33 
ARM  1 188.6 -07.4 188.6 -07.4 4.57E-04 000.3 213.4 -88.0 0.190901 0.177684 0.165461 hargrave 2020-02-05 02:43:32 
ARM  1 188.1 -07.8 188.1 -07.8 6.51E-04 000.3 204.7 -88.6 0.256175 0.233988 0.234102 hargrave 2020-02-05 02:44:32 
ARM  1 187.8 -08.1 187.8 -08.1 8.48E-04 000.3 197.6 -89.0 0.323566 0.299259 0.298191 hargrave 2020-02-05 02:45:31 
ARM  1 187.7 -08.2 187.7 -08.2 1.04E-03 000.3 191.0 -89.2 0.388939 0.360864 0.369136 hargrave 2020-02-05 02:46:30 
ARM  1 187.5 -08.3 187.5 -08.3 1.24E-03 000.3 181.6 -89.3 0.462359 0.425649 0.420699 hargrave 2020-02-05 02:47:29 
ARM  1 187.3 -08.5 187.3 -08.5 1.74E-03 000.3 162.3 -89.5 0.631183 0.578009 0.607336 hargrave 2020-02-05 02:48:28 
ARM  2 187.2 -08.6 187.2 -08.6 2.22E-03 000.3 148.1 -89.5 0.773335 0.772142 0.787926 hargrave 2020-02-05 02:49:27 
ARM  2 187.2 -08.7 187.2 -08.7 2.71E-03 000.3 138.3 -89.5 0.946627 0.931549 0.944606 hargrave 2020-02-05 02:50:27 
ARM  2 187.1 -08.7 187.1 -08.7 3.20E-03 000.3 131.1 -89.5 1.155691 1.073141 1.103515 hargrave 2020-02-05 02:51:26 
ARM  2 187.1 -08.7 187.1 -08.7 4.15E-03 000.3 122.6 -89.5 1.459267 1.409025 1.650611 hargrave 2020-02-05 02:52:25 
ARM  3 187.0 -08.8 187.0 -08.8 5.11E-03 000.3 117.4 -89.5 1.825846 1.703512 1.722847 hargrave 2020-02-05 02:53:24 
ARM  4 187.0 -08.8 187.0 -08.8 6.04E-03 000.3 113.4 -89.5 2.166136 2.002808 2.081741 hargrave 2020-02-05 02:54:23 
ARM  4 187.0 -08.8 187.0 -08.8 6.97E-03 000.3 111.2 -89.5 2.480483 2.314910 2.408926 hargrave 2020-02-05 02:55:22 
ARM  4 187.0 -08.8 187.0 -08.8 7.89E-03 000.3 109.6 -89.5 2.829404 2.598289 2.739681 hargrave 2020-02-05 02:56:21 
ARM  5 187.0 -08.8 187.0 -08.8 8.80E-03 000.3 108.6 -89.5 3.123966 2.890446 2.992352 hargrave 2020-02-05 02:57:20 
