AX1- 4b sun compass orientation
      0  97.8  77.0   0.0   0.0   1.0
NRM    080.8 -80.3 080.8 -80.3 2.92E-06 003.0 009.4 -10.0 0.012438 0.012385 0.005623 hargrave 2020-02-04 22:10:59 
AF  10 087.9 -82.6 087.9 -82.6 2.82E-06 002.6 007.5 -11.6 0.012410 0.010477 0.005482 hargrave 2020-02-04 22:12:18 
AF  20 096.8 -82.9 096.8 -82.9 2.78E-06 002.5 007.3 -12.8 0.012020 0.009940 0.005348 hargrave 2020-02-04 22:13:38 
AF  30 075.4 -82.0 075.4 -82.0 2.70E-06 002.7 007.5 -09.9 0.013971 0.010306 0.005419 hargrave 2020-02-04 22:14:57 
AF  40 108.9 -83.0 108.9 -83.0 2.43E-06 002.9 007.0 -14.2 0.013749 0.009924 0.005197 hargrave 2020-02-04 22:16:16 
AF  50 142.1 -79.5 142.1 -79.5 2.45E-06 003.0 008.0 -20.2 0.013524 0.010020 0.005250 hargrave 2020-02-04 22:17:39 
AF  60 169.4 -76.4 169.4 -76.4 2.63E-06 002.6 004.7 -25.8 0.012014 0.009979 0.005431 hargrave 2020-02-04 22:18:59 
AF  70 151.8 -75.4 151.8 -75.4 2.59E-06 002.8 009.4 -24.6 0.013917 0.010042 0.005181 hargrave 2020-02-04 22:20:18 
AF  80 156.8 -74.1 156.8 -74.1 2.50E-06 003.1 009.1 -26.4 0.014247 0.010402 0.005564 hargrave 2020-02-04 22:21:37 
AF  90 167.5 -71.4 167.5 -71.4 2.47E-06 003.2 007.4 -30.3 0.014061 0.010702 0.005126 hargrave 2020-02-04 22:22:56 
AF 100 165.3 -66.6 165.3 -66.6 2.33E-06 003.5 010.6 -34.4 0.013875 0.010593 0.004905 hargrave 2020-02-04 22:24:16 
AF 120 171.6 -65.2 171.6 -65.2 2.47E-06 003.3 008.4 -36.6 0.014483 0.010681 0.005094 hargrave 2020-02-04 22:25:35 
AF 140 194.1 -63.2 194.1 -63.2 2.35E-06 003.5 356.3 -39.6 0.014202 0.011494 0.004916 hargrave 2020-02-04 22:26:58 
AF 160 223.0 -63.5 223.0 -63.5 2.06E-06 003.0 342.0 -33.8 0.011793 0.010163 0.003952 hargrave 2020-02-04 22:28:17 
AF 180 195.6 -39.4 195.6 -39.4 2.04E-06 003.8 346.9 -62.7 0.011711 0.009629 0.003776 hargrave 2020-02-04 22:29:37 
AF 200 200.1 -31.7 200.1 -31.7 2.26E-06 003.1 331.0 -68.1 0.010484 0.008278 0.003820 hargrave 2020-02-04 22:30:56 
AF 250 169.7 -45.0 169.7 -45.0 3.74E-06 002.2 022.3 -54.5 0.013569 0.008258 0.005009 hargrave 2020-02-04 22:32:15 
AF 300 186.6 -54.9 186.6 -54.9 4.10E-06 002.7 001.1 -48.1 0.017340 0.013237 0.006790 hargrave 2020-02-04 22:33:35 
AF 350 189.4 -35.1 189.4 -35.1 5.30E-06 001.4 356.6 -67.8 0.011321 0.007895 0.006558 hargrave 2020-02-04 22:34:54 
AF 400 178.7 -42.9 178.7 -42.9 6.87E-06 001.5 013.1 -59.1 0.017413 0.008977 0.007659 hargrave 2020-02-04 22:36:13 
AF 450 175.9 -44.8 175.9 -44.8 9.45E-06 001.4 015.4 -56.6 0.021465 0.011556 0.010525 hargrave 2020-02-04 22:37:33 
AF 500 189.8 -44.7 189.8 -44.7 9.69E-06 001.4 357.2 -58.3 0.020619 0.016268 0.009885 hargrave 2020-02-04 22:38:53 
AF 550 184.5 -48.0 184.5 -48.0 1.05E-05 001.5 003.8 -54.9 0.023105 0.018116 0.010178 hargrave 2020-02-04 22:40:13 
AF 600 187.2 -50.2 187.2 -50.2 1.22E-05 001.5 000.6 -52.8 0.026050 0.021672 0.012546 hargrave 2020-02-04 22:41:36 
AF 650 209.9 -62.5 209.9 -62.5 1.04E-05 001.4 347.2 -38.1 0.023941 0.023078 0.011285 hargrave 2020-02-04 22:42:55 
AF 700 188.1 -56.2 188.1 -56.2 1.07E-05 001.6 359.7 -46.8 0.027035 0.022078 0.010599 hargrave 2020-02-04 22:44:15 
AF 750 190.2 -67.2 190.2 -67.2 9.91E-06 001.7 358.8 -35.7 0.028721 0.023392 0.010416 hargrave 2020-02-04 22:45:34 
AF 800 179.0 -69.5 179.0 -69.5 1.13E-05 001.6 003.7 -33.2 0.033979 0.024026 0.011550 hargrave 2020-02-04 22:46:54 
AF 850 175.2 -72.8 175.2 -72.8 1.19E-05 001.7 004.3 -29.8 0.037748 0.027151 0.012761 hargrave 2020-02-04 22:48:13 
AF 900 173.5 -73.0 173.5 -73.0 1.21E-05 001.8 004.7 -29.4 0.040331 0.029716 0.011135 hargrave 2020-02-04 22:49:33 
AF 950 173.9 -70.0 173.9 -70.0 1.40E-05 001.5 005.6 -32.3 0.038810 0.027586 0.013519 hargrave 2020-02-04 22:50:53 
AF1000 162.0 -76.2 162.0 -76.2 1.16E-05 001.3 006.6 -25.3 0.028758 0.020515 0.010259 hargrave 2020-02-04 22:52:13 
AF1050 107.2 -82.6 107.2 -82.6 1.24E-05 001.6 007.6 -14.1 0.041889 0.025977 0.010626 hargrave 2020-02-04 22:53:33 
AF1100 176.5 -78.1 176.5 -78.1 1.11E-05 001.8 002.6 -24.7 0.038257 0.027229 0.010910 hargrave 2020-02-04 22:54:57 
AF1150 129.4 -83.2 129.4 -83.2 1.29E-05 001.7 006.1 -16.5 0.040112 0.031741 0.011491 hargrave 2020-02-04 22:56:18 
AF1200 157.5 -79.2 157.5 -79.2 1.14E-05 001.6 005.9 -22.3 0.037161 0.025743 0.008042 hargrave 2020-02-04 22:57:39 
AF1250 153.7 -74.8 153.7 -74.8 1.20E-05 001.7 009.3 -25.4 0.041055 0.024525 0.009614 hargrave 2020-02-04 22:59:03 
AF1300 030.9 -82.3 030.9 -82.3 1.08E-05 001.6 003.0 -05.9 0.040767 0.026534 0.007609 hargrave 2020-02-04 23:00:25 
ARM    030.7 -82.3 030.7 -82.3 1.08E-05 001.7 003.0 -05.8 0.040439 0.028077 0.007478 hargrave 2020-02-04 23:01:25 
ARM    031.3 -82.3 031.3 -82.3 1.08E-05 001.6 003.1 -05.9 0.040346 0.027068 0.007458 hargrave 2020-02-04 23:02:23 
ARM    031.2 -82.3 031.2 -82.3 1.08E-05 001.6 003.1 -05.9 0.040384 0.027368 0.007438 hargrave 2020-02-04 23:03:22 
ARM    032.3 -82.5 032.3 -82.5 1.08E-05 001.7 003.1 -06.1 0.040319 0.027862 0.007501 hargrave 2020-02-04 23:04:20 
ARM    034.3 -82.9 034.3 -82.9 1.08E-05 001.7 003.2 -06.7 0.040583 0.027892 0.007379 hargrave 2020-02-04 23:05:19 
ARM    036.8 -82.6 036.8 -82.6 1.08E-05 001.6 003.6 -06.5 0.043149 0.027326 0.007421 hargrave 2020-02-04 23:06:22 
ARM    036.2 -83.8 036.2 -83.8 1.08E-05 001.7 003.0 -07.6 0.040001 0.027764 0.007270 hargrave 2020-02-04 23:07:20 
ARM    034.1 -83.2 034.1 -83.2 1.07E-05 001.6 003.0 -06.9 0.039931 0.027163 0.007363 hargrave 2020-02-04 23:08:18 
ARM    031.9 -83.5 031.9 -83.5 1.08E-05 001.7 002.7 -07.0 0.040149 0.028315 0.007318 hargrave 2020-02-04 23:09:16 
ARM    032.8 -83.4 032.8 -83.4 1.07E-05 001.7 002.8 -07.0 0.040343 0.027583 0.007221 hargrave 2020-02-04 23:10:15 
ARM    038.7 -82.9 038.7 -82.9 1.05E-05 001.7 003.7 -06.9 0.039505 0.027168 0.007219 hargrave 2020-02-04 23:11:13 
ARM    042.6 -83.0 042.6 -83.0 1.02E-05 001.7 004.0 -07.3 0.039435 0.027803 0.007173 hargrave 2020-02-04 23:12:16 
ARM    062.3 -84.9 062.3 -84.9 1.01E-05 001.6 004.2 -10.0 0.040795 0.024872 0.006978 hargrave 2020-02-04 23:13:18 
ARM    061.3 -85.1 061.3 -85.1 1.01E-05 001.6 004.0 -10.1 0.041511 0.025161 0.006638 hargrave 2020-02-04 23:14:20 
ARM    051.3 -82.1 051.3 -82.1 9.25E-06 001.7 005.5 -07.2 0.037948 0.023230 0.005474 hargrave 2020-02-04 23:15:18 
ARM    043.8 -83.7 043.8 -83.7 8.34E-06 001.8 003.8 -07.8 0.034916 0.022619 0.004264 hargrave 2020-02-04 23:16:17 
ARM    000.8 -84.5 000.8 -84.5 7.44E-06 001.7 359.3 -07.5 0.031718 0.021408 0.003101 hargrave 2020-02-04 23:17:15 
ARM    359.8 -62.1 359.8 -62.1 5.50E-06 001.9 356.1  14.6 0.027831 0.017998 0.001374 hargrave 2020-02-04 23:18:14 
ARM    199.4 -48.1 199.4 -48.1 6.46E-06 002.4 346.9 -53.6 0.024566 0.018048 0.002067 hargrave 2020-02-04 23:19:12 
ARM    188.1 -35.5 188.1 -35.5 8.02E-06 001.9 359.3 -67.5 0.024135 0.013658 0.001436 hargrave 2020-02-04 23:20:10 
ARM    188.9 -15.0 188.9 -15.0 1.35E-05 000.8 332.2 -87.7 0.017498 0.008414 0.000952 hargrave 2020-02-04 23:21:09 
ARM    190.0 -10.1 190.0 -10.1 8.39E-06 001.1 215.9 -86.4 0.014656 0.006176 0.003063 hargrave 2020-02-04 23:22:07 
ARM    186.5 -04.9 186.5 -04.9 1.51E-05 000.5 170.7 -81.8 0.012386 0.006740 0.002628 hargrave 2020-02-04 23:23:09 
ARM    187.2  00.1 187.2  00.1 1.35E-05 000.6 177.5 -76.9 0.010627 0.009585 0.003199 hargrave 2020-02-04 23:24:12 
ARM    182.8  01.3 182.8  01.3 1.37E-05 000.5 160.5 -74.9 0.007619 0.009491 0.005431 hargrave 2020-02-04 23:25:10 
ARM    179.5  05.8 179.5  05.8 1.48E-05 000.6 155.7 -69.5 0.007843 0.014870 0.006950 hargrave 2020-02-04 23:26:09 
ARM    178.2  10.7 178.2  10.7 1.53E-05 000.8 157.7 -64.4 0.010069 0.018207 0.007318 hargrave 2020-02-04 23:27:07 
ARM    180.2  04.0 180.2  04.0 1.81E-05 000.7 155.6 -71.4 0.010872 0.021500 0.006786 hargrave 2020-02-04 23:28:07 
ARM    176.3  11.0 176.3  11.0 1.82E-05 000.8 154.0 -63.5 0.013574 0.023207 0.009725 hargrave 2020-02-04 23:29:05 
ARM    178.5  03.8 178.5  03.8 2.66E-05 000.6 150.4 -70.8 0.019177 0.024837 0.008245 hargrave 2020-02-04 23:30:04 
ARM    172.1  12.3 172.1  12.3 2.23E-05 000.8 147.7 -60.3 0.018494 0.029542 0.011171 hargrave 2020-02-04 23:31:02 
ARM    158.3  22.9 158.3  22.9 1.68E-05 000.9 140.9 -43.9 0.015577 0.034767 0.015284 hargrave 2020-02-04 23:32:01 
ARM    169.7  09.5 169.7  09.5 2.69E-05 000.8 140.5 -61.3 0.020815 0.038015 0.012079 hargrave 2020-02-04 23:32:59 
ARM    167.7  13.8 167.7  13.8 2.40E-05 000.9 142.6 -56.6 0.023006 0.040130 0.012704 hargrave 2020-02-04 23:33:58 
ARM    161.2  12.2 161.2  12.2 2.41E-05 000.9 132.6 -53.5 0.021117 0.042340 0.016356 hargrave 2020-02-04 23:34:56 
ARM    164.6  12.4 164.6  12.4 2.75E-05 000.9 136.9 -55.8 0.023994 0.045913 0.013590 hargrave 2020-02-04 23:35:55 
ARM    164.9  10.2 164.9  10.2 3.38E-05 000.8 134.5 -57.5 0.026463 0.051900 0.016658 hargrave 2020-02-04 23:36:53 
AFz 10 164.9  10.4 164.9  10.4 3.38E-05 000.9 134.8 -57.3 0.041382 0.051686 0.016812 hargrave 2020-02-04 23:37:52 
AFz 20 164.8  10.2 164.8  10.2 3.38E-05 000.8 134.4 -57.5 0.021585 0.052849 0.016784 hargrave 2020-02-04 23:38:49 
AFz 30 164.8  10.2 164.8  10.2 3.38E-05 000.8 134.4 -57.4 0.026062 0.051258 0.016895 hargrave 2020-02-04 23:39:44 
AFz 40 164.8  10.2 164.8  10.2 3.38E-05 000.8 134.4 -57.4 0.026767 0.051696 0.017111 hargrave 2020-02-04 23:40:39 
AFz 50 164.8  10.2 164.8  10.2 3.38E-05 000.8 134.4 -57.5 0.026633 0.051917 0.016843 hargrave 2020-02-04 23:41:35 
AFz 60 164.8  10.2 164.8  10.2 3.39E-05 000.8 134.5 -57.5 0.027031 0.051795 0.016745 hargrave 2020-02-04 23:42:30 
AFz 70 164.8  10.4 164.8  10.4 3.39E-05 000.9 134.7 -57.3 0.041499 0.051551 0.017049 hargrave 2020-02-04 23:43:29 
AFz 80 164.8  10.2 164.8  10.2 3.38E-05 000.8 134.4 -57.4 0.026320 0.052030 0.016652 hargrave 2020-02-04 23:44:25 
AFz 90 164.9  10.1 164.9  10.1 3.39E-05 000.8 134.4 -57.6 0.026277 0.051409 0.016683 hargrave 2020-02-04 23:45:20 
AFz100 164.9  10.2 164.9  10.2 3.39E-05 000.8 134.4 -57.5 0.025485 0.052088 0.016862 hargrave 2020-02-04 23:46:15 
AFz120 164.7  10.1 164.7  10.1 3.39E-05 000.8 134.0 -57.5 0.026560 0.051784 0.016696 hargrave 2020-02-04 23:47:11 
AFz140 164.9  09.7 164.9  09.7 3.40E-05 000.8 133.8 -57.9 0.026144 0.050932 0.016481 hargrave 2020-02-04 23:48:06 
AFz160 164.9  09.8 164.9  09.8 3.40E-05 000.8 134.0 -57.8 0.025729 0.051623 0.016176 hargrave 2020-02-04 23:49:02 
AFz180 165.1  10.3 165.1  10.3 3.39E-05 000.8 134.9 -57.6 0.026268 0.051610 0.016355 hargrave 2020-02-04 23:49:57 
AFz200 165.5  09.5 165.5  09.5 3.37E-05 000.8 134.3 -58.4 0.027198 0.054748 0.015567 hargrave 2020-02-04 23:50:53 
AFz250 165.6  09.5 165.6  09.5 3.39E-05 000.8 134.4 -58.5 0.025640 0.051112 0.015776 hargrave 2020-02-04 23:51:49 
AFz300 164.9  10.6 164.9  10.6 3.41E-05 000.8 135.0 -57.2 0.023210 0.053386 0.015672 hargrave 2020-02-04 23:52:45 
AFz350 165.9  09.8 165.9  09.8 3.34E-05 000.8 135.3 -58.4 0.026117 0.050395 0.015315 hargrave 2020-02-04 23:53:40 
AFz400 164.9  10.1 164.9  10.1 3.41E-05 000.8 134.4 -57.5 0.025844 0.051806 0.016069 hargrave 2020-02-04 23:54:36 
AFz450 164.6  09.8 164.6  09.8 3.29E-05 000.8 133.6 -57.6 0.022105 0.051632 0.016334 hargrave 2020-02-04 23:55:32 
AFz500 163.9  10.9 163.9  10.9 3.16E-05 000.8 134.1 -56.3 0.026704 0.050055 0.016095 hargrave 2020-02-04 23:56:29 
AFz550 167.0  09.7 167.0  09.7 3.33E-05 000.8 136.8 -59.3 0.027282 0.050756 0.014786 hargrave 2020-02-04 23:57:24 
AFz600 163.5  12.1 163.5  12.1 3.12E-05 000.8 135.1 -55.2 0.025622 0.053247 0.018073 hargrave 2020-02-04 23:58:20 
AFz650 165.9  08.3 165.9  08.3 3.51E-05 000.8 133.2 -59.5 0.025176 0.052425 0.016771 hargrave 2020-02-04 23:59:17 
AFz700 166.0  08.0 166.0  08.0 3.57E-05 000.7 132.9 -59.8 0.024542 0.050254 0.016846 hargrave 2020-02-05 00:00:13 
AFz750 166.6  09.6 166.6  09.6 3.51E-05 000.8 136.0 -59.2 0.024942 0.053823 0.015747 hargrave 2020-02-05 00:01:09 
AFz800 173.2  01.1 173.2  01.1 4.88E-05 000.7 133.2 -69.8 0.025650 0.056493 0.013114 hargrave 2020-02-05 00:02:07 
AFz850 172.5  00.5 172.5  00.5 4.50E-05 000.6 130.5 -69.7 0.024823 0.045190 0.013541 hargrave 2020-02-05 00:03:03 
AFz900 171.7  01.9 171.7  01.9 4.44E-05 000.6 131.8 -68.1 0.025249 0.047098 0.012942 hargrave 2020-02-05 00:04:00 
AFz950 170.3  02.5 170.3  02.5 4.33E-05 000.6 130.5 -66.7 0.023877 0.048508 0.013912 hargrave 2020-02-05 00:04:57 
AFz000 173.2  00.3 173.2  00.3 4.66E-05 000.5 131.5 -70.3 0.025447 0.042940 0.012738 hargrave 2020-02-05 00:05:53 
AFz050 165.9  10.0 165.9  10.0 3.30E-05 000.9 135.5 -58.3 0.027194 0.054316 0.016100 hargrave 2020-02-05 00:06:49 
AFz100 168.3  07.3 168.3  07.3 3.88E-05 000.8 135.2 -61.9 0.029406 0.056025 0.016180 hargrave 2020-02-05 00:07:46 
AFz150 160.7  14.6 160.7  14.6 2.74E-05 000.9 134.9 -51.5 0.024281 0.053281 0.017900 hargrave 2020-02-05 00:08:42 
AFz200 161.7  10.8 161.7  10.8 2.89E-05 000.8 131.4 -54.8 0.021425 0.049556 0.017078 hargrave 2020-02-05 00:09:39 
AFz250 161.1  13.4 161.1  13.4 2.89E-05 000.9 133.9 -52.6 0.024168 0.054012 0.018782 hargrave 2020-02-05 00:10:35 
AFz300 162.7  11.9 162.7  11.9 2.88E-05 000.9 134.0 -54.8 0.023658 0.050587 0.018508 hargrave 2020-02-05 00:11:32 
AFz500 160.0  13.4 160.0  13.4 2.74E-05 000.9 132.8 -51.9 0.023170 0.051531 0.018646 hargrave 2020-02-05 00:12:28 
ARM    161.3  14.6 161.3  14.6 2.89E-05 000.9 135.6 -51.9 0.025033 0.055205 0.018479 hargrave 2020-02-05 00:13:29 
ARM    163.7  11.6 163.7  11.6 3.00E-05 000.9 134.8 -55.7 0.024394 0.052641 0.017297 hargrave 2020-02-05 00:14:29 
ARM    162.8  11.9 162.8  11.9 2.93E-05 000.9 134.0 -54.9 0.023681 0.051630 0.017136 hargrave 2020-02-05 00:15:28 
ARM    176.3 -01.3 176.3 -01.3 6.09E-05 000.5 134.8 -73.7 0.031145 0.045938 0.005475 hargrave 2020-02-05 00:16:28 
ARM    185.3 -11.1 185.3 -11.1 3.02E-04 000.3 128.0 -86.9 0.120055 0.098856 0.088013 hargrave 2020-02-05 00:18:17 
ARM  1 186.3 -11.9 186.3 -11.9 5.60E-04 000.3 127.1 -88.2 0.223045 0.175969 0.193232 hargrave 2020-02-05 00:19:17 
ARM  1 186.7 -12.2 186.7 -12.2 8.08E-04 000.3 127.3 -88.7 0.325447 0.261629 0.275371 hargrave 2020-02-05 00:20:16 
ARM  1 186.9 -12.4 186.9 -12.4 1.04E-03 000.3 124.8 -89.0 0.427447 0.353982 0.353310 hargrave 2020-02-05 00:22:05 
ARM  1 187.0 -12.6 187.0 -12.6 1.31E-03 000.3 120.7 -89.1 0.538226 0.453027 0.491828 hargrave 2020-02-05 00:23:04 
ARM  1 187.1 -12.6 187.1 -12.6 1.57E-03 000.3 119.6 -89.3 0.647543 0.551115 0.590590 hargrave 2020-02-05 00:24:04 
ARM  1 187.3 -12.8 187.3 -12.8 2.17E-03 000.3 114.7 -89.4 0.902905 0.808717 1.552183 hargrave 2020-02-05 00:25:03 
ARM  2 187.3 -12.8 187.3 -12.8 2.78E-03 000.3 108.9 -89.5 1.156941 1.030123 1.046579 hargrave 2020-02-05 00:26:04 
ARM  2 187.4 -12.9 187.4 -12.9 3.43E-03 000.3 104.5 -89.6 1.433628 1.320148 1.767576 hargrave 2020-02-05 00:27:03 
ARM  2 187.4 -12.9 187.4 -12.9 4.05E-03 000.3 101.9 -89.6 1.694167 1.551196 2.078450 hargrave 2020-02-05 00:28:03 
ARM  2 187.4 -12.9 187.4 -12.9 5.27E-03 000.3 099.1 -89.6 2.205224 2.019350 2.022645 hargrave 2020-02-05 00:29:03 
ARM  3 187.5 -13.0 187.5 -13.0 6.48E-03 000.3 095.3 -89.7 2.711989 2.487475 2.472059 hargrave 2020-02-05 00:30:02 
ARM  4 187.5 -13.0 187.5 -13.0 7.68E-03 000.3 092.1 -89.7 3.235869 2.916219 3.728578 hargrave 2020-02-05 00:31:02 
ARM  4 187.5 -13.0 187.5 -13.0 8.87E-03 000.3 089.5 -89.7 3.731389 3.399373 4.066324 hargrave 2020-02-05 00:32:01 
ARM  4 187.5 -13.0 187.5 -13.0 1.01E-02 000.3 088.9 -89.7 4.278837 3.858507 3.606692 hargrave 2020-02-05 00:33:01 
ARM  5 187.5 -13.0 187.5 -13.0 1.12E-02 000.3 085.9 -89.7 4.788648 4.334277 4.765724 hargrave 2020-02-05 00:34:00 
