AX1- 8b sun compass orientation
      0 124.7  87.0   0.0   0.0   1.0
NRM    119.2 -01.2 119.2 -01.2 1.69E-06 001.5 088.5  05.4 0.003846 0.002691 0.001777 hargrave 2020-02-05 07:45:43 
AF  10 119.8 -01.4 119.8 -01.4 1.63E-06 001.5 088.4  04.8 0.003867 0.001468 0.001782 hargrave 2020-02-05 07:47:02 
AF  20 121.6  01.7 121.6  01.7 1.68E-06 001.6 091.5  03.2 0.004272 0.001784 0.001683 hargrave 2020-02-05 07:48:22 
AF  30 122.8  00.4 122.8  00.4 1.74E-06 001.6 090.3  01.9 0.004493 0.001906 0.001709 hargrave 2020-02-05 07:49:42 
AF  40 124.5 -00.3 124.5 -00.3 1.72E-06 001.4 089.7  00.2 0.003710 0.001291 0.001841 hargrave 2020-02-05 07:51:01 
AF  50 128.2 -02.7 128.2 -02.7 1.71E-06 001.6 087.5 -03.7 0.004534 0.001778 0.001552 hargrave 2020-02-05 07:52:21 
AF  60 127.5 -02.8 127.5 -02.8 1.67E-06 001.6 087.4 -03.0 0.004622 0.001727 0.001442 hargrave 2020-02-05 07:53:42 
AF  70 127.5 -02.9 127.5 -02.9 1.65E-06 001.5 087.2 -03.0 0.004087 0.001304 0.001685 hargrave 2020-02-05 07:55:02 
AF  80 125.5 -00.4 125.5 -00.4 1.52E-06 001.4 089.6 -00.8 0.003416 0.001028 0.001693 hargrave 2020-02-05 07:56:22 
AF  90 123.5 -02.3 123.5 -02.3 1.47E-06 001.7 087.7  01.0 0.004201 0.001345 0.001463 hargrave 2020-02-05 07:57:41 
AF 100 125.9 -01.8 125.9 -01.8 1.52E-06 001.6 088.3 -01.3 0.004175 0.001227 0.001308 hargrave 2020-02-05 07:59:01 
AF 120 123.7 -02.9 123.7 -02.9 1.25E-06 001.8 087.1  00.9 0.003896 0.001216 0.001137 hargrave 2020-02-05 08:00:21 
AF 140 117.3 -02.4 117.3 -02.4 1.24E-06 001.8 087.2  07.3 0.003785 0.001878 0.001271 hargrave 2020-02-05 08:01:44 
AF 160 116.9 -05.2 116.9 -05.2 1.19E-06 001.7 084.4  07.5 0.003390 0.000810 0.001024 hargrave 2020-02-05 08:03:04 
AF 180 124.8 -02.8 124.8 -02.8 1.29E-06 001.7 087.2 -00.2 0.003782 0.001040 0.001046 hargrave 2020-02-05 08:04:24 
AF 200 134.8 -04.2 134.8 -04.2 1.30E-06 001.5 086.2 -10.3 0.003150 0.000488 0.001423 hargrave 2020-02-05 08:05:44 
AF 250 128.4 -13.9 128.4 -13.9 8.54E-07 002.2 076.3 -04.3 0.003062 0.001296 0.001156 hargrave 2020-02-05 08:07:04 
AF 300 114.8 -13.9 114.8 -13.9 7.04E-07 002.7 075.4  08.8 0.003167 0.002252 0.000911 hargrave 2020-02-05 08:08:24 
AF 350 105.2 -30.2 105.2 -30.2 1.07E-06 002.3 057.6  15.2 0.003925 0.002354 0.001285 hargrave 2020-02-05 08:09:44 
AF 400 127.6 -18.6 127.6 -18.6 1.01E-06 001.7 071.5 -03.7 0.002589 0.001372 0.001694 hargrave 2020-02-05 08:11:03 
AF 450 130.6 -66.7 130.6 -66.7 7.68E-07 003.2 023.3 -05.1 0.003471 0.003332 0.001596 hargrave 2020-02-05 08:12:23 
AF 500 143.3 -47.1 143.3 -47.1 1.09E-06 002.7 041.8 -14.8 0.004115 0.004000 0.001600 hargrave 2020-02-05 08:13:43 
AF 550 217.8 -57.8 217.8 -57.8 1.47E-06 002.2 358.0 -35.1 0.003565 0.005232 0.001732 hargrave 2020-02-05 08:15:02 
AF 600 087.9 -85.9 087.9 -85.9 2.33E-06 001.9 003.2 -00.6 0.006314 0.006832 0.002607 hargrave 2020-02-05 08:16:22 
AF 650 248.6 -76.6 248.6 -76.6 2.39E-06 001.7 352.3 -14.1 0.005650 0.007264 0.002683 hargrave 2020-02-05 08:17:42 
AF 700 249.0 -72.1 249.0 -72.1 3.00E-06 001.5 349.5 -17.6 0.006216 0.008413 0.003018 hargrave 2020-02-05 08:19:02 
AF 750 229.0 -69.3 229.0 -69.3 3.82E-06 001.7 354.5 -23.0 0.009541 0.010621 0.003840 hargrave 2020-02-05 08:20:22 
AF 800 238.0 -77.7 238.0 -77.7 4.20E-06 001.5 355.0 -14.3 0.010250 0.011299 0.004319 hargrave 2020-02-05 08:21:42 
AF 850 215.2 -66.7 215.2 -66.7 4.94E-06 001.6 359.8 -26.3 0.011005 0.013023 0.004969 hargrave 2020-02-05 08:23:02 
AF 900 216.0 -67.7 216.0 -67.7 5.09E-06 001.5 359.5 -25.3 0.010559 0.012718 0.005031 hargrave 2020-02-05 08:24:22 
AF 950 211.5 -71.7 211.5 -71.7 5.94E-06 001.6 001.1 -21.3 0.013173 0.015381 0.005602 hargrave 2020-02-05 08:25:43 
AF1000 218.9 -67.2 218.9 -67.2 6.16E-06 001.6 358.2 -25.7 0.014432 0.015559 0.005891 hargrave 2020-02-05 08:27:03 
AF1050 230.7 -69.1 230.7 -69.1 7.55E-06 001.5 353.8 -23.0 0.015712 0.018938 0.007362 hargrave 2020-02-05 08:28:23 
AF1100 224.2 -65.2 224.2 -65.2 7.69E-06 001.5 355.5 -27.4 0.016177 0.019246 0.007255 hargrave 2020-02-05 08:29:44 
AF1150 227.9 -62.9 227.9 -62.9 8.65E-06 001.5 353.1 -29.3 0.017381 0.021670 0.008191 hargrave 2020-02-05 08:31:05 
AF1200 223.8 -65.1 223.8 -65.1 8.59E-06 001.5 355.7 -27.5 0.018314 0.021572 0.008279 hargrave 2020-02-05 08:32:26 
AF1250 221.7 -68.0 221.7 -68.0 9.12E-06 001.6 357.1 -24.8 0.020890 0.023074 0.008966 hargrave 2020-02-05 08:33:48 
AF1300 207.6 -65.3 207.6 -65.3 9.19E-06 001.5 003.3 -27.5 0.021151 0.021128 0.008120 hargrave 2020-02-05 08:35:11 
ARM    207.7 -65.3 207.7 -65.3 9.19E-06 001.6 003.3 -27.5 0.021545 0.021902 0.008057 hargrave 2020-02-05 08:36:11 
ARM    207.7 -65.3 207.7 -65.3 9.19E-06 001.6 003.3 -27.5 0.021440 0.021892 0.008061 hargrave 2020-02-05 08:37:10 
ARM    207.8 -65.3 207.8 -65.3 9.19E-06 001.6 003.3 -27.5 0.021512 0.021954 0.008079 hargrave 2020-02-05 08:38:09 
ARM    207.8 -65.2 207.8 -65.2 9.19E-06 001.6 003.2 -27.6 0.021612 0.021938 0.008045 hargrave 2020-02-05 08:39:08 
ARM    208.1 -65.3 208.1 -65.3 9.20E-06 001.6 003.1 -27.5 0.021974 0.022070 0.008082 hargrave 2020-02-05 08:40:07 
ARM    208.3 -65.4 208.3 -65.4 9.18E-06 001.6 003.0 -27.5 0.021819 0.021870 0.008155 hargrave 2020-02-05 08:41:05 
ARM    208.2 -65.3 208.2 -65.3 9.19E-06 001.6 003.1 -27.5 0.021805 0.021906 0.008064 hargrave 2020-02-05 08:42:04 
ARM    207.9 -65.3 207.9 -65.3 9.16E-06 001.6 003.2 -27.5 0.021382 0.021828 0.008032 hargrave 2020-02-05 08:43:03 
ARM    208.1 -65.3 208.1 -65.3 9.17E-06 001.6 003.1 -27.5 0.021703 0.021865 0.008093 hargrave 2020-02-05 08:44:02 
ARM    208.2 -65.1 208.2 -65.1 9.11E-06 001.6 003.1 -27.7 0.021725 0.021767 0.008003 hargrave 2020-02-05 08:45:00 
ARM    207.4 -64.8 207.4 -64.8 9.12E-06 001.6 003.5 -28.0 0.021297 0.021674 0.008086 hargrave 2020-02-05 08:46:00 
ARM    207.2 -64.7 207.2 -64.7 9.06E-06 001.6 003.6 -28.1 0.021720 0.021339 0.008228 hargrave 2020-02-05 08:46:59 
ARM    206.7 -65.0 206.7 -65.0 9.04E-06 001.6 003.8 -27.7 0.021382 0.021669 0.008048 hargrave 2020-02-05 08:47:58 
ARM    207.7 -65.2 207.7 -65.2 8.92E-06 001.6 003.3 -27.6 0.021226 0.021692 0.007975 hargrave 2020-02-05 08:48:56 
ARM    206.7 -64.6 206.7 -64.6 8.80E-06 001.6 003.9 -28.1 0.021217 0.020972 0.007718 hargrave 2020-02-05 08:49:55 
ARM    206.2 -64.4 206.2 -64.4 8.49E-06 001.6 004.2 -28.3 0.020506 0.019937 0.007478 hargrave 2020-02-05 08:50:54 
ARM    207.4 -66.1 207.4 -66.1 8.01E-06 001.6 003.3 -26.7 0.019671 0.019281 0.007327 hargrave 2020-02-05 08:51:53 
ARM    204.5 -68.7 204.5 -68.7 7.06E-06 001.7 004.0 -24.0 0.018688 0.017458 0.006369 hargrave 2020-02-05 08:52:52 
ARM    211.4 -60.2 211.4 -60.2 6.96E-06 001.6 001.9 -32.8 0.017293 0.016037 0.006027 hargrave 2020-02-05 08:53:51 
ARM    212.0 -53.8 212.0 -53.8 6.65E-06 001.6 002.1 -39.1 0.016156 0.014994 0.005658 hargrave 2020-02-05 08:54:50 
ARM    215.1 -51.1 215.1 -51.1 5.75E-06 001.6 359.7 -41.9 0.014041 0.012716 0.004980 hargrave 2020-02-05 08:55:49 
ARM    213.9 -49.5 213.9 -49.5 4.61E-06 001.7 000.7 -43.5 0.012366 0.010382 0.003779 hargrave 2020-02-05 08:56:48 
ARM    213.5 -30.5 213.5 -30.5 5.29E-06 001.4 002.2 -62.4 0.010730 0.008773 0.003909 hargrave 2020-02-05 08:57:47 
ARM    216.9 -22.4 216.9 -22.4 5.15E-06 001.3 354.0 -70.4 0.009171 0.007774 0.003670 hargrave 2020-02-05 08:58:46 
ARM    216.7 -26.0 216.7 -26.0 2.86E-06 002.1 355.4 -66.9 0.009302 0.005802 0.002162 hargrave 2020-02-05 08:59:45 
ARM    219.8 -01.6 219.8 -01.6 5.29E-06 000.7 254.2 -84.7 0.005384 0.004260 0.002018 hargrave 2020-02-05 09:00:44 
ARM    215.3  04.8 215.3  04.8 5.37E-06 000.5 184.7 -82.2 0.004304 0.002950 0.001379 hargrave 2020-02-05 09:01:43 
ARM    212.3  16.1 212.3  16.1 5.06E-06 000.6 173.1 -70.8 0.003928 0.003787 0.000570 hargrave 2020-02-05 09:02:41 
ARM    215.3  19.4 215.3  19.4 5.22E-06 000.7 181.5 -67.6 0.003778 0.005107 0.000242 hargrave 2020-02-05 09:03:40 
ARM    217.5  21.5 217.5  21.5 6.82E-06 000.6 186.2 -65.4 0.005510 0.005984 0.000421 hargrave 2020-02-05 09:04:39 
ARM    214.0  20.2 214.0  20.2 7.38E-06 000.6 178.3 -66.7 0.004991 0.006765 0.000558 hargrave 2020-02-05 09:05:38 
ARM    213.2  22.0 213.2  22.0 8.86E-06 000.7 176.8 -64.9 0.006995 0.009298 0.000643 hargrave 2020-02-05 09:06:37 
ARM    213.6  28.5 213.6  28.5 8.65E-06 000.8 178.1 -58.5 0.008511 0.010090 0.001023 hargrave 2020-02-05 09:07:36 
ARM    212.9  27.5 212.9  27.5 1.05E-05 000.8 176.9 -59.5 0.010276 0.012025 0.001021 hargrave 2020-02-05 09:08:35 
ARM    212.3  30.6 212.3  30.6 9.73E-06 000.9 176.2 -56.3 0.009720 0.012981 0.002106 hargrave 2020-02-05 09:09:34 
ARM    212.1  26.1 212.1  26.1 1.15E-05 000.8 175.3 -60.8 0.010760 0.014339 0.002324 hargrave 2020-02-05 09:10:34 
ARM    209.9  45.2 209.9  45.2 8.59E-06 001.2 175.4 -41.7 0.011430 0.016971 0.004063 hargrave 2020-02-05 09:11:33 
AFz 10 209.8  45.2 209.8  45.2 8.58E-06 001.2 175.4 -41.6 0.011881 0.016884 0.004091 hargrave 2020-02-05 09:12:29 
AFz 20 209.8  45.2 209.8  45.2 8.58E-06 001.2 175.4 -41.6 0.011706 0.016767 0.004027 hargrave 2020-02-05 09:13:24 
AFz 30 209.8  45.2 209.8  45.2 8.58E-06 001.2 175.4 -41.6 0.011236 0.017099 0.004008 hargrave 2020-02-05 09:14:20 
AFz 40 209.8  45.2 209.8  45.2 8.58E-06 001.2 175.4 -41.6 0.011719 0.016591 0.004078 hargrave 2020-02-05 09:15:16 
AFz 50 209.8  45.2 209.8  45.2 8.58E-06 001.2 175.4 -41.6 0.012020 0.016696 0.004197 hargrave 2020-02-05 09:16:11 
AFz 60 209.8  45.2 209.8  45.2 8.58E-06 001.2 175.4 -41.6 0.011220 0.016867 0.004175 hargrave 2020-02-05 09:17:07 
AFz 70 210.0  45.3 210.0  45.3 8.57E-06 001.2 175.5 -41.5 0.011482 0.016855 0.004131 hargrave 2020-02-05 09:18:03 
AFz 80 209.9  45.2 209.9  45.2 8.56E-06 001.2 175.5 -41.6 0.011812 0.016669 0.004018 hargrave 2020-02-05 09:18:58 
AFz 90 209.8  45.3 209.8  45.3 8.54E-06 001.2 175.4 -41.5 0.011796 0.016776 0.004132 hargrave 2020-02-05 09:19:54 
AFz100 210.1  45.0 210.1  45.0 8.56E-06 001.2 175.6 -41.8 0.011252 0.016778 0.004177 hargrave 2020-02-05 09:20:50 
AFz120 209.9  44.9 209.9  44.9 8.60E-06 001.2 175.5 -41.9 0.011431 0.016688 0.004071 hargrave 2020-02-05 09:21:47 
AFz140 209.9  44.5 209.9  44.5 8.67E-06 001.2 175.4 -42.3 0.011770 0.016727 0.004077 hargrave 2020-02-05 09:22:42 
AFz160 209.9  44.7 209.9  44.7 8.60E-06 001.2 175.4 -42.1 0.012101 0.016649 0.004128 hargrave 2020-02-05 09:23:38 
AFz180 209.9  44.7 209.9  44.7 8.60E-06 001.2 175.4 -42.1 0.011307 0.016628 0.004108 hargrave 2020-02-05 09:24:34 
AFz200 209.9  44.5 209.9  44.5 8.60E-06 001.2 175.3 -42.3 0.011478 0.016718 0.004105 hargrave 2020-02-05 09:25:30 
AFz250 209.4  45.0 209.4  45.0 8.73E-06 001.2 175.0 -41.8 0.012111 0.016936 0.004322 hargrave 2020-02-05 09:26:25 
AFz300 210.7  44.6 210.7  44.6 8.66E-06 001.2 176.2 -42.2 0.011791 0.017027 0.003965 hargrave 2020-02-05 09:27:21 
AFz350 211.4  46.2 211.4  46.2 8.61E-06 001.3 177.0 -40.7 0.011963 0.017195 0.004172 hargrave 2020-02-05 09:28:17 
AFz400 210.1  45.8 210.1  45.8 8.37E-06 001.2 175.7 -41.0 0.011296 0.017020 0.003644 hargrave 2020-02-05 09:29:13 
AFz450 210.4  45.3 210.4  45.3 8.80E-06 001.2 176.0 -41.5 0.012468 0.017327 0.003968 hargrave 2020-02-05 09:30:09 
AFz500 209.6  46.3 209.6  46.3 8.67E-06 001.2 175.4 -40.4 0.012500 0.016580 0.003831 hargrave 2020-02-05 09:31:05 
AFz550 211.8  50.3 211.8  50.3 8.35E-06 001.3 177.7 -36.7 0.012391 0.017282 0.004327 hargrave 2020-02-05 09:32:01 
AFz600 214.1  47.1 214.1  47.1 8.57E-06 001.2 179.5 -39.9 0.012953 0.016050 0.003692 hargrave 2020-02-05 09:32:56 
AFz650 212.8  39.6 212.8  39.6 1.03E-05 001.1 177.9 -47.4 0.013059 0.017114 0.003213 hargrave 2020-02-05 09:33:52 
AFz700 211.5  39.6 211.5  39.6 9.69E-06 001.0 176.4 -47.3 0.011109 0.014709 0.003305 hargrave 2020-02-05 09:34:48 
AFz750 211.6  42.5 211.6  42.5 9.25E-06 001.2 176.8 -44.4 0.012954 0.016359 0.003641 hargrave 2020-02-05 09:35:44 
AFz800 210.6  43.9 210.6  43.9 9.35E-06 001.2 176.0 -42.9 0.013097 0.017249 0.003878 hargrave 2020-02-05 09:36:40 
AFz850 211.3  44.8 211.3  44.8 8.86E-06 001.2 176.8 -42.1 0.011583 0.016942 0.003432 hargrave 2020-02-05 09:37:36 
AFz900 211.6  47.1 211.6  47.1 8.57E-06 001.2 177.3 -39.9 0.012282 0.016392 0.004112 hargrave 2020-02-05 09:38:31 
AFz950 213.0  46.9 213.0  46.9 8.62E-06 001.3 178.5 -40.0 0.012326 0.017153 0.004144 hargrave 2020-02-05 09:39:27 
AFz000 214.0  42.8 214.0  42.8 9.34E-06 001.2 179.3 -44.2 0.013302 0.016481 0.004157 hargrave 2020-02-05 09:40:23 
AFz050 210.4  49.4 210.4  49.4 8.11E-06 001.3 176.5 -37.5 0.012024 0.017035 0.004436 hargrave 2020-02-05 09:41:19 
AFz100 208.0  47.3 208.0  47.3 9.01E-06 001.3 174.1 -39.3 0.012363 0.018832 0.004252 hargrave 2020-02-05 09:42:14 
AFz150 211.0  43.0 211.0  43.0 9.29E-06 001.2 176.3 -43.9 0.011624 0.017077 0.003744 hargrave 2020-02-05 09:43:10 
AFz200 214.4  46.2 214.4  46.2 8.42E-06 001.2 179.7 -40.8 0.011749 0.015423 0.003881 hargrave 2020-02-05 09:44:06 
AFz250 210.4  53.8 210.4  53.8 8.12E-06 001.6 177.0 -33.1 0.014797 0.022077 0.004364 hargrave 2020-02-05 09:45:03 
AFz300 210.9  43.0 210.9  43.0 9.09E-06 001.2 176.1 -43.9 0.012328 0.017096 0.003458 hargrave 2020-02-05 09:45:58 
AFz500 210.1  42.0 210.1  42.0 9.39E-06 001.2 175.2 -44.8 0.013351 0.017360 0.003607 hargrave 2020-02-05 09:46:54 
ARM    210.5  42.2 210.5  42.2 9.24E-06 001.2 175.7 -44.6 0.012507 0.016849 0.003409 hargrave 2020-02-05 09:47:53 
ARM    208.3  42.4 208.3  42.4 9.33E-06 001.2 173.4 -44.2 0.013079 0.017575 0.003610 hargrave 2020-02-05 09:48:52 
ARM    210.1  39.7 210.1  39.7 9.45E-06 001.2 174.8 -47.1 0.012490 0.017041 0.003240 hargrave 2020-02-05 09:49:50 
ARM    213.0  15.7 213.0  15.7 2.09E-05 000.6 174.9 -71.2 0.016726 0.015217 0.002981 hargrave 2020-02-05 09:50:49 
ARM    214.3  02.0 214.3  02.0 7.54E-05 000.3 175.3 -85.0 0.037432 0.022150 0.025599 hargrave 2020-02-05 09:51:48 
ARM  1 214.6 -00.0 214.6 -00.0 1.34E-04 000.3 177.3 -87.0 0.062169 0.042539 0.050629 hargrave 2020-02-05 09:52:47 
ARM  1 214.6 -00.9 214.6 -00.9 1.91E-04 000.3 176.8 -87.9 0.084111 0.073846 0.074656 hargrave 2020-02-05 09:53:46 
ARM  1 214.6 -01.3 214.6 -01.3 2.49E-04 000.3 177.4 -88.3 0.106433 0.090238 0.098381 hargrave 2020-02-05 09:54:44 
ARM  1 214.7 -01.6 214.7 -01.6 3.05E-04 000.3 178.3 -88.6 0.130082 0.108961 0.123427 hargrave 2020-02-05 09:55:43 
ARM  1 214.7 -01.8 214.7 -01.8 3.62E-04 000.3 177.8 -88.8 0.162314 0.127582 0.145485 hargrave 2020-02-05 09:56:42 
ARM  1 214.7 -02.1 214.7 -02.1 5.04E-04 000.3 180.0 -89.1 0.221875 0.180657 0.209122 hargrave 2020-02-05 09:57:41 
ARM  2 214.7 -02.2 214.7 -02.2 6.34E-04 000.3 179.1 -89.2 0.290799 0.240991 0.237984 hargrave 2020-02-05 09:59:29 
ARM  2 214.7 -02.3 214.7 -02.3 7.85E-04 000.3 180.3 -89.3 0.355438 0.300603 0.326572 hargrave 2020-02-05 10:00:28 
ARM  2 214.7 -02.4 214.7 -02.4 9.22E-04 000.3 179.8 -89.4 0.413883 0.353917 0.385771 hargrave 2020-02-05 10:01:27 
ARM  2 214.7 -02.5 214.7 -02.5 1.19E-03 000.3 181.2 -89.5 0.529716 0.459581 0.503278 hargrave 2020-02-05 10:02:26 
ARM  3 214.7 -02.5 214.7 -02.5 1.45E-03 000.3 181.6 -89.5 0.644779 0.564563 0.615287 hargrave 2020-02-05 10:03:25 
ARM  4 214.7 -02.5 214.7 -02.5 1.71E-03 000.3 182.7 -89.5 0.754192 0.664244 0.725393 hargrave 2020-02-05 10:04:24 
ARM  4 214.7 -02.6 214.7 -02.6 1.97E-03 000.3 182.6 -89.6 0.866205 0.765757 0.816257 hargrave 2020-02-05 10:05:23 
ARM  4 214.7 -02.6 214.7 -02.6 2.21E-03 000.3 183.5 -89.6 0.953564 0.871321 0.921132 hargrave 2020-02-05 10:06:22 
ARM  5 214.7 -02.6 214.7 -02.6 2.45E-03 000.3 183.0 -89.6 1.055254 0.963075 1.788782 hargrave 2020-02-05 10:07:21 
