AX1- 1b mag compass orientation (IGRF corrected)
      0  71.1  93.0   0.0   0.0   1.0
NRM    026.8 -70.4 026.8 -70.4 3.15E-06 002.8 014.5  16.5 0.011877 0.012773 0.002439 hargrave 2020-02-03 09:27:16 
AF  10 019.5 -75.8 019.5 -75.8 3.02E-06 002.6 009.0  14.0 0.012335 0.011581 0.002452 hargrave 2020-02-03 09:28:36 
AF  20 034.6 -80.7 034.6 -80.7 2.86E-06 002.8 007.5  08.5 0.012988 0.011994 0.002440 hargrave 2020-02-03 09:29:57 
AF  30 049.5 -79.4 049.5 -79.4 2.88E-06 002.6 009.9  06.8 0.012288 0.011362 0.002173 hargrave 2020-02-03 09:31:17 
AF  40 022.6 -87.6 022.6 -87.6 3.19E-06 002.5 001.6  04.8 0.013334 0.012854 0.002557 hargrave 2020-02-03 09:32:38 
AF  50 339.2 -82.8 339.2 -82.8 2.95E-06 002.6 359.8  10.2 0.012319 0.012299 0.002175 hargrave 2020-02-03 09:33:58 
AF  60 007.3 -83.1 007.3 -83.1 3.41E-06 002.4 003.1  09.2 0.013771 0.012694 0.002148 hargrave 2020-02-03 09:35:18 
AF  70 269.5 -84.8 269.5 -84.8 3.60E-06 002.3 355.1  04.6 0.012980 0.014167 0.002342 hargrave 2020-02-03 09:36:38 
AF  80 233.5 -86.8 233.5 -86.8 3.36E-06 002.4 357.0  02.0 0.012739 0.014034 0.002390 hargrave 2020-02-03 09:37:59 
AF  90 116.7 -87.6 116.7 -87.6 3.63E-06 002.3 001.7  01.3 0.012947 0.013516 0.002530 hargrave 2020-02-03 09:39:20 
AF 100 020.0 -83.8 020.0 -83.8 3.47E-06 002.4 003.9  07.8 0.012758 0.012930 0.002482 hargrave 2020-02-03 09:40:40 
AF 120 040.0 -54.9 040.0 -54.9 2.87E-06 002.8 031.6  19.8 0.012334 0.011173 0.002116 hargrave 2020-02-03 09:42:01 
AF 140 068.8 -55.1 068.8 -55.1 3.38E-06 002.5 035.0  03.8 0.013793 0.011184 0.002793 hargrave 2020-02-03 09:43:21 
AF 160 081.3 -40.9 081.3 -40.9 3.68E-06 002.2 048.3 -05.7 0.014026 0.010331 0.002567 hargrave 2020-02-03 09:44:41 
AF 180 105.8 -43.7 105.8 -43.7 4.09E-06 002.0 039.9 -22.0 0.015146 0.009756 0.002977 hargrave 2020-02-03 09:46:02 
AF 200 091.3 -26.8 091.3 -26.8 4.87E-06 001.8 060.8 -16.5 0.017300 0.006868 0.004034 hargrave 2020-02-03 09:47:23 
AF 250 117.7 -20.5 117.7 -20.5 3.02E-06 002.5 059.1 -41.4 0.011155 0.012540 0.002802 hargrave 2020-02-03 09:48:43 
AF 300 147.5  26.1 147.5  26.1 4.56E-06 001.7 151.8 -63.5 0.009299 0.010898 0.001267 hargrave 2020-02-03 09:50:03 
AF 350 140.0  43.0 140.0  43.0 5.78E-06 001.2 157.8 -45.8 0.007522 0.011207 0.001086 hargrave 2020-02-03 09:51:23 
AF 400 121.5  40.0 121.5  40.0 1.03E-05 001.0 141.4 -38.5 0.007035 0.020824 0.004194 hargrave 2020-02-03 09:52:45 
AF 450 122.5  51.0 122.5  51.0 1.00E-05 001.0 152.4 -32.1 0.009989 0.020523 0.005346 hargrave 2020-02-03 09:54:05 
AF 500 125.2  48.0 125.2  48.0 1.27E-05 000.9 151.2 -35.4 0.012022 0.022779 0.005512 hargrave 2020-02-03 09:55:26 
AF 550 130.3  61.3 130.3  61.3 1.29E-05 001.2 164.0 -27.2 0.017646 0.030121 0.006532 hargrave 2020-02-03 09:56:46 
AF 600 155.2  41.0 155.2  41.0 1.58E-05 001.0 172.8 -51.7 0.016485 0.025169 0.003675 hargrave 2020-02-03 09:58:07 
AF 650 146.7  41.7 146.7  41.7 1.82E-05 001.0 163.4 -49.2 0.019101 0.027093 0.005088 hargrave 2020-02-03 09:59:28 
AF 700 138.4  51.4 138.4  51.4 1.52E-05 001.2 162.2 -38.0 0.014697 0.029999 0.006403 hargrave 2020-02-03 10:00:48 
AF 750 142.8  41.5 142.8  41.5 1.55E-05 000.9 159.4 -48.2 0.012745 0.023072 0.004249 hargrave 2020-02-03 10:02:08 
AF 800 153.3  30.4 153.3  30.4 1.44E-05 000.7 165.7 -61.7 0.010501 0.015445 0.002690 hargrave 2020-02-03 10:03:29 
AF 850 144.4  17.8 144.4  17.8 1.24E-05 000.7 133.2 -67.9 0.008257 0.012285 0.002163 hargrave 2020-02-03 10:04:49 
AF 900 159.3  20.5 159.3  20.5 1.16E-05 000.7 174.4 -72.4 0.006965 0.012359 0.005222 hargrave 2020-02-03 10:06:11 
AF 950 149.9  01.6 149.9  01.6 1.11E-05 000.8 083.0 -78.7 0.014002 0.007227 0.008426 hargrave 2020-02-03 10:07:32 
AF1000 154.0 -14.1 154.0 -14.1 1.43E-05 000.9 022.3 -71.5 0.021991 0.006465 0.011301 hargrave 2020-02-03 10:08:52 
AF1050 167.7  04.3 167.7  04.3 1.67E-05 000.4 258.5 -83.3 0.011977 0.005496 0.011601 hargrave 2020-02-03 10:10:13 
AF1100 166.5 -09.0 166.5 -09.0 2.01E-05 000.7 335.8 -76.8 0.018448 0.013125 0.016502 hargrave 2020-02-03 10:11:34 
AF1150 163.9 -13.0 163.9 -13.0 2.38E-05 000.8 350.2 -73.7 0.025198 0.019501 0.017571 hargrave 2020-02-03 10:12:56 
AF1200 162.3 -20.3 162.3 -20.3 2.65E-05 000.7 357.3 -66.6 0.027998 0.018576 0.023112 hargrave 2020-02-03 10:14:18 
AF1250 153.8 -32.7 153.8 -32.7 2.21E-05 000.9 010.4 -53.7 0.037533 0.012962 0.023473 hargrave 2020-02-03 10:15:40 
AF1300 161.2 -36.7 161.2 -36.7 2.55E-05 000.9 359.9 -50.3 0.043099 0.021405 0.027940 hargrave 2020-02-03 10:17:03 
ARM    161.2 -36.7 161.2 -36.7 2.55E-05 001.0 359.9 -50.3 0.043833 0.022552 0.028155 hargrave 2020-02-03 10:18:04 
ARM    161.2 -36.7 161.2 -36.7 2.55E-05 001.0 359.9 -50.3 0.044050 0.022335 0.028001 hargrave 2020-02-03 10:19:03 
ARM    161.1 -36.7 161.1 -36.7 2.55E-05 001.0 359.9 -50.3 0.043697 0.022368 0.027964 hargrave 2020-02-03 10:20:02 
ARM    161.1 -36.6 161.1 -36.6 2.56E-05 001.0 000.0 -50.4 0.044026 0.022400 0.028117 hargrave 2020-02-03 10:21:01 
ARM    161.1 -36.7 161.1 -36.7 2.56E-05 001.0 360.0 -50.3 0.044268 0.022533 0.027961 hargrave 2020-02-03 10:22:00 
ARM    161.2 -37.0 161.2 -37.0 2.56E-05 001.0 359.9 -50.0 0.044875 0.022759 0.027768 hargrave 2020-02-03 10:22:59 
ARM    161.2 -37.3 161.2 -37.3 2.55E-05 001.0 359.8 -49.7 0.045092 0.022719 0.028092 hargrave 2020-02-03 10:23:58 
ARM    161.2 -37.4 161.2 -37.4 2.55E-05 001.0 359.9 -49.6 0.044867 0.022476 0.028060 hargrave 2020-02-03 10:24:57 
ARM    161.2 -37.8 161.2 -37.8 2.56E-05 001.0 359.9 -49.2 0.045360 0.022879 0.028205 hargrave 2020-02-03 10:25:56 
ARM    160.7 -38.4 160.7 -38.4 2.54E-05 001.0 000.4 -48.6 0.045947 0.022441 0.028283 hargrave 2020-02-03 10:26:54 
ARM    161.2 -38.7 161.2 -38.7 2.56E-05 001.0 359.9 -48.3 0.046093 0.023264 0.028571 hargrave 2020-02-03 10:27:54 
ARM    161.8 -39.2 161.8 -39.2 2.63E-05 001.0 359.2 -47.8 0.046974 0.024882 0.028794 hargrave 2020-02-03 10:28:53 
ARM    162.5 -42.7 162.5 -42.7 2.53E-05 001.0 358.6 -44.3 0.048571 0.026090 0.029372 hargrave 2020-02-03 10:29:52 
ARM    160.7 -45.4 160.7 -45.4 2.54E-05 001.1 000.4 -41.6 0.050443 0.025781 0.029640 hargrave 2020-02-03 10:30:51 
ARM    161.4 -46.8 161.4 -46.8 2.57E-05 001.1 359.7 -40.2 0.051933 0.021110 0.029727 hargrave 2020-02-03 10:31:51 
ARM    165.9 -51.4 165.9 -51.4 2.65E-05 001.5 356.3 -35.4 0.061247 0.036683 0.031154 hargrave 2020-02-03 10:32:50 
ARM    168.1 -54.3 168.1 -54.3 2.95E-05 001.6 355.2 -32.4 0.048185 0.068457 0.033256 hargrave 2020-02-03 10:33:49 
ARM    173.4 -57.6 173.4 -57.6 3.24E-05 001.5 352.5 -28.6 0.047606 0.070478 0.035920 hargrave 2020-02-03 10:34:48 
ARM    195.0 -66.3 195.0 -66.3 3.15E-05 001.5 346.5 -16.6 0.040378 0.072717 0.036531 hargrave 2020-02-03 10:35:47 
ARM    180.1 -50.3 180.1 -50.3 3.71E-05 001.0 345.5 -34.2 0.020717 0.053652 0.037703 hargrave 2020-02-03 10:36:46 
ARM    195.6 -62.9 195.6 -62.9 3.65E-05 001.0 344.2 -19.2 0.026189 0.050114 0.038781 hargrave 2020-02-03 10:37:46 
ARM    190.8 -58.4 190.8 -58.4 3.65E-05 001.0 343.5 -24.2 0.022767 0.053504 0.035311 hargrave 2020-02-03 10:38:45 
ARM    189.5 -61.3 189.5 -61.3 3.42E-05 001.1 345.7 -22.1 0.021958 0.055287 0.033469 hargrave 2020-02-03 10:39:44 
ARM    180.3 -45.2 180.3 -45.2 3.80E-05 001.0 342.7 -38.8 0.017187 0.055453 0.033238 hargrave 2020-02-03 10:40:43 
ARM    177.0 -39.7 177.0 -39.7 4.06E-05 000.9 342.7 -44.9 0.016466 0.055763 0.031241 hargrave 2020-02-03 10:41:42 
ARM    182.5 -43.2 182.5 -43.2 3.45E-05 001.1 339.7 -39.9 0.017155 0.062096 0.027813 hargrave 2020-02-03 10:42:41 
ARM    192.1 -52.0 192.1 -52.0 2.81E-05 001.4 338.8 -29.0 0.011455 0.066583 0.023723 hargrave 2020-02-03 10:43:41 
ARM    190.5 -45.3 190.5 -45.3 2.73E-05 000.8 335.0 -35.1 0.055846 0.030622 0.019744 hargrave 2020-02-03 10:44:40 
ARM    187.4 -38.1 187.4 -38.1 2.61E-05 000.9 331.9 -42.3 0.038555 0.031895 0.015657 hargrave 2020-02-03 10:45:39 
ARM    176.8 -38.5 176.8 -38.5 1.53E-05 000.9 342.2 -46.1 0.027187 0.022163 0.011896 hargrave 2020-02-03 10:46:37 
ARM    189.7 -27.8 189.7 -27.8 1.92E-05 000.8 320.2 -48.7 0.022893 0.031123 0.009653 hargrave 2020-02-03 10:47:36 
ARM    188.8 -10.5 188.8 -10.5 1.22E-05 000.7 296.5 -59.3 0.011046 0.013510 0.005496 hargrave 2020-02-03 10:48:35 
ARM    166.3 -00.9 166.3 -00.9 4.84E-05 000.2 307.1 -83.5 0.012703 0.014768 0.008505 hargrave 2020-02-03 10:49:34 
ARM    163.6  05.2 163.6  05.2 4.51E-05 000.2 228.3 -86.6 0.015876 0.006125 0.005470 hargrave 2020-02-03 10:50:33 
ARM    169.8  14.9 169.8  14.9 2.49E-05 000.5 215.3 -75.3 0.016889 0.013601 0.008322 hargrave 2020-02-03 10:51:32 
ARM    184.9  31.6 184.9  31.6 1.53E-05 001.0 215.5 -53.7 0.021115 0.013861 0.011005 hargrave 2020-02-03 10:52:31 
ARM    170.0  29.6 170.0  29.6 2.64E-05 000.8 196.6 -62.1 0.029587 0.024547 0.011739 hargrave 2020-02-03 10:53:30 
AFz 10 169.9  29.7 169.9  29.7 2.63E-05 000.8 196.5 -62.0 0.028794 0.024159 0.011538 hargrave 2020-02-03 10:54:26 
AFz 20 170.0  29.7 170.0  29.7 2.63E-05 000.8 196.6 -62.0 0.029703 0.024058 0.011525 hargrave 2020-02-03 10:55:22 
AFz 30 169.9  29.7 169.9  29.7 2.63E-05 000.8 196.5 -62.0 0.029378 0.024446 0.011544 hargrave 2020-02-03 10:56:18 
AFz 40 170.0  29.7 170.0  29.7 2.63E-05 000.8 196.6 -62.0 0.029208 0.024537 0.011425 hargrave 2020-02-03 10:57:14 
AFz 50 169.9  29.7 169.9  29.7 2.63E-05 000.8 196.4 -62.0 0.028970 0.024404 0.011452 hargrave 2020-02-03 10:58:10 
AFz 60 169.9  29.8 169.9  29.8 2.62E-05 000.8 196.4 -61.9 0.029803 0.024237 0.011847 hargrave 2020-02-03 10:59:05 
AFz 70 170.0  30.1 170.0  30.1 2.62E-05 000.8 196.3 -61.7 0.029770 0.023850 0.012361 hargrave 2020-02-03 11:14:24 
AFz 80 169.9  29.8 169.9  29.8 2.63E-05 000.8 196.5 -62.0 0.029479 0.025106 0.011767 hargrave 2020-02-03 11:15:20 
AFz 90 170.1  29.8 170.1  29.8 2.62E-05 000.8 196.8 -61.9 0.029250 0.024431 0.011414 hargrave 2020-02-03 11:16:16 
AFz100 169.9  29.7 169.9  29.7 2.61E-05 000.8 196.4 -62.0 0.030081 0.024229 0.011534 hargrave 2020-02-03 11:17:12 
AFz120 169.1  29.9 169.1  29.9 2.61E-05 000.8 195.0 -62.1 0.029407 0.024761 0.011791 hargrave 2020-02-03 11:18:08 
AFz140 169.2  29.9 169.2  29.9 2.59E-05 000.8 195.2 -62.0 0.028648 0.024885 0.011002 hargrave 2020-02-03 11:19:04 
AFz160 168.7  30.2 168.7  30.2 2.54E-05 000.9 194.1 -61.8 0.028384 0.025392 0.011535 hargrave 2020-02-03 11:20:00 
AFz180 169.0  29.4 169.0  29.4 2.54E-05 000.8 195.1 -62.6 0.027687 0.024445 0.011529 hargrave 2020-02-03 11:20:56 
AFz200 169.1  30.1 169.1  30.1 2.50E-05 000.9 194.8 -61.9 0.027497 0.025076 0.011855 hargrave 2020-02-03 11:21:53 
AFz250 169.5  32.1 169.5  32.1 2.43E-05 000.9 194.3 -59.8 0.028293 0.025218 0.011660 hargrave 2020-02-03 11:22:48 
AFz300 171.7  31.3 171.7  31.3 2.59E-05 000.9 198.4 -60.0 0.031254 0.024685 0.011458 hargrave 2020-02-03 11:23:44 
AFz350 176.3  41.6 176.3  41.6 1.81E-05 001.2 197.4 -49.1 0.026380 0.025068 0.013423 hargrave 2020-02-03 11:24:40 
AFz400 189.6  53.9 189.6  53.9 1.52E-05 001.4 199.8 -34.0 0.027955 0.025581 0.015282 hargrave 2020-02-03 11:25:36 
AFz450 186.2  60.4 186.2  60.4 1.48E-05 001.5 193.9 -29.5 0.026485 0.028517 0.015610 hargrave 2020-02-03 11:26:32 
AFz500 178.7  39.1 178.7  39.1 1.73E-05 001.2 201.6 -50.5 0.025181 0.025586 0.013049 hargrave 2020-02-03 11:27:27 
AFz550 191.9  57.8 191.9  57.8 1.31E-05 001.6 198.4 -30.1 0.024975 0.027258 0.015284 hargrave 2020-02-03 11:28:23 
AFz600 174.5  39.7 174.5  39.7 1.78E-05 001.2 196.6 -51.4 0.025333 0.024963 0.014206 hargrave 2020-02-03 11:29:19 
AFz650 178.0  43.6 178.0  43.6 1.82E-05 001.2 197.8 -46.7 0.028675 0.024943 0.015516 hargrave 2020-02-03 11:30:15 
AFz700 170.3  29.7 170.3  29.7 2.36E-05 000.8 197.1 -61.9 0.027367 0.018102 0.013724 hargrave 2020-02-03 11:31:10 
AFz750 182.1  32.4 182.1  32.4 1.91E-05 001.0 211.5 -54.6 0.027203 0.020237 0.012421 hargrave 2020-02-03 11:32:06 
AFz800 189.9  35.5 189.9  35.5 1.83E-05 001.1 215.9 -47.9 0.030824 0.019207 0.012360 hargrave 2020-02-03 11:33:03 
AFz850 172.1  24.8 172.1  24.8 2.76E-05 000.8 205.0 -65.7 0.030776 0.019376 0.012721 hargrave 2020-02-03 11:33:59 
AFz900 169.7  19.5 169.7  19.5 2.96E-05 000.6 206.4 -71.5 0.025600 0.016691 0.011027 hargrave 2020-02-03 11:34:54 
AFz950 177.8  29.3 177.8  29.3 2.31E-05 000.9 209.4 -59.3 0.029797 0.019061 0.013178 hargrave 2020-02-03 11:35:50 
AFz000 171.8  25.1 171.8  25.1 3.02E-05 000.7 204.1 -65.6 0.032438 0.020182 0.011972 hargrave 2020-02-03 11:36:45 
AFz050 168.4  23.3 168.4  23.3 3.00E-05 000.7 198.6 -68.5 0.028986 0.021479 0.013040 hargrave 2020-02-03 11:37:41 
AFz100 174.5  29.3 174.5  29.3 2.82E-05 000.9 204.5 -60.8 0.036320 0.021133 0.012919 hargrave 2020-02-03 11:38:36 
AFz150 173.6  32.6 173.6  32.6 2.55E-05 000.9 200.2 -58.2 0.030939 0.022981 0.012765 hargrave 2020-02-03 11:39:32 
AFz200 186.9  41.4 186.9  41.4 2.05E-05 001.2 207.6 -45.2 0.034291 0.023957 0.015638 hargrave 2020-02-03 11:40:27 
AFz250 176.8  40.9 176.8  40.9 2.25E-05 001.1 198.4 -49.5 0.033546 0.025084 0.014259 hargrave 2020-02-03 11:41:23 
AFz300 172.4  30.3 172.4  30.3 2.94E-05 000.8 200.3 -60.7 0.034597 0.021414 0.013341 hargrave 2020-02-03 11:42:18 
AFz500 170.2  29.2 170.2  29.2 3.26E-05 000.8 197.3 -62.4 0.036556 0.023287 0.013535 hargrave 2020-02-03 11:43:14 
ARM    176.8  32.0 176.8  32.0 2.45E-05 000.9 205.3 -57.4 0.031254 0.022418 0.011251 hargrave 2020-02-03 11:44:13 
ARM    172.2  32.5 172.2  32.5 2.59E-05 000.9 198.1 -58.7 0.032300 0.025103 0.012435 hargrave 2020-02-03 11:45:12 
ARM    176.6  34.4 176.6  34.4 2.32E-05 001.0 202.9 -55.5 0.031443 0.022670 0.012021 hargrave 2020-02-03 11:46:10 
ARM    177.4  35.4 177.4  35.4 2.31E-05 001.0 203.1 -54.3 0.033162 0.023551 0.012268 hargrave 2020-02-03 11:47:08 
ARM    163.3  07.0 163.3  07.0 1.97E-04 000.3 208.6 -85.4 0.100663 0.056732 0.033837 hargrave 2020-02-03 11:48:07 
ARM  1 162.2  04.5 162.2  04.5 5.33E-04 000.3 215.0 -88.2 0.237616 0.188394 0.113783 hargrave 2020-02-03 11:49:05 
ARM  1 161.9  03.9 161.9  03.9 8.83E-04 000.3 221.7 -88.7 0.376080 0.315892 0.197587 hargrave 2020-02-03 11:50:03 
ARM  1 161.8  03.7 161.8  03.7 1.21E-03 000.3 227.2 -89.0 0.523361 0.440173 0.277966 hargrave 2020-02-03 11:51:01 
ARM  1 161.7  03.5 161.7  03.5 1.58E-03 000.3 228.6 -89.2 0.676277 0.556966 0.365146 hargrave 2020-02-03 11:52:00 
ARM  1 161.7  03.4 161.7  03.4 1.93E-03 000.3 233.4 -89.3 0.819704 0.696307 0.452006 hargrave 2020-02-03 11:52:58 
ARM  1 161.7  03.4 161.7  03.4 2.77E-03 000.3 236.9 -89.3 1.117834 1.092262 0.649038 hargrave 2020-02-03 11:53:56 
ARM  2 161.6  03.3 161.6  03.3 3.65E-03 000.3 241.0 -89.4 1.477485 1.421910 0.862739 hargrave 2020-02-03 11:54:55 
ARM  2 161.6  03.2 161.6  03.2 4.52E-03 000.3 244.5 -89.5 1.862957 1.774639 1.057715 hargrave 2020-02-03 11:55:55 
ARM  2 161.6  03.2 161.6  03.2 5.39E-03 000.3 244.6 -89.5 2.210205 2.088143 1.256241 hargrave 2020-02-03 11:56:53 
ARM  2 161.6  03.2 161.6  03.2 7.06E-03 000.3 248.7 -89.5 2.916867 2.770922 1.664930 hargrave 2020-02-03 11:57:52 
ARM  3 161.5  03.2 161.5  03.2 8.78E-03 000.3 249.4 -89.5 3.632341 3.466904 2.114748 hargrave 2020-02-03 11:58:51 
ARM  4 161.5  03.1 161.5  03.1 1.05E-02 000.3 251.3 -89.5 4.349896 4.133928 2.465352 hargrave 2020-02-03 11:59:52 
ARM  4 161.5  03.1 161.5  03.1 1.21E-02 000.3 251.9 -89.5 4.990268 4.761528 2.615599 hargrave 2020-02-03 12:01:44 
ARM  4 161.5  03.1 161.5  03.1 1.38E-02 000.3 252.2 -89.5 5.633586 5.444847 2.661791 hargrave 2020-02-03 12:03:38 
ARM  5 161.5  03.1 161.5  03.1 1.55E-02 000.3 253.2 -89.6 6.390740 6.101926 3.659409 hargrave 2020-02-03 12:04:40 
