AX13- 4b mag compass orientation (IGRF corrected)
      0 241.0  98.0   0.0   0.0   1.0
NRM    329.6  76.3 329.6  76.3 7.22E-07 001.1 179.6 -21.7 0.001417 0.000962 0.000740 hargrave 2020-02-07 15:18:52 
AF  10 332.1  75.3 332.1  75.3 7.05E-07 001.1 180.3 -22.7 0.001085 0.001113 0.000797 hargrave 2020-02-07 15:20:11 
AF  20 358.5  79.3 358.5  79.3 6.53E-07 001.2 185.2 -17.4 0.001065 0.001231 0.000779 hargrave 2020-02-07 15:21:30 
AF  30 309.9  85.1 309.9  85.1 5.92E-07 000.9 178.2 -12.6 0.001201 0.000691 0.000592 hargrave 2020-02-07 15:22:49 
AF  40 298.4  68.5 298.4  68.5 6.38E-07 001.1 167.3 -25.8 0.000975 0.001091 0.000703 hargrave 2020-02-07 15:24:09 
AF  50 296.4  70.9 296.4  70.9 6.62E-07 001.0 168.3 -23.5 0.001289 0.000751 0.000602 hargrave 2020-02-07 15:25:28 
AF  60 330.7  69.5 330.7  69.5 6.72E-07 001.1 179.9 -28.5 0.001251 0.001122 0.000602 hargrave 2020-02-07 15:26:48 
AF  70 337.5  75.1 337.5  75.1 7.16E-07 001.2 181.8 -22.8 0.001424 0.001008 0.000844 hargrave 2020-02-07 15:28:07 
AF  80 349.9  67.3 349.9  67.3 6.51E-07 001.0 188.2 -29.4 0.001333 0.000671 0.000630 hargrave 2020-02-07 15:29:26 
AF  90 355.2  47.1 355.2  47.1 8.29E-07 001.0 203.6 -45.8 0.001739 0.000931 0.000404 hargrave 2020-02-07 15:30:45 
AF 100 001.4  26.3 001.4  26.3 7.33E-07 001.3 233.9 -55.8 0.001370 0.001391 0.000693 hargrave 2020-02-07 15:32:04 
AF 120 352.1  43.0 352.1  43.0 8.40E-07 000.9 204.4 -50.4 0.001252 0.001080 0.000305 hargrave 2020-02-07 15:33:24 
AF 140 352.0  51.3 352.0  51.3 9.74E-07 000.9 198.0 -43.4 0.001220 0.001155 0.000699 hargrave 2020-02-07 15:34:43 
AF 160 306.5  56.5 306.5  56.5 7.39E-07 001.0 163.1 -37.8 0.001015 0.000893 0.000409 hargrave 2020-02-07 15:36:03 
AF 180 302.8  37.5 302.8  37.5 9.33E-07 000.9 143.4 -51.0 0.000897 0.001270 0.000354 hargrave 2020-02-07 15:37:22 
AF 200 327.6  20.7 327.6  20.7 1.21E-06 000.6 165.8 -76.9 0.000964 0.000848 0.000133 hargrave 2020-02-07 15:38:42 
AF 250 320.6  59.6 320.6  59.6 6.50E-07 001.0 173.3 -37.8 0.000899 0.000214 0.000847 hargrave 2020-02-07 15:40:02 
AF 300 333.2  32.9 333.2  32.9 1.42E-06 000.5 184.4 -65.0 0.001079 0.000728 0.000381 hargrave 2020-02-07 15:41:22 
AF 350 321.8  50.3 321.8  50.3 7.78E-07 001.4 171.4 -47.0 0.001392 0.001352 0.000938 hargrave 2020-02-07 15:42:41 
AF 400 035.4  80.4 035.4  80.4 7.54E-07 001.4 188.8 -12.0 0.001272 0.001387 0.000870 hargrave 2020-02-07 15:44:01 
AF 450 339.7  75.9 339.7  75.9 7.12E-07 001.1 182.3 -21.9 0.000931 0.001150 0.000757 hargrave 2020-02-07 15:45:20 
AF 500 264.6  72.1 264.6  72.1 7.72E-07 001.6 163.1 -14.7 0.001153 0.001988 0.000913 hargrave 2020-02-07 15:46:39 
AF 550 317.4  43.6 317.4  43.6 5.34E-07 001.6 163.8 -52.5 0.000973 0.001282 0.000272 hargrave 2020-02-07 15:47:59 
AF 600 338.2  27.2 338.2  27.2 1.04E-06 000.8 198.7 -69.6 0.001135 0.000884 0.000276 hargrave 2020-02-07 15:49:18 
AF 650 305.8  20.2 305.8  20.2 1.08E-06 001.5 119.3 -62.7 0.001563 0.002546 0.000377 hargrave 2020-02-07 15:50:38 
AF 700 286.1  61.6 286.1  61.6 8.99E-07 001.4 157.9 -27.1 0.000921 0.002403 0.000767 hargrave 2020-02-07 15:51:57 
AF 750 115.6  74.0 115.6  74.0 4.98E-07 001.3 189.2  05.1 0.000822 0.000946 0.000391 hargrave 2020-02-07 15:53:17 
AF 800 296.7  75.5 296.7  75.5 1.03E-06 001.7 171.3 -19.9 0.001529 0.003100 0.000542 hargrave 2020-02-07 15:54:36 
AF 850 302.2  47.8 302.2  47.8 1.00E-06 001.4 153.6 -43.3 0.001430 0.002203 0.000536 hargrave 2020-02-07 15:55:56 
AF 900 322.7  41.4 322.7  41.4 1.27E-06 001.1 168.9 -55.8 0.001199 0.002130 0.000723 hargrave 2020-02-07 15:57:16 
AF 950 336.5  42.9 336.5  42.9 1.21E-06 001.5 187.0 -54.7 0.001707 0.002794 0.000360 hargrave 2020-02-07 15:58:36 
AF1000 289.4  21.9 289.4  21.9 1.23E-06 001.1 113.9 -47.6 0.001078 0.002799 0.000451 hargrave 2020-02-07 15:59:56 
AF1050 340.2  39.9 340.2  39.9 1.25E-06 001.2 193.0 -57.0 0.000706 0.002563 0.000214 hargrave 2020-02-07 16:01:16 
AF1100 158.5  57.0 158.5  57.0 7.01E-07 001.1 175.5  24.7 0.001256 0.001345 0.000414 hargrave 2020-02-07 16:02:36 
AF1150 006.6  53.6 006.6  53.6 9.70E-07 001.6 205.3 -36.1 0.001353 0.002335 0.000448 hargrave 2020-02-07 16:03:57 
AF1200 096.5  47.6 096.5  47.6 8.88E-07 001.8 214.9  16.5 0.001454 0.002408 0.000870 hargrave 2020-02-07 16:05:18 
AF1250 332.6  72.7 332.6  72.7 5.12E-07 002.9 180.5 -25.3 0.000975 0.002559 0.000441 hargrave 2020-02-07 16:06:39 
AF1300 218.9  50.8 218.9  50.8 6.54E-07 003.1 143.9  07.3 0.001459 0.003629 0.000421 hargrave 2020-02-07 16:08:02 
ARM    219.2  50.9 219.2  50.9 6.47E-07 003.2 143.8  07.1 0.001493 0.003678 0.000425 hargrave 2020-02-07 16:09:01 
ARM    217.2  49.2 217.2  49.2 6.50E-07 003.1 142.7  09.0 0.001416 0.003653 0.000377 hargrave 2020-02-07 16:10:00 
ARM    213.0  47.9 213.0  47.9 6.55E-07 003.5 142.7  12.0 0.002073 0.003868 0.000408 hargrave 2020-02-07 16:10:59 
ARM    212.5  47.2 212.5  47.2 6.13E-07 003.2 142.3  12.6 0.001217 0.003613 0.000429 hargrave 2020-02-07 16:11:57 
ARM    213.6  45.6 213.6  45.6 6.63E-07 003.0 140.4  12.7 0.001211 0.003719 0.000492 hargrave 2020-02-07 16:12:56 
ARM    215.1  46.4 215.1  46.4 6.08E-07 003.2 140.8  11.4 0.001333 0.003563 0.000409 hargrave 2020-02-07 16:13:54 
ARM    203.8  42.2 203.8  42.2 6.65E-07 003.0 141.0  20.5 0.001148 0.003682 0.000388 hargrave 2020-02-07 16:14:53 
ARM    196.8  42.1 196.8  42.1 7.49E-07 002.7 144.1  24.8 0.001246 0.003620 0.000396 hargrave 2020-02-07 16:15:52 
ARM    201.2  47.8 201.2  47.8 7.46E-07 002.7 146.9  18.8 0.001106 0.003658 0.000421 hargrave 2020-02-07 16:16:50 
ARM    197.0  49.1 197.0  49.1 8.29E-07 002.8 149.8  20.2 0.001711 0.004016 0.000409 hargrave 2020-02-07 16:17:49 
ARM    212.1  52.0 212.1  52.0 8.33E-07 002.6 146.7  10.7 0.001763 0.003443 0.000409 hargrave 2020-02-07 16:18:48 
ARM    196.4  37.3 196.4  37.3 7.50E-07 002.6 140.1  28.0 0.001320 0.003564 0.000383 hargrave 2020-02-07 16:19:47 
ARM    208.8  42.4 208.8  42.4 8.41E-07 002.8 139.1  17.2 0.001835 0.004041 0.000381 hargrave 2020-02-07 16:20:46 
ARM    212.8  38.5 212.8  38.5 6.19E-07 003.7 134.1  16.3 0.002225 0.003721 0.000341 hargrave 2020-02-07 16:21:44 
ARM    211.0  43.8 211.0  43.8 6.96E-07 003.7 139.6  15.2 0.002310 0.004330 0.000429 hargrave 2020-02-07 16:22:43 
ARM    187.1  41.4 187.1  41.4 5.73E-07 004.8 149.1  30.5 0.002579 0.004468 0.000384 hargrave 2020-02-07 16:23:42 
ARM    116.1 -56.3 116.1 -56.3 1.75E-07 009.1 337.4  34.5 0.001854 0.002235 0.000507 hargrave 2020-02-07 16:26:16 
ARM    128.7 -20.0 128.7 -20.0 3.90E-07 004.1 301.5  65.3 0.001596 0.002349 0.000334 hargrave 2020-02-07 16:28:02 
ARM    140.5  01.4 140.5  01.4 7.89E-07 002.1 228.6  75.9 0.001713 0.002413 0.000470 hargrave 2020-02-07 16:29:48 
ARM    136.8 -04.2 136.8 -04.2 1.57E-06 001.0 255.7  75.3 0.001769 0.002137 0.000797 hargrave 2020-02-07 16:30:47 
ARM    145.0 -01.5 145.0 -01.5 1.51E-06 001.2 222.5  81.2 0.001897 0.002570 0.000847 hargrave 2020-02-07 16:32:33 
ARM    154.1  02.7 154.1  02.7 2.36E-06 001.2 164.0  78.9 0.002751 0.003752 0.001185 hargrave 2020-02-07 16:33:32 
ARM    146.6 -04.6 146.6 -04.6 3.50E-06 000.7 232.3  84.5 0.002708 0.003564 0.000702 hargrave 2020-02-07 16:34:31 
ARM    152.9 -04.6 152.9 -04.6 5.03E-06 000.6 151.3  86.1 0.003325 0.004281 0.001822 hargrave 2020-02-07 16:35:29 
ARM    147.7 -04.7 147.7 -04.7 4.84E-06 000.5 224.6  85.4 0.002411 0.003245 0.001365 hargrave 2020-02-07 16:36:28 
ARM    146.3 -07.4 146.3 -07.4 6.42E-06 000.5 262.8  85.3 0.003893 0.004507 0.002405 hargrave 2020-02-07 16:37:27 
ARM    142.2 -09.5 142.2 -09.5 5.05E-06 000.5 280.7  81.2 0.003091 0.003661 0.001333 hargrave 2020-02-07 16:38:25 
ARM    147.7 -06.3 147.7 -06.3 6.76E-06 000.5 242.6  86.3 0.003678 0.004266 0.002242 hargrave 2020-02-07 16:39:24 
ARM    146.3 -07.9 146.3 -07.9 4.56E-06 000.6 269.5  85.3 0.004059 0.003197 0.001096 hargrave 2020-02-07 16:40:23 
ARM    145.1 -07.7 145.1 -07.7 4.01E-06 000.5 267.5  84.1 0.002774 0.002617 0.001277 hargrave 2020-02-07 16:41:21 
ARM    150.9 -01.2 150.9 -01.2 2.74E-06 000.6 181.2  83.2 0.002224 0.002092 0.000503 hargrave 2020-02-07 16:42:20 
ARM    145.9 -04.1 145.9 -04.1 5.38E-06 000.5 232.8  83.6 0.002991 0.003305 0.001494 hargrave 2020-02-07 16:43:19 
ARM    146.4 -04.5 146.4 -04.5 3.89E-06 000.7 233.4  84.3 0.003097 0.003728 0.000990 hargrave 2020-02-07 16:44:18 
ARM    148.6  00.5 148.6  00.5 3.74E-06 000.7 195.9  81.2 0.002796 0.003342 0.001616 hargrave 2020-02-07 16:45:16 
ARM    336.2  09.7 336.2  09.7 2.03E-06 000.6 251.8 -84.6 0.001601 0.001443 0.000999 hargrave 2020-02-07 16:46:15 
ARM    123.2 -15.7 123.2 -15.7 1.09E-06 001.6 288.3  61.8 0.001886 0.002627 0.000197 hargrave 2020-02-07 16:47:13 
ARM    121.1  09.3 121.1  09.3 8.32E-07 001.1 240.4  55.5 0.000963 0.001384 0.000178 hargrave 2020-02-07 16:48:12 
AFz 10 120.9  09.4 120.9  09.4 8.27E-07 001.1 240.4  55.4 0.001049 0.001410 0.000261 hargrave 2020-02-07 16:49:08 
AFz 20 121.1  09.6 121.1  09.6 8.28E-07 001.0 240.0  55.4 0.000955 0.001425 0.000274 hargrave 2020-02-07 16:50:03 
AFz 30 121.2  09.8 121.2  09.8 8.17E-07 001.0 239.6  55.3 0.000985 0.001418 0.000323 hargrave 2020-02-07 16:50:58 
AFz 40 119.7  09.7 119.7  09.7 8.24E-07 001.1 241.0  54.2 0.000944 0.001402 0.000231 hargrave 2020-02-07 16:51:53 
AFz 50 118.3  10.2 118.3  10.2 8.18E-07 001.0 241.4  52.6 0.001046 0.001463 0.000366 hargrave 2020-02-07 16:52:49 
AFz 60 119.4  08.9 119.4  08.9 8.32E-07 001.1 242.4  54.2 0.000942 0.001465 0.000406 hargrave 2020-02-07 16:53:45 
AFz 70 120.5  07.2 120.5  07.2 8.31E-07 001.0 244.2  56.0 0.000963 0.001459 0.000435 hargrave 2020-02-07 16:54:40 
AFz 80 125.4  10.2 125.4  10.2 9.21E-07 000.9 235.0  58.6 0.001018 0.001341 0.000400 hargrave 2020-02-07 16:55:36 
AFz 90 128.3  07.3 128.3  07.3 8.31E-07 001.0 236.5  62.7 0.000940 0.001301 0.000446 hargrave 2020-02-07 16:56:31 
AFz100 126.1  08.1 126.1  08.1 8.67E-07 001.0 237.6  60.5 0.000909 0.001389 0.000406 hargrave 2020-02-07 16:57:26 
AFz120 124.3  14.6 124.3  14.6 8.25E-07 001.1 229.7  55.2 0.001232 0.001440 0.000372 hargrave 2020-02-07 16:58:21 
AFz140 130.3  16.3 130.3  16.3 7.82E-07 001.1 220.1  58.2 0.001124 0.001175 0.000326 hargrave 2020-02-07 16:59:17 
AFz160 126.6  08.9 126.6  08.9 9.37E-07 001.0 235.7  60.4 0.001059 0.001348 0.000254 hargrave 2020-02-07 17:00:12 
AFz180 128.7  09.7 128.7  09.7 9.12E-07 000.9 231.8  61.5 0.001039 0.001197 0.000372 hargrave 2020-02-07 17:01:07 
AFz200 117.4  07.3 117.4  07.3 7.90E-07 001.3 246.4  53.2 0.001143 0.001705 0.000328 hargrave 2020-02-07 17:02:03 
AFz250 134.0  10.6 134.0  10.6 1.12E-06 000.6 222.6  64.8 0.001049 0.000747 0.000769 hargrave 2020-02-07 17:02:58 
AFz300 133.9  01.8 133.9  01.8 8.82E-07 001.0 240.9  70.4 0.001060 0.001222 0.000622 hargrave 2020-02-07 17:03:53 
AFz350 107.7  30.5 107.7  30.5 8.44E-07 000.7 225.0  33.4 0.001450 0.000691 0.000391 hargrave 2020-02-07 17:04:49 
AFz400 113.7 -11.5 113.7 -11.5 8.20E-07 001.5 278.5  53.1 0.001614 0.001927 0.000449 hargrave 2020-02-07 17:05:44 
AFz450 113.2  09.1 113.2  09.1 9.74E-07 000.9 246.3  48.6 0.001125 0.001353 0.000961 hargrave 2020-02-07 17:06:40 
AFz500 104.9  14.5 104.9  14.5 8.71E-07 001.2 243.9  39.0 0.001503 0.001704 0.000614 hargrave 2020-02-07 17:07:36 
AFz550 099.4  17.7 099.4  17.7 9.04E-07 000.9 242.8  32.9 0.001435 0.001408 0.000863 hargrave 2020-02-07 17:08:31 
AFz600 128.7  21.2 128.7  21.2 9.27E-07 000.7 216.5  53.5 0.001108 0.000589 0.000898 hargrave 2020-02-07 17:09:27 
AFz650 060.1  13.9 060.1  13.9 5.45E-07 001.6 256.3 -02.8 0.001353 0.001634 0.000976 hargrave 2020-02-07 17:10:23 
AFz700 107.1 -16.9 107.1 -16.9 1.01E-06 001.1 286.2  46.3 0.001579 0.001871 0.001136 hargrave 2020-02-07 17:11:19 
AFz750 061.4  34.0 061.4  34.0 5.66E-07 000.9 236.2 -04.1 0.000748 0.000565 0.000779 hargrave 2020-02-07 17:12:15 
AFz800 109.3 -11.4 109.3 -11.4 5.52E-07 001.8 278.1  48.8 0.001251 0.001610 0.000543 hargrave 2020-02-07 17:13:11 
AFz850 035.5 -14.8 035.5 -14.8 3.15E-07 002.6 289.6 -22.2 0.001271 0.001169 0.000605 hargrave 2020-02-07 17:14:07 
AFz900 139.8 -07.5 139.8 -07.5 3.16E-06 000.5 268.4  78.9 0.001901 0.002341 0.001187 hargrave 2020-02-07 17:15:03 
AFz950 154.6 -03.9 154.6 -03.9 2.92E-06 000.5 138.8  84.6 0.001916 0.001500 0.001141 hargrave 2020-02-07 17:15:59 
AFz000 357.0 -16.4 357.0 -16.4 1.14E-06 001.6 313.6 -54.5 0.002107 0.002891 0.001023 hargrave 2020-02-07 17:16:55 
AFz050 150.3 -11.1 150.3 -11.1 2.03E-06 000.7 347.2  86.8 0.002098 0.001525 0.000406 hargrave 2020-02-07 17:17:51 
AFz100 151.0 -02.7 151.0 -02.7 3.04E-06 000.5 180.1  84.7 0.001847 0.001923 0.001538 hargrave 2020-02-07 17:18:47 
AFz150 337.4  11.7 337.4  11.7 2.30E-06 000.4 238.8 -82.7 0.001435 0.000993 0.000793 hargrave 2020-02-07 17:19:43 
AFz200 149.6 -26.6 149.6 -26.6 9.79E-07 001.3 356.1  71.3 0.002099 0.001260 0.000269 hargrave 2020-02-07 17:20:39 
AFz250 045.8  07.0 045.8  07.0 4.11E-07 001.5 265.0 -15.9 0.000995 0.001552 0.000316 hargrave 2020-02-07 17:21:35 
AFz300 053.1  09.8 053.1  09.8 8.40E-07 000.9 261.3 -09.0 0.001357 0.002665 0.000646 hargrave 2020-02-07 17:22:31 
AFz500 071.8  23.4 071.8  23.4 6.54E-07 001.1 245.1  06.6 0.001516 0.001857 0.000654 hargrave 2020-02-07 17:23:27 
ARM    105.1  10.6 105.1  10.6 6.90E-07 001.2 248.6  40.7 0.001087 0.001588 0.000589 hargrave 2020-02-07 17:24:26 
ARM    060.0  24.0 060.0  24.0 9.24E-07 000.8 246.3 -04.2 0.001631 0.001673 0.000626 hargrave 2020-02-07 17:25:25 
ARM    066.1  13.6 066.1  13.6 5.36E-07 001.3 255.8  03.1 0.001283 0.001760 0.000380 hargrave 2020-02-07 17:26:24 
ARM    333.2  10.8 333.2  10.8 5.91E-06 000.3 216.9 -86.5 0.002350 0.002112 0.001136 hargrave 2020-02-07 17:27:23 
ARM    333.5  08.9 333.5  08.9 2.32E-05 000.4 250.4 -87.4 0.011130 0.010714 0.005253 hargrave 2020-02-07 17:28:22 
ARM  1 331.6  08.6 331.6  08.6 4.06E-05 000.4 223.4 -89.1 0.019169 0.018521 0.008819 hargrave 2020-02-07 17:29:21 
ARM  1 331.4  08.6 331.4  08.6 5.66E-05 000.4 212.5 -89.3 0.026412 0.025638 0.012545 hargrave 2020-02-07 17:30:20 
ARM  1 331.1  08.7 331.1  08.7 7.24E-05 000.4 187.4 -89.3 0.033802 0.033086 0.015923 hargrave 2020-02-07 17:31:19 
ARM  1 331.3  08.7 331.3  08.7 8.85E-05 000.4 203.2 -89.2 0.041122 0.039706 0.019221 hargrave 2020-02-07 17:32:18 
ARM  1 331.2  08.5 331.2  08.5 1.04E-04 000.4 198.4 -89.5 0.048094 0.047022 0.023097 hargrave 2020-02-07 17:33:19 
ARM  1 331.1  08.6 331.1  08.6 1.41E-04 000.4 185.1 -89.4 0.065451 0.063888 0.030869 hargrave 2020-02-07 17:34:18 
ARM  2 331.1  08.6 331.1  08.6 1.75E-04 000.4 188.9 -89.4 0.082471 0.087103 0.038171 hargrave 2020-02-07 17:35:17 
ARM  2 331.1  08.4 331.1  08.4 2.08E-04 000.4 199.4 -89.6 0.105659 0.097120 0.045766 hargrave 2020-02-07 17:36:16 
ARM  2 331.2  08.4 331.2  08.4 2.38E-04 000.4 205.6 -89.5 0.118594 0.109385 0.053061 hargrave 2020-02-07 17:37:15 
ARM  2 331.1  08.5 331.1  08.5 2.92E-04 000.4 190.5 -89.5 0.141942 0.131955 0.063396 hargrave 2020-02-07 17:38:14 
ARM  3 331.1  08.6 331.1  08.6 3.40E-04 000.4 191.5 -89.4 0.164632 0.153095 0.074065 hargrave 2020-02-07 17:39:13 
ARM  4 331.0  08.6 331.0  08.6 3.85E-04 000.4 183.8 -89.4 0.184857 0.172672 0.083536 hargrave 2020-02-07 17:40:12 
ARM  4 331.1  08.6 331.1  08.6 4.24E-04 000.4 186.8 -89.4 0.203714 0.190161 0.092120 hargrave 2020-02-07 17:41:11 
ARM  4 331.0  08.6 331.0  08.6 4.60E-04 000.4 183.4 -89.4 0.229415 0.210937 0.107104 hargrave 2020-02-07 17:42:59 
ARM  5 331.0  08.7 331.0  08.7 4.96E-04 000.4 180.8 -89.3 0.246396 0.227061 0.106323 hargrave 2020-02-07 17:43:58 
