AX13- 3b mag compass orientation (IGRF corrected)
      0 233.0  80.0   0.0   0.0   1.0
NRM    298.1  26.9 298.1  26.9 5.59E-07 001.0 147.3 -45.9 0.000865 0.000599 0.000220 hargrave 2020-02-07 12:53:45 
AF  10 295.1  30.3 295.1  30.3 5.91E-07 001.0 147.4 -41.6 0.000774 0.000772 0.000246 hargrave 2020-02-07 12:55:04 
AF  20 294.5  26.9 294.5  26.9 6.24E-07 000.7 143.8 -43.9 0.000452 0.000942 0.000386 hargrave 2020-02-07 12:56:23 
AF  30 299.4  24.3 299.4  24.3 7.03E-07 000.8 146.5 -48.7 0.000495 0.001057 0.000304 hargrave 2020-02-07 12:57:43 
AF  40 300.4  22.3 300.4  22.3 6.27E-07 000.8 145.7 -50.8 0.000754 0.000668 0.000337 hargrave 2020-02-07 12:59:02 
AF  50 298.4  19.8 298.4  19.8 6.49E-07 000.8 140.8 -51.6 0.000927 0.000443 0.000297 hargrave 2020-02-07 13:00:22 
AF  60 297.7  30.0 297.7  30.0 4.69E-07 001.0 149.4 -43.1 0.000867 0.000465 0.000293 hargrave 2020-02-07 13:01:42 
AF  70 307.5  36.7 307.5  36.7 4.66E-07 000.7 163.5 -41.1 0.000724 0.000434 0.000738 hargrave 2020-02-07 13:03:01 
AF  80 316.2  43.2 316.2  43.2 5.98E-07 001.0 173.8 -36.5 0.000808 0.000850 0.000676 hargrave 2020-02-07 13:04:21 
AF  90 323.6  41.1 323.6  41.1 4.37E-07 000.9 180.6 -38.8 0.000520 0.000536 0.000513 hargrave 2020-02-07 13:05:40 
AF 100 319.4  23.4 319.4  23.4 3.05E-07 001.6 174.1 -56.4 0.001121 0.000461 0.000703 hargrave 2020-02-07 13:07:00 
AF 120 283.0 -02.8 283.0 -02.8 6.14E-07 001.3 097.5 -49.7 0.001043 0.001203 0.000235 hargrave 2020-02-07 13:08:20 
AF 140 325.7  05.4 325.7  05.4 3.85E-07 001.2 189.9 -74.4 0.000518 0.000669 0.000665 hargrave 2020-02-07 13:09:39 
AF 160 281.2 -07.0 281.2 -07.0 6.68E-07 001.4 090.8 -48.6 0.001146 0.001690 0.000238 hargrave 2020-02-07 13:10:59 
AF 180 298.1  00.8 298.1  00.8 6.55E-07 001.4 112.1 -63.0 0.000810 0.001593 0.000382 hargrave 2020-02-07 13:12:18 
AF 200 294.1 -02.5 294.1 -02.5 3.49E-07 003.8 102.8 -60.4 0.001767 0.001517 0.000166 hargrave 2020-02-07 13:13:39 
AF 250 276.8 -19.6 276.8 -19.6 2.85E-07 002.1 072.3 -44.5 0.000885 0.001261 0.000257 hargrave 2020-02-07 13:14:59 
AF 300 264.5  42.0 264.5  42.0 3.51E-07 002.5 138.9 -15.4 0.000666 0.001846 0.000241 hargrave 2020-02-07 13:16:18 
AF 350 002.9  41.6 002.9  41.6 3.69E-07 001.9 212.5 -26.7 0.000866 0.001548 0.000364 hargrave 2020-02-07 13:17:38 
AF 400 002.2 -82.7 002.2 -82.7 2.28E-07 003.6 355.2 -15.6 0.001531 0.001250 0.000339 hargrave 2020-02-07 13:18:57 
AF 450 138.1 -68.3 138.1 -68.3 9.23E-07 001.0 358.1  11.6 0.002368 0.001219 0.000705 hargrave 2020-02-07 13:20:17 
AF 500 289.8  54.9 289.8  54.9 6.00E-07 001.0 160.5 -19.3 0.000553 0.001183 0.000157 hargrave 2020-02-07 13:21:37 
AF 550 257.1 -28.6 257.1 -28.6 7.89E-07 001.0 062.9 -25.9 0.001806 0.000882 0.000618 hargrave 2020-02-07 13:22:56 
AF 600 206.3  12.8 206.3  12.8 6.94E-07 001.7 099.2  28.0 0.001669 0.001642 0.000359 hargrave 2020-02-07 13:24:16 
AF 650 222.3  13.5 222.3  13.5 5.46E-07 001.8 101.7  12.6 0.001243 0.001815 0.000486 hargrave 2020-02-07 13:25:35 
AF 700 202.5 -24.2 202.5 -24.2 5.10E-07 002.4 058.4  22.7 0.002109 0.001314 0.000784 hargrave 2020-02-07 13:26:55 
AF 750 158.2 -51.6 158.2 -51.6 1.24E-06 001.1 010.5  27.0 0.003327 0.001006 0.000869 hargrave 2020-02-07 13:28:15 
AF 800 118.9 -12.9 118.9 -12.9 1.51E-06 000.7 313.3  56.9 0.001440 0.001078 0.000968 hargrave 2020-02-07 13:29:34 
AF 850 164.0 -37.5 164.0 -37.5 1.25E-06 001.4 021.3  38.5 0.003395 0.001202 0.000974 hargrave 2020-02-07 13:30:54 
AF 900 140.6 -46.2 140.6 -46.2 1.40E-06 001.0 358.0  33.8 0.002703 0.001302 0.001197 hargrave 2020-02-07 13:32:14 
AF 950 163.5 -29.0 163.5 -29.0 1.15E-06 001.5 026.3  46.3 0.003180 0.001532 0.000638 hargrave 2020-02-07 13:33:34 
AF1000 143.0 -54.5 143.0 -54.5 8.83E-07 000.9 000.0  25.5 0.001893 0.000556 0.000907 hargrave 2020-02-07 13:34:54 
AF1050 150.8 -18.3 150.8 -18.3 2.05E-06 001.1 015.2  60.6 0.004067 0.001749 0.000539 hargrave 2020-02-07 13:36:15 
AF1100 158.1 -23.6 158.1 -23.6 1.78E-06 001.2 023.6  53.3 0.003419 0.001470 0.000968 hargrave 2020-02-07 13:37:35 
AF1150 134.3 -08.7 134.3 -08.7 2.21E-06 000.9 334.9  69.4 0.002924 0.002032 0.000933 hargrave 2020-02-07 13:38:56 
AF1200 154.2 -17.7 154.2 -17.7 2.39E-06 000.8 021.7  60.2 0.003364 0.000945 0.000539 hargrave 2020-02-07 13:40:17 
AF1250 296.9 -34.3 296.9 -34.3 3.69E-06 000.6 040.6 -55.9 0.004423 0.000811 0.002635 hargrave 2020-02-07 13:41:39 
AF1300 164.8 -34.3 164.8 -34.3 2.75E-06 001.1 024.0  41.1 0.005879 0.001467 0.001475 hargrave 2020-02-07 13:43:01 
ARM    164.9 -34.4 164.9 -34.4 2.75E-06 001.2 024.1  41.0 0.006628 0.001914 0.001324 hargrave 2020-02-07 13:44:01 
ARM    165.1 -34.1 165.1 -34.1 2.76E-06 001.1 024.4  41.2 0.005939 0.001492 0.001438 hargrave 2020-02-07 13:45:00 
ARM    165.2 -34.6 165.2 -34.6 2.74E-06 001.1 024.2  40.7 0.005916 0.001457 0.001475 hargrave 2020-02-07 13:45:59 
ARM    165.2 -34.4 165.2 -34.4 2.78E-06 001.2 024.3  40.9 0.006638 0.001862 0.001437 hargrave 2020-02-07 13:46:58 
ARM    165.3 -34.4 165.3 -34.4 2.76E-06 001.2 024.4  40.8 0.006619 0.001871 0.001381 hargrave 2020-02-07 13:47:57 
ARM    166.2 -34.7 166.2 -34.7 2.69E-06 001.1 025.1  40.2 0.005922 0.001462 0.001563 hargrave 2020-02-07 13:48:55 
ARM    165.3 -34.4 165.3 -34.4 2.75E-06 001.1 024.5  40.8 0.006118 0.001461 0.001532 hargrave 2020-02-07 13:49:54 
ARM    165.1 -33.5 165.1 -33.5 2.80E-06 001.1 024.9  41.7 0.006119 0.001535 0.001559 hargrave 2020-02-07 13:50:53 
ARM    165.2 -31.8 165.2 -31.8 2.86E-06 001.1 026.1  43.1 0.006214 0.001615 0.001495 hargrave 2020-02-07 13:51:52 
ARM    166.5 -32.2 166.5 -32.2 2.78E-06 001.2 027.1  42.2 0.006643 0.001855 0.001449 hargrave 2020-02-07 13:52:51 
ARM    163.1 -31.6 163.1 -31.6 2.99E-06 001.1 024.1  44.1 0.006343 0.001574 0.001605 hargrave 2020-02-07 13:53:50 
ARM    163.9 -32.9 163.9 -32.9 3.08E-06 001.1 024.1  42.7 0.006405 0.001421 0.001574 hargrave 2020-02-07 13:54:49 
ARM    167.7 -34.0 167.7 -34.0 2.88E-06 001.1 027.0  40.2 0.006248 0.001465 0.001609 hargrave 2020-02-07 13:55:48 
ARM    167.1 -35.6 167.1 -35.6 2.83E-06 001.1 025.3  39.1 0.006238 0.001480 0.001470 hargrave 2020-02-07 13:56:47 
ARM    162.1 -36.2 162.1 -36.2 2.59E-06 001.2 020.3  40.5 0.006300 0.001869 0.001300 hargrave 2020-02-07 13:57:46 
ARM    165.2 -38.2 165.2 -38.2 2.29E-06 001.3 022.0  37.6 0.005851 0.001652 0.001385 hargrave 2020-02-07 13:58:45 
ARM    173.0 -29.0 173.0 -29.0 2.39E-06 001.3 035.7  41.4 0.005813 0.001817 0.001171 hargrave 2020-02-07 13:59:44 
ARM    177.9 -37.3 177.9 -37.3 2.17E-06 001.1 032.6  32.5 0.005255 0.001127 0.001120 hargrave 2020-02-07 14:00:43 
ARM    180.9 -38.9 180.9 -38.9 1.77E-06 001.2 033.4  29.7 0.004417 0.001060 0.001149 hargrave 2020-02-07 14:01:42 
ARM    177.5 -28.7 177.5 -28.7 1.82E-06 001.2 039.7  38.9 0.004373 0.001135 0.000899 hargrave 2020-02-07 14:02:41 
ARM    170.8 -24.5 170.8 -24.5 1.61E-06 001.6 037.8  46.1 0.004993 0.001982 0.000691 hargrave 2020-02-07 14:03:40 
ARM    150.9 -57.3 150.9 -57.3 1.05E-06 001.2 004.6  22.4 0.003043 0.000974 0.000990 hargrave 2020-02-07 14:04:39 
ARM    170.2 -36.1 170.2 -36.1 1.27E-06 001.4 027.7  37.2 0.003895 0.000790 0.000380 hargrave 2020-02-07 14:05:38 
ARM    181.9 -25.2 181.9 -25.2 1.38E-06 001.3 046.4  38.3 0.003587 0.001155 0.000488 hargrave 2020-02-07 14:06:37 
ARM    181.9 -01.8 181.9 -01.8 1.49E-06 001.5 075.2  49.5 0.003600 0.002110 0.000446 hargrave 2020-02-07 14:07:36 
ARM    159.7  15.5 159.7  15.5 1.60E-06 001.1 110.4  72.8 0.002356 0.001930 0.000568 hargrave 2020-02-07 14:08:35 
ARM    176.5  16.4 176.5  16.4 1.64E-06 001.4 104.8  56.8 0.002953 0.002794 0.000534 hargrave 2020-02-07 14:09:34 
ARM    173.6  20.3 173.6  20.3 2.07E-06 001.0 112.8  58.8 0.002512 0.002809 0.000951 hargrave 2020-02-07 14:10:33 
ARM    166.1  26.2 166.1  26.2 2.04E-06 000.7 129.5  62.8 0.001069 0.002200 0.000596 hargrave 2020-02-07 14:11:32 
ARM    175.6  36.2 175.6  36.2 1.98E-06 001.1 136.9  50.5 0.002048 0.003039 0.001007 hargrave 2020-02-07 14:12:31 
ARM    219.0  42.4 219.0  42.4 1.62E-06 001.1 131.5  17.0 0.000989 0.003584 0.001166 hargrave 2020-02-07 14:13:30 
ARM    160.3  29.3 160.3  29.3 3.05E-06 000.8 142.5  64.8 0.001793 0.004058 0.001373 hargrave 2020-02-07 14:14:29 
ARM    189.9  54.8 189.9  54.8 1.26E-06 000.6 150.2  32.0 0.000945 0.001394 0.000510 hargrave 2020-02-07 14:15:28 
ARM    148.4  30.6 148.4  30.6 6.44E-06 000.6 166.9  68.8 0.003372 0.005940 0.003030 hargrave 2020-02-07 14:16:27 
ARM    149.5  25.6 149.5  25.6 4.02E-06 000.7 159.3  73.2 0.002303 0.004089 0.001899 hargrave 2020-02-07 14:17:25 
ARM    151.0  34.8 151.0  34.8 3.74E-06 000.7 164.8  64.2 0.002107 0.004237 0.002229 hargrave 2020-02-07 14:18:24 
ARM    184.2  56.0 184.2  56.0 2.06E-06 001.1 153.6  34.0 0.001423 0.003759 0.001491 hargrave 2020-02-07 14:19:23 
AFz 10 184.3  56.2 184.3  56.2 2.06E-06 001.1 153.8  33.7 0.001626 0.003792 0.001554 hargrave 2020-02-07 14:20:19 
AFz 20 184.0  56.1 184.0  56.1 2.06E-06 001.1 153.8  34.0 0.001450 0.003788 0.001565 hargrave 2020-02-07 14:21:15 
AFz 30 184.2  56.4 184.2  56.4 2.06E-06 001.2 154.0  33.7 0.001654 0.003886 0.001435 hargrave 2020-02-07 14:22:11 
AFz 40 184.9  57.1 184.9  57.1 2.04E-06 001.1 154.3  33.0 0.001641 0.003810 0.001491 hargrave 2020-02-07 14:23:07 
AFz 50 184.2  56.4 184.2  56.4 2.06E-06 001.0 154.1  33.7 0.001451 0.003649 0.001458 hargrave 2020-02-07 14:24:02 
AFz 60 185.2  57.0 185.2  57.0 2.06E-06 001.1 154.2  32.9 0.001515 0.003901 0.001496 hargrave 2020-02-07 14:24:58 
AFz 70 185.8  57.0 185.8  57.0 2.07E-06 001.1 154.0  32.6 0.001485 0.003887 0.001610 hargrave 2020-02-07 14:25:54 
AFz 80 185.2  56.8 185.2  56.8 2.08E-06 001.0 153.9  33.0 0.001496 0.003761 0.001486 hargrave 2020-02-07 14:26:50 
AFz 90 184.9  57.4 184.9  57.4 2.09E-06 001.0 154.7  32.8 0.001509 0.003803 0.001593 hargrave 2020-02-07 14:27:45 
AFz100 183.9  55.0 183.9  55.0 2.10E-06 001.1 152.9  34.7 0.001657 0.003760 0.001567 hargrave 2020-02-07 14:28:42 
AFz120 179.5  52.6 179.5  52.6 2.13E-06 001.0 152.6  38.2 0.001409 0.003576 0.001622 hargrave 2020-02-07 14:29:38 
AFz140 176.1  51.8 176.1  51.8 2.08E-06 001.1 153.8  40.3 0.001665 0.003631 0.001418 hargrave 2020-02-07 14:30:34 
AFz160 175.6  52.1 175.6  52.1 2.10E-06 001.0 154.3  40.3 0.001382 0.003531 0.001600 hargrave 2020-02-07 14:31:29 
AFz180 172.8  49.3 172.8  49.3 2.13E-06 001.1 153.5  43.5 0.001504 0.003716 0.001545 hargrave 2020-02-07 14:32:25 
AFz200 179.3  52.7 179.3  52.7 2.12E-06 001.2 152.9  38.2 0.001825 0.003953 0.001481 hargrave 2020-02-07 14:33:21 
AFz250 170.6  47.9 170.6  47.9 2.13E-06 000.9 153.6  45.5 0.001408 0.003208 0.001423 hargrave 2020-02-07 14:34:17 
AFz300 191.0  55.6 191.0  55.6 1.99E-06 001.2 150.7  31.0 0.001637 0.003795 0.001452 hargrave 2020-02-07 14:35:13 
AFz350 176.2  57.7 176.2  57.7 2.16E-06 001.1 158.8  36.0 0.001799 0.003812 0.001638 hargrave 2020-02-07 14:36:08 
AFz400 164.3  48.6 164.3  48.6 2.30E-06 001.0 159.1  47.5 0.001495 0.003553 0.001390 hargrave 2020-02-07 14:37:04 
AFz450 163.7  37.8 163.7  37.8 3.37E-06 000.9 149.6  56.5 0.002294 0.004430 0.001922 hargrave 2020-02-07 14:38:00 
AFz500 161.1  38.5 161.1  38.5 2.56E-06 001.0 153.3  57.2 0.002202 0.003659 0.001427 hargrave 2020-02-07 14:38:56 
AFz550 156.8  33.6 156.8  33.6 3.12E-06 000.8 153.8  63.2 0.001970 0.003974 0.001480 hargrave 2020-02-07 14:39:53 
AFz600 148.2  27.9 148.2  27.9 3.79E-06 000.7 165.4  71.4 0.002408 0.003455 0.001471 hargrave 2020-02-07 14:40:49 
AFz650 159.5  34.4 159.5  34.4 3.46E-06 000.9 150.9  61.3 0.002733 0.004886 0.001887 hargrave 2020-02-07 14:41:44 
AFz700 146.1  28.6 146.1  28.6 4.51E-06 000.7 171.5  71.2 0.002737 0.004395 0.002190 hargrave 2020-02-07 14:42:40 
AFz750 148.2  25.9 148.2  25.9 3.20E-06 000.6 163.4  73.4 0.002084 0.002766 0.001378 hargrave 2020-02-07 14:43:36 
AFz800 155.1  29.0 155.1  29.0 3.78E-06 000.6 150.9  67.9 0.001663 0.003211 0.001692 hargrave 2020-02-07 14:44:32 
AFz850 151.8  27.0 151.8  27.0 4.78E-06 000.6 155.3  71.1 0.002578 0.004489 0.001850 hargrave 2020-02-07 14:45:28 
AFz900 156.6  30.8 156.6  30.8 3.54E-06 000.7 150.6  65.7 0.001865 0.003535 0.001659 hargrave 2020-02-07 14:46:24 
AFz950 149.0  31.2 149.0  31.2 4.64E-06 000.7 166.1  68.1 0.002752 0.004513 0.002301 hargrave 2020-02-07 14:47:20 
AFz000 157.8  31.8 157.8  31.8 3.74E-06 000.7 150.0  64.3 0.002406 0.003823 0.001886 hargrave 2020-02-07 14:48:15 
AFz050 157.3  24.2 157.3  24.2 5.51E-06 000.6 137.9  70.3 0.002940 0.004703 0.002147 hargrave 2020-02-07 14:49:11 
AFz100 143.3  23.4 143.3  23.4 9.41E-06 000.5 178.9  76.6 0.004129 0.006166 0.003410 hargrave 2020-02-07 14:50:07 
AFz150 152.3  23.9 152.3  23.9 5.64E-06 000.5 148.7  73.5 0.002380 0.003871 0.001942 hargrave 2020-02-07 14:51:04 
AFz200 148.8  26.7 148.8  26.7 5.97E-06 000.5 162.6  72.4 0.002726 0.004823 0.002612 hargrave 2020-02-07 14:52:00 
AFz250 281.7  61.2 281.7  61.2 1.47E-06 000.9 161.1 -11.8 0.001555 0.002721 0.000919 hargrave 2020-02-07 14:52:55 
AFz300 169.3  55.7 169.3  55.7 2.10E-06 001.2 161.0  39.9 0.001748 0.004196 0.001421 hargrave 2020-02-07 14:53:51 
AFz500 180.5  64.8 180.5  64.8 1.44E-06 001.4 162.7  29.3 0.001231 0.003534 0.000880 hargrave 2020-02-07 14:54:47 
ARM    161.0  59.0 161.0  59.0 1.54E-06 001.4 168.1  39.1 0.001612 0.003244 0.000974 hargrave 2020-02-07 14:55:46 
ARM    157.6  50.0 157.6  50.0 2.03E-06 001.2 165.9  48.2 0.001876 0.003734 0.001050 hargrave 2020-02-07 14:56:45 
ARM    173.3  57.0 173.3  57.0 1.84E-06 001.2 159.7  37.5 0.001585 0.003658 0.001036 hargrave 2020-02-07 14:57:44 
ARM    308.1  18.1 308.1  18.1 3.03E-06 000.6 152.4 -58.2 0.001066 0.003079 0.000648 hargrave 2020-02-07 14:58:42 
ARM    319.8 -05.6 319.8 -05.6 1.40E-05 000.3 144.2 -84.6 0.005456 0.005253 0.002071 hargrave 2020-02-07 14:59:41 
ARM  1 320.4 -07.5 320.4 -07.5 2.57E-05 000.3 134.4 -86.4 0.010768 0.010153 0.003776 hargrave 2020-02-07 15:00:40 
ARM  1 320.5 -08.7 320.5 -08.7 3.67E-05 000.3 117.5 -87.2 0.014923 0.014975 0.005474 hargrave 2020-02-07 15:01:39 
ARM  1 320.7 -09.1 320.7 -09.1 4.76E-05 000.3 112.4 -87.6 0.020761 0.020180 0.007856 hargrave 2020-02-07 15:02:39 
ARM  1 320.6 -09.6 320.6 -09.6 5.75E-05 000.3 099.0 -87.6 0.024346 0.024704 0.009507 hargrave 2020-02-07 15:03:38 
ARM  1 320.9 -09.9 320.9 -09.9 6.83E-05 000.3 093.4 -87.9 0.028724 0.029344 0.011502 hargrave 2020-02-07 15:04:37 
ARM  1 321.0 -10.2 321.0 -10.2 9.37E-05 000.4 082.8 -88.1 0.040060 0.041184 0.015956 hargrave 2020-02-07 15:05:36 
ARM  2 320.9 -10.2 320.9 -10.2 1.17E-04 000.3 085.4 -88.0 0.049346 0.051488 0.019500 hargrave 2020-02-07 15:06:34 
ARM  2 321.0 -10.4 321.0 -10.4 1.39E-04 000.4 079.0 -88.0 0.059523 0.069838 0.022870 hargrave 2020-02-07 15:07:33 
ARM  2 321.2 -10.3 321.2 -10.3 1.58E-04 000.4 079.2 -88.2 0.064418 0.073875 0.025474 hargrave 2020-02-07 15:08:32 
ARM  2 321.2 -10.4 321.2 -10.4 1.94E-04 000.3 078.7 -88.2 0.078085 0.087626 0.030661 hargrave 2020-02-07 15:09:31 
ARM  3 321.1 -10.3 321.1 -10.3 2.25E-04 000.3 080.0 -88.1 0.089747 0.100278 0.034613 hargrave 2020-02-07 15:10:30 
ARM  4 321.1 -10.2 321.1 -10.2 2.55E-04 000.3 084.6 -88.1 0.102892 0.112975 0.038144 hargrave 2020-02-07 15:11:29 
ARM  4 321.0 -10.2 321.0 -10.2 2.80E-04 000.3 085.0 -88.0 0.112899 0.123460 0.040826 hargrave 2020-02-07 15:12:27 
ARM  4 321.1 -10.1 321.1 -10.1 3.04E-04 000.3 085.9 -88.1 0.123664 0.133687 0.043680 hargrave 2020-02-07 15:13:26 
ARM  5 321.1 -10.1 321.1 -10.1 3.26E-04 000.3 086.9 -88.2 0.133248 0.142833 0.046385 hargrave 2020-02-07 15:14:25 
