AX13- 2b mag compass orientation (IGRF corrected)
      0 243.0  91.0   0.0   0.0   1.0
NRM    313.7  64.2 313.7  64.2 8.43E-07 001.0 170.9 -25.2 0.001510 0.001424 0.000381 hargrave 2020-02-07 10:30:31 
AF  10 309.9  62.5 309.9  62.5 8.40E-07 001.0 168.3 -26.1 0.001396 0.001441 0.000365 hargrave 2020-02-07 10:31:50 
AF  20 317.2  60.5 317.2  60.5 8.82E-07 001.3 171.2 -29.2 0.002197 0.001622 0.000511 hargrave 2020-02-07 10:33:10 
AF  30 320.9  59.0 320.9  59.0 8.49E-07 001.4 172.8 -31.3 0.002293 0.001661 0.000366 hargrave 2020-02-07 10:34:30 
AF  40 317.3  57.6 317.3  57.6 7.09E-07 001.5 170.1 -32.0 0.001970 0.001344 0.000446 hargrave 2020-02-07 10:35:49 
AF  50 313.1  58.3 313.1  58.3 7.13E-07 001.6 168.0 -30.6 0.002102 0.001511 0.000486 hargrave 2020-02-07 10:37:09 
AF  60 331.4  56.8 331.4  56.8 7.18E-07 001.7 178.9 -34.1 0.002202 0.001559 0.000350 hargrave 2020-02-07 10:38:28 
AF  70 311.5  65.8 311.5  65.8 8.26E-07 001.4 170.5 -23.4 0.002282 0.001586 0.000667 hargrave 2020-02-07 10:39:48 
AF  80 302.7  69.5 302.7  69.5 8.83E-07 001.3 169.3 -18.6 0.002394 0.001781 0.000688 hargrave 2020-02-07 10:41:07 
AF  90 314.7  67.4 314.7  67.4 8.98E-07 001.3 172.5 -22.4 0.002346 0.001602 0.000732 hargrave 2020-02-07 10:42:27 
AF 100 281.7  63.6 281.7  63.6 8.01E-07 001.4 158.7 -17.1 0.002117 0.002137 0.000652 hargrave 2020-02-07 10:43:46 
AF 120 262.2  52.9 262.2  52.9 9.92E-07 000.9 144.4 -12.3 0.001391 0.002010 0.000946 hargrave 2020-02-07 10:45:06 
AF 140 269.6  51.6 269.6  51.6 1.21E-06 001.0 144.5 -17.0 0.001182 0.002460 0.001043 hargrave 2020-02-07 10:46:26 
AF 160 275.4  67.5 275.4  67.5 1.25E-06 001.0 160.7 -12.8 0.002187 0.002393 0.001044 hargrave 2020-02-07 10:47:45 
AF 180 233.5  61.1 233.5  61.1 9.79E-07 001.2 151.5  03.7 0.001476 0.002633 0.001091 hargrave 2020-02-07 10:49:05 
AF 200 234.9  36.0 234.9  36.0 4.76E-07 001.9 126.4  06.0 0.000945 0.001378 0.000642 hargrave 2020-02-07 10:50:24 
AF 250 246.4  67.7 246.4  67.7 5.43E-07 000.9 157.8 -02.2 0.000927 0.000544 0.000764 hargrave 2020-02-07 10:51:44 
AF 300 190.0  55.1 190.0  55.1 6.83E-07 001.3 157.4  26.2 0.000683 0.001430 0.000703 hargrave 2020-02-07 10:53:03 
AF 350 219.0  64.7 219.0  64.7 8.65E-07 001.2 156.7  09.1 0.001372 0.001965 0.000987 hargrave 2020-02-07 10:54:23 
AF 400 282.7  71.2 282.7  71.2 8.66E-07 000.9 165.3 -12.8 0.001288 0.001054 0.000781 hargrave 2020-02-07 10:55:43 
AF 450 235.4  55.1 235.4  55.1 7.93E-07 001.4 145.4  03.5 0.000790 0.001897 0.000624 hargrave 2020-02-07 10:57:03 
AF 500 216.1  20.1 216.1  20.1 4.42E-07 001.4 112.7  24.7 0.000600 0.001400 0.000238 hargrave 2020-02-07 10:58:22 
AF 550 244.9  48.8 244.9  48.8 6.91E-07 000.9 138.8 -02.0 0.001149 0.001982 0.000502 hargrave 2020-02-07 10:59:42 
AF 600 137.0  62.7 137.0  62.7 4.30E-07 001.5 188.0  25.2 0.001502 0.000820 0.000230 hargrave 2020-02-07 11:01:01 
AF 650 269.0  58.0 269.0  58.0 5.61E-07 001.0 150.6 -14.3 0.000496 0.000903 0.000341 hargrave 2020-02-07 11:02:21 
AF 700 038.0  55.4 038.0  55.4 5.48E-07 000.6 212.1 -14.7 0.000870 0.000449 0.000542 hargrave 2020-02-07 11:03:41 
AF 750 153.5  66.0 153.5  66.0 5.61E-07 001.5 179.8  23.0 0.000866 0.001364 0.000235 hargrave 2020-02-07 11:05:01 
AF 800 165.3  26.3 165.3  26.3 8.09E-07 000.8 157.4  60.2 0.000580 0.001037 0.000171 hargrave 2020-02-07 11:06:20 
AF 850 262.4  66.4 262.4  66.4 3.25E-07 001.6 157.5 -08.6 0.000637 0.000727 0.000115 hargrave 2020-02-07 11:07:40 
AF 900 191.5  82.9 191.5  82.9 7.14E-07 001.5 175.6  04.6 0.001367 0.001784 0.000720 hargrave 2020-02-07 11:09:00 
AF 950 317.2  21.4 317.2  21.4 3.63E-07 002.2 144.1 -64.4 0.000222 0.001228 0.000799 hargrave 2020-02-07 11:10:21 
AF1000 356.1  12.4 356.1  12.4 2.72E-07 001.9 242.6 -64.4 0.000399 0.000954 0.000645 hargrave 2020-02-07 11:11:41 
AF1050 282.3  21.9 282.3  21.9 2.79E-07 002.3 116.8 -36.5 0.000463 0.001428 0.000502 hargrave 2020-02-07 11:13:01 
AF1100 029.8 -10.6 029.8 -10.6 4.80E-07 001.7 283.3 -32.4 0.000820 0.000615 0.001462 hargrave 2020-02-07 11:14:21 
AF1150 068.9  07.0 068.9  07.0 6.39E-07 001.6 262.8  05.8 0.001506 0.000549 0.000852 hargrave 2020-02-07 11:15:42 
AF1200 142.2  03.3 142.2  03.3 4.61E-07 001.7 248.4  78.4 0.000436 0.001169 0.000919 hargrave 2020-02-07 11:17:03 
AF1250 043.8 -11.1 043.8 -11.1 3.20E-07 002.7 282.0 -18.6 0.000755 0.000453 0.001428 hargrave 2020-02-07 11:18:25 
AF1300 217.3 -48.1 217.3 -48.1 7.68E-07 001.7 039.2  17.6 0.002610 0.001638 0.001259 hargrave 2020-02-07 11:19:47 
ARM    217.1 -48.1 217.1 -48.1 7.71E-07 001.3 039.1  17.7 0.001975 0.001191 0.001220 hargrave 2020-02-07 11:20:47 
ARM    218.7 -48.1 218.7 -48.1 7.66E-07 001.3 039.4  16.7 0.002196 0.001239 0.001135 hargrave 2020-02-07 11:21:46 
ARM    218.8 -48.5 218.8 -48.5 7.66E-07 001.8 039.1  16.5 0.002679 0.001682 0.001271 hargrave 2020-02-07 11:22:45 
ARM    219.0 -47.7 219.0 -47.7 7.61E-07 001.7 039.9  16.6 0.002648 0.001691 0.001197 hargrave 2020-02-07 11:23:44 
ARM    217.2 -47.2 217.2 -47.2 7.64E-07 001.8 040.0  17.9 0.002731 0.001794 0.001229 hargrave 2020-02-07 11:24:42 
ARM    221.6 -46.2 221.6 -46.2 7.16E-07 001.1 041.9  15.4 0.001857 0.001404 0.001247 hargrave 2020-02-07 11:25:42 
ARM    222.2 -47.7 222.2 -47.7 6.80E-07 001.8 040.5  14.6 0.002484 0.001819 0.001154 hargrave 2020-02-07 11:26:41 
ARM    213.5 -43.2 213.5 -43.2 6.64E-07 001.9 043.0  21.7 0.002264 0.001789 0.001166 hargrave 2020-02-07 11:27:39 
ARM    211.0 -33.4 211.0 -33.4 7.72E-07 001.3 052.5  26.8 0.001876 0.001708 0.001017 hargrave 2020-02-07 11:28:38 
ARM    217.6 -37.1 217.6 -37.1 7.37E-07 001.7 050.3  20.6 0.002466 0.002026 0.001055 hargrave 2020-02-07 11:29:37 
ARM    221.7 -30.2 221.7 -30.2 6.74E-07 001.8 058.3  18.8 0.002260 0.001787 0.001048 hargrave 2020-02-07 11:30:36 
ARM    220.8 -35.3 220.8 -35.3 7.02E-07 001.2 052.8  18.5 0.001696 0.001144 0.001041 hargrave 2020-02-07 11:31:34 
ARM    226.9 -28.0 226.9 -28.0 7.63E-07 001.2 061.3  14.6 0.001819 0.001185 0.000952 hargrave 2020-02-07 11:32:33 
ARM    236.4 -35.7 236.4 -35.7 7.78E-07 001.2 054.2  05.9 0.001857 0.000820 0.001061 hargrave 2020-02-07 11:33:32 
ARM    234.7 -49.0 234.7 -49.0 6.51E-07 001.4 040.8  06.2 0.001940 0.000602 0.001205 hargrave 2020-02-07 11:34:31 
ARM    199.5 -47.9 199.5 -47.9 8.48E-07 001.0 033.5  28.3 0.002088 0.000827 0.000956 hargrave 2020-02-07 11:35:30 
ARM    218.0 -32.9 218.0 -32.9 6.11E-07 001.5 054.8  21.3 0.001735 0.001385 0.000530 hargrave 2020-02-07 11:36:29 
ARM    260.2  08.9 260.2  08.9 3.72E-07 001.0 099.1 -17.2 0.000460 0.000824 0.000398 hargrave 2020-02-07 11:37:28 
ARM    241.6  07.7 241.6  07.7 4.03E-07 000.9 097.8  01.2 0.000380 0.000828 0.000531 hargrave 2020-02-07 11:38:27 
ARM    212.8  52.5 212.8  52.5 4.88E-07 000.9 146.6  17.0 0.000786 0.001158 0.000560 hargrave 2020-02-07 11:39:26 
ARM    182.8 -14.7 182.8 -14.7 3.11E-07 001.2 063.5  57.5 0.000550 0.000388 0.000420 hargrave 2020-02-07 11:40:25 
ARM    173.5 -07.6 173.5 -07.6 4.52E-07 001.3 071.6  68.5 0.000428 0.000985 0.000504 hargrave 2020-02-07 11:41:24 
ARM    153.5  05.1 153.5  05.1 1.10E-06 000.6 175.1  83.9 0.000518 0.001036 0.000470 hargrave 2020-02-07 11:42:22 
ARM    180.0  13.2 180.0  13.2 1.32E-06 000.8 118.8  59.7 0.000535 0.001788 0.000603 hargrave 2020-02-07 11:43:21 
ARM    237.8  46.5 237.8  46.5 7.50E-07 000.8 136.6  02.9 0.000904 0.002123 0.000499 hargrave 2020-02-07 11:44:20 
ARM    168.3  06.1 168.3  06.1 1.91E-06 000.5 115.1  73.1 0.000593 0.001577 0.000664 hargrave 2020-02-07 11:45:19 
ARM    195.1  11.2 195.1  11.2 8.76E-07 001.2 107.5  46.4 0.001431 0.001134 0.000611 hargrave 2020-02-07 11:46:17 
ARM    170.6  23.3 170.6  23.3 2.06E-06 000.6 145.8  60.3 0.001207 0.002263 0.001603 hargrave 2020-02-07 11:47:16 
ARM    166.2  01.2 166.2  01.2 2.49E-06 000.3 099.3  76.6 0.000978 0.001025 0.001227 hargrave 2020-02-07 11:48:15 
ARM    189.2  18.3 189.2  18.3 1.76E-06 000.7 120.3  49.5 0.000694 0.002691 0.001097 hargrave 2020-02-07 11:49:13 
ARM    175.0  27.9 175.0  27.9 1.45E-06 000.7 145.5  54.2 0.000933 0.001694 0.001426 hargrave 2020-02-07 11:50:13 
ARM    183.6  11.2 183.6  11.2 2.03E-06 000.7 112.6  57.2 0.001122 0.002533 0.001449 hargrave 2020-02-07 11:51:12 
ARM    177.0  06.7 177.0  06.7 1.85E-06 000.4 108.2  64.8 0.000652 0.001557 0.001166 hargrave 2020-02-07 11:52:10 
ARM    171.6  10.3 171.6  10.3 3.46E-06 000.5 122.0  68.3 0.001397 0.002977 0.002183 hargrave 2020-02-07 11:53:09 
ARM    165.5  04.2 165.5  04.2 4.45E-06 000.4 112.6  76.5 0.001769 0.002787 0.001955 hargrave 2020-02-07 11:54:08 
ARM    167.0  03.8 167.0  03.8 4.88E-06 000.5 108.9  75.2 0.002420 0.003691 0.002667 hargrave 2020-02-07 11:55:06 
ARM    172.9  04.2 172.9  04.2 3.29E-06 000.5 104.9  69.4 0.001755 0.002607 0.002381 hargrave 2020-02-07 11:56:05 
AFz 10 172.9  04.3 172.9  04.3 3.29E-06 000.6 105.0  69.4 0.002307 0.002712 0.002384 hargrave 2020-02-07 11:57:01 
AFz 20 172.9  04.2 172.9  04.2 3.29E-06 000.6 104.8  69.5 0.002332 0.002594 0.002419 hargrave 2020-02-07 11:57:56 
AFz 30 172.9  04.3 172.9  04.3 3.28E-06 000.5 105.2  69.5 0.001754 0.002596 0.002279 hargrave 2020-02-07 11:58:51 
AFz 40 172.9  04.3 172.9  04.3 3.26E-06 000.5 105.2  69.5 0.001868 0.002534 0.002356 hargrave 2020-02-07 11:59:47 
AFz 50 172.9  04.1 172.9  04.1 3.27E-06 000.5 104.5  69.5 0.001685 0.002688 0.002311 hargrave 2020-02-07 12:00:42 
AFz 60 173.4  04.3 173.4  04.3 3.23E-06 000.5 104.8  68.9 0.001721 0.002480 0.002267 hargrave 2020-02-07 12:01:39 
AFz 70 173.2  04.2 173.2  04.2 3.29E-06 000.5 104.6  69.1 0.001719 0.002634 0.002335 hargrave 2020-02-07 12:02:34 
AFz 80 173.6  04.2 173.6  04.2 3.25E-06 000.5 104.4  68.8 0.001675 0.002556 0.002251 hargrave 2020-02-07 12:03:30 
AFz 90 172.6  04.3 172.6  04.3 3.33E-06 000.5 105.4  69.7 0.001566 0.002688 0.002378 hargrave 2020-02-07 12:04:25 
AFz100 172.9  04.7 172.9  04.7 3.40E-06 000.5 106.1  69.3 0.001871 0.002832 0.002399 hargrave 2020-02-07 12:05:21 
AFz120 172.0  06.4 172.0  06.4 3.38E-06 000.5 111.6  69.6 0.001624 0.002760 0.002364 hargrave 2020-02-07 12:06:16 
AFz140 172.0  06.5 172.0  06.5 3.25E-06 000.5 111.8  69.6 0.001394 0.002735 0.002137 hargrave 2020-02-07 12:07:12 
AFz160 170.5  05.1 170.5  05.1 3.48E-06 000.5 109.3  71.5 0.001670 0.002732 0.002493 hargrave 2020-02-07 12:08:07 
AFz180 171.5  06.2 171.5  06.2 3.44E-06 000.7 111.4  70.2 0.002395 0.003045 0.002753 hargrave 2020-02-07 12:09:03 
AFz200 168.8  04.4 168.8  04.4 3.40E-06 000.5 108.9  73.4 0.001623 0.002422 0.002355 hargrave 2020-02-07 12:09:59 
AFz250 170.7  08.1 170.7  08.1 3.30E-06 000.6 117.4  70.1 0.002100 0.002730 0.002723 hargrave 2020-02-07 12:10:55 
AFz300 166.9  07.8 166.9  07.8 3.65E-06 000.6 122.8  73.6 0.002093 0.003252 0.002399 hargrave 2020-02-07 12:11:51 
AFz350 168.9  06.1 168.9  06.1 3.37E-06 000.6 114.3  72.6 0.002410 0.002966 0.002456 hargrave 2020-02-07 12:12:48 
AFz400 169.7  10.2 169.7  10.2 3.17E-06 000.6 124.4  70.0 0.001745 0.002950 0.002218 hargrave 2020-02-07 12:13:44 
AFz450 167.9  06.9 167.9  06.9 2.99E-06 000.6 118.1  73.1 0.001757 0.002771 0.001628 hargrave 2020-02-07 12:14:39 
AFz500 163.3  08.1 163.3  08.1 2.98E-06 000.5 132.0  76.3 0.001442 0.001618 0.002070 hargrave 2020-02-07 12:15:35 
AFz550 169.1  07.4 169.1  07.4 3.39E-06 000.7 117.7  71.9 0.002263 0.003338 0.001940 hargrave 2020-02-07 12:16:31 
AFz600 172.7  02.3 172.7  02.3 3.08E-06 000.7 099.6  70.0 0.002112 0.003355 0.002106 hargrave 2020-02-07 12:17:27 
AFz650 174.1  09.2 174.1  09.2 2.95E-06 000.8 116.3  66.7 0.002079 0.003346 0.001939 hargrave 2020-02-07 12:18:23 
AFz700 185.4  11.0 185.4  11.0 2.31E-06 000.8 111.3  55.6 0.001487 0.003115 0.002377 hargrave 2020-02-07 12:19:19 
AFz750 170.5  06.1 170.5  06.1 2.73E-06 000.8 112.5  71.2 0.002058 0.003062 0.001821 hargrave 2020-02-07 12:20:15 
AFz800 170.9  08.7 170.9  08.7 3.69E-06 000.5 119.0  69.7 0.001939 0.002945 0.002743 hargrave 2020-02-07 12:21:12 
AFz850 164.6  00.4 164.6  00.4 4.08E-06 000.5 096.8  78.3 0.002319 0.002961 0.002636 hargrave 2020-02-07 12:22:08 
AFz900 160.9  08.0 160.9  08.0 4.19E-06 000.5 138.9  78.0 0.001734 0.002685 0.002517 hargrave 2020-02-07 12:23:04 
AFz950 158.7  06.7 158.7  06.7 6.11E-06 000.4 143.8  80.4 0.002774 0.003278 0.003181 hargrave 2020-02-07 12:24:01 
AFz000 160.7  08.0 160.7  08.0 5.47E-06 000.4 139.7  78.2 0.002093 0.003138 0.003445 hargrave 2020-02-07 12:24:57 
AFz050 162.1  03.8 162.1  03.8 5.16E-06 000.4 118.2  79.7 0.002504 0.002744 0.003093 hargrave 2020-02-07 12:25:52 
AFz100 165.1  03.8 165.1  03.8 4.49E-06 000.6 111.8  77.0 0.003072 0.003565 0.002365 hargrave 2020-02-07 12:26:49 
AFz150 162.8  05.6 162.8  05.6 5.55E-06 000.4 124.0  78.2 0.002220 0.003605 0.003227 hargrave 2020-02-07 12:27:45 
AFz200 159.3  03.4 159.3  03.4 8.27E-06 000.5 125.0  82.3 0.004477 0.004744 0.003866 hargrave 2020-02-07 12:28:41 
AFz250 157.8  04.6 157.8  04.6 8.64E-06 000.4 139.3  82.6 0.003598 0.004367 0.004114 hargrave 2020-02-07 12:29:36 
AFz300 193.9  00.6 193.9  00.6 2.08E-06 000.8 092.1  49.1 0.002108 0.002875 0.001678 hargrave 2020-02-07 12:30:32 
AFz500 184.4  09.7 184.4  09.7 1.89E-06 000.8 109.6  57.0 0.001345 0.003138 0.001551 hargrave 2020-02-07 12:31:28 
ARM    171.3  11.8 171.3  11.8 1.93E-06 000.8 125.7  67.7 0.001310 0.002597 0.001493 hargrave 2020-02-07 12:32:27 
ARM    200.9  35.4 200.9  35.4 1.33E-06 001.1 134.2  32.4 0.002299 0.003136 0.001450 hargrave 2020-02-07 12:33:27 
ARM    169.5  13.8 169.5  13.8 1.79E-06 000.7 132.7  68.0 0.000846 0.002250 0.001178 hargrave 2020-02-07 12:34:26 
ARM    314.2  08.1 314.2  08.1 3.39E-06 000.7 111.3 -70.0 0.002289 0.003641 0.000342 hargrave 2020-02-07 12:35:25 
ARM    330.2  04.0 330.2  04.0 1.44E-05 000.4 136.8 -85.9 0.008625 0.006964 0.004379 hargrave 2020-02-07 12:36:23 
ARM  1 331.1  01.8 331.1  01.8 2.56E-05 000.4 112.9 -88.0 0.012838 0.011236 0.008225 hargrave 2020-02-07 12:37:22 
ARM  1 332.0  01.2 332.0  01.2 3.67E-05 000.4 102.6 -89.0 0.017567 0.015104 0.012594 hargrave 2020-02-07 12:38:21 
ARM  1 332.2  00.9 332.2  00.9 4.78E-05 000.4 080.9 -89.2 0.023000 0.020098 0.016493 hargrave 2020-02-07 12:39:20 
ARM  1 332.5  01.0 332.5  01.0 5.78E-05 000.3 085.9 -89.5 0.026645 0.022831 0.020102 hargrave 2020-02-07 12:40:19 
ARM  1 332.4  01.3 332.4  01.3 6.88E-05 000.4 113.3 -89.4 0.033365 0.027943 0.023754 hargrave 2020-02-07 12:41:18 
ARM  1 332.6  00.8 332.6  00.8 9.40E-05 000.4 059.4 -89.5 0.044943 0.038656 0.033445 hargrave 2020-02-07 12:42:17 
ARM  2 333.0  00.9 333.0  00.9 1.17E-04 000.4 006.7 -89.9 0.055248 0.047565 0.041879 hargrave 2020-02-07 12:43:16 
ARM  2 333.0  00.9 333.0  00.9 1.38E-04 000.4 332.4 -89.9 0.067475 0.065945 0.050026 hargrave 2020-02-07 12:44:15 
ARM  2 333.1  00.9 333.1  00.9 1.60E-04 000.4 321.8 -89.8 0.076035 0.071468 0.057998 hargrave 2020-02-07 12:45:14 
ARM  2 333.2  00.9 333.2  00.9 1.96E-04 000.4 295.8 -89.8 0.092388 0.082298 0.070738 hargrave 2020-02-07 12:46:13 
ARM  3 333.2  00.9 333.2  00.9 2.29E-04 000.4 303.3 -89.8 0.106968 0.092979 0.083508 hargrave 2020-02-07 12:47:12 
ARM  4 333.3  00.8 333.3  00.8 2.60E-04 000.4 297.9 -89.7 0.120503 0.103084 0.095437 hargrave 2020-02-07 12:48:12 
ARM  4 333.3  01.0 333.3  01.0 2.87E-04 000.4 273.1 -89.7 0.134238 0.113143 0.106241 hargrave 2020-02-07 12:49:11 
ARM  4 333.3  01.0 333.3  01.0 3.13E-04 000.4 276.1 -89.7 0.146578 0.122926 0.115203 hargrave 2020-02-07 12:50:10 
ARM  5 333.4  01.0 333.4  01.0 3.38E-04 000.4 267.5 -89.6 0.159688 0.132742 0.125867 hargrave 2020-02-07 12:51:09 
