AX13- 7b mag compass orientation (IGRF corrected)
      0 243.0  98.0   0.0   0.0   1.0
NRM    188.8  60.0 188.8  60.0 1.03E-06 001.1 162.3  16.3 0.002041 0.002301 0.000873 hargrave 2020-02-07 22:31:05 
AF  10 187.8  60.0 187.8  60.0 1.05E-06 001.1 162.7  16.6 0.002049 0.002217 0.000780 hargrave 2020-02-07 22:32:23 
AF  20 191.2  61.1 191.2  61.1 9.55E-07 001.0 162.0  14.7 0.002183 0.002092 0.000867 hargrave 2020-02-07 22:33:42 
AF  30 170.8  63.0 170.8  63.0 9.57E-07 001.1 171.6  17.7 0.002453 0.001979 0.001010 hargrave 2020-02-07 22:35:01 
AF  40 174.6  61.4 174.6  61.4 9.54E-07 001.2 169.3  18.6 0.002053 0.002095 0.000884 hargrave 2020-02-07 22:36:21 
AF  50 167.9  60.8 167.9  60.8 9.60E-07 001.3 172.3  20.2 0.002151 0.002087 0.000756 hargrave 2020-02-07 22:37:40 
AF  60 168.2  64.9 168.2  64.9 9.22E-07 001.2 173.4  16.2 0.002117 0.001901 0.000932 hargrave 2020-02-07 22:38:59 
AF  70 169.6  55.7 169.6  55.7 8.90E-07 001.1 169.8  24.9 0.002248 0.001672 0.000911 hargrave 2020-02-07 22:40:18 
AF  80 170.8  58.0 170.8  58.0 9.59E-07 001.0 169.9  22.4 0.002275 0.001703 0.000781 hargrave 2020-02-07 22:41:38 
AF  90 172.9  58.5 172.9  58.5 8.65E-07 001.1 169.0  21.6 0.001514 0.001603 0.000809 hargrave 2020-02-07 22:42:57 
AF 100 197.9  60.0 197.9  60.0 7.53E-07 001.3 158.8  13.3 0.001164 0.001833 0.000624 hargrave 2020-02-07 22:44:16 
AF 120 192.2  69.8 192.2  69.8 6.90E-07 001.3 167.3  07.7 0.001661 0.001746 0.000669 hargrave 2020-02-07 22:45:35 
AF 140 159.6  63.3 159.6  63.3 6.01E-07 001.1 176.9  18.5 0.001667 0.001095 0.000534 hargrave 2020-02-07 22:46:54 
AF 160 183.7  65.2 183.7  65.2 9.75E-07 001.1 167.3  13.4 0.002027 0.001949 0.000831 hargrave 2020-02-07 22:48:14 
AF 180 193.5  48.9 193.5  48.9 9.93E-07 001.1 152.4  22.9 0.001579 0.002382 0.000878 hargrave 2020-02-07 22:49:33 
AF 200 188.3  44.4 188.3  44.4 1.11E-06 001.2 151.9  28.6 0.001747 0.002732 0.000665 hargrave 2020-02-07 22:50:52 
AF 250 168.2  69.4 168.2  69.4 1.23E-06 001.4 174.6  11.9 0.002752 0.002940 0.000924 hargrave 2020-02-07 22:52:11 
AF 300 171.8  65.3 171.8  65.3 9.84E-07 001.4 172.0  15.4 0.002538 0.002361 0.000655 hargrave 2020-02-07 22:53:31 
AF 350 084.9  72.5 084.9  72.5 1.03E-06 001.3 196.2 -01.2 0.003282 0.001151 0.001001 hargrave 2020-02-07 22:54:50 
AF 400 192.7  68.6 192.7  68.6 8.19E-07 001.1 166.4  08.5 0.001607 0.001841 0.000819 hargrave 2020-02-07 22:56:10 
AF 450 051.8  57.8 051.8  57.8 8.40E-07 001.3 212.4 -12.7 0.002109 0.000484 0.000898 hargrave 2020-02-07 22:57:29 
AF 500 154.9  55.6 154.9  55.6 1.01E-06 001.0 178.8  26.3 0.002268 0.001490 0.001166 hargrave 2020-02-07 22:58:49 
AF 550 095.9  63.8 095.9  63.8 5.29E-07 002.0 201.9  06.5 0.001682 0.001031 0.001170 hargrave 2020-02-07 23:00:08 
AF 600 058.8  47.8 058.8  47.8 6.94E-07 001.5 222.7 -08.8 0.001778 0.000737 0.001116 hargrave 2020-02-07 23:01:27 
AF 650 172.9  50.1 172.9  50.1 8.79E-07 001.4 165.5  29.4 0.001773 0.002134 0.000533 hargrave 2020-02-07 23:02:47 
AF 700 163.2  09.4 163.2  09.4 3.75E-07 002.3 149.5  69.8 0.000895 0.001368 0.000327 hargrave 2020-02-07 23:04:06 
AF 750 162.5  16.4 162.5  16.4 6.60E-07 001.9 158.9  63.8 0.001386 0.001938 0.000454 hargrave 2020-02-07 23:05:26 
AF 800 254.3  51.8 254.3  51.8 4.34E-07 002.1 141.5 -13.2 0.001072 0.001852 0.000343 hargrave 2020-02-07 23:06:46 
AF 850 267.9  71.8 267.9  71.8 1.02E-06 001.3 163.0 -15.2 0.002337 0.002865 0.000400 hargrave 2020-02-07 23:08:06 
AF 900 339.5  32.8 339.5  32.8 6.21E-07 001.1 192.8 -64.5 0.000980 0.000467 0.000733 hargrave 2020-02-07 23:09:26 
AF 950 186.3  62.9 186.3  62.9 8.78E-07 001.5 165.0  14.7 0.001703 0.002549 0.000622 hargrave 2020-02-07 23:10:45 
AF1000 099.0  27.3 099.0  27.3 5.43E-07 001.5 233.7  27.0 0.000959 0.001157 0.000377 hargrave 2020-02-07 23:12:05 
AF1050 118.5  42.3 118.5  42.3 7.76E-07 001.7 209.2  30.7 0.001787 0.001681 0.000651 hargrave 2020-02-07 23:13:25 
AF1100 149.5 -29.6 149.5 -29.6 3.07E-07 004.1 351.7  68.1 0.001869 0.001249 0.000246 hargrave 2020-02-07 23:14:45 
AF1150 161.8  35.4 161.8  35.4 7.77E-07 001.5 169.7  45.8 0.001847 0.001623 0.000637 hargrave 2020-02-07 23:16:06 
AF1200 028.3 -36.0 028.3 -36.0 3.61E-07 000.6 314.2 -22.0 0.000507 0.000881 0.000652 hargrave 2020-02-07 23:17:27 
AF1250 186.6 -36.8 186.6 -36.8 3.70E-07 002.2 041.5  48.1 0.001148 0.000882 0.000017 hargrave 2020-02-07 23:18:48 
AF1300 205.4 -24.1 205.4 -24.1 4.81E-07 001.6 065.7  37.5 0.001317 0.000795 0.000132 hargrave 2020-02-07 23:20:10 
ARM    204.2 -23.6 204.2 -23.6 4.89E-07 002.4 066.1  38.7 0.001812 0.001138 0.000310 hargrave 2020-02-07 23:21:10 
ARM    205.0 -23.4 205.0 -23.4 4.86E-07 002.4 066.5  37.9 0.001829 0.001158 0.000401 hargrave 2020-02-07 23:22:09 
ARM    205.2 -22.3 205.2 -22.3 4.74E-07 002.5 067.9  37.9 0.001802 0.001174 0.000306 hargrave 2020-02-07 23:23:07 
ARM    204.2 -21.4 204.2 -21.4 4.86E-07 002.3 068.9  39.0 0.001771 0.001150 0.000270 hargrave 2020-02-07 23:24:06 
ARM    206.6 -23.9 206.6 -23.9 4.93E-07 002.4 066.1  36.4 0.001876 0.001095 0.000276 hargrave 2020-02-07 23:25:05 
ARM    212.4 -22.7 212.4 -22.7 4.68E-07 002.4 068.2  31.2 0.001834 0.001143 0.000243 hargrave 2020-02-07 23:26:03 
ARM    206.1 -26.9 206.1 -26.9 4.66E-07 002.6 062.3  36.4 0.001914 0.001217 0.000295 hargrave 2020-02-07 23:27:02 
ARM    206.6 -23.2 206.6 -23.2 4.65E-07 002.5 067.0  36.5 0.001856 0.001228 0.000226 hargrave 2020-02-07 23:28:00 
ARM    209.7 -23.7 209.7 -23.7 4.97E-07 002.4 066.8  33.6 0.001935 0.001241 0.000309 hargrave 2020-02-07 23:28:59 
ARM    196.8 -25.6 196.8 -25.6 4.97E-07 002.6 061.5  44.8 0.001865 0.001316 0.000449 hargrave 2020-02-07 23:29:57 
ARM    190.6 -31.9 190.6 -31.9 3.74E-07 002.9 050.3  47.7 0.001659 0.001152 0.000145 hargrave 2020-02-07 23:30:56 
ARM    190.4 -30.2 190.4 -30.2 4.61E-07 001.4 052.6  48.6 0.001042 0.000550 0.000069 hargrave 2020-02-07 23:31:55 
ARM    199.6 -15.2 199.6 -15.2 6.25E-07 001.1 076.6  43.9 0.001004 0.000556 0.000446 hargrave 2020-02-07 23:32:54 
ARM    189.2 -20.4 189.2 -20.4 7.02E-07 001.1 066.5  52.8 0.001310 0.000569 0.000293 hargrave 2020-02-07 23:33:52 
ARM    201.2 -32.1 201.2 -32.1 5.65E-07 002.1 054.6  39.3 0.001912 0.000904 0.000341 hargrave 2020-02-07 23:34:51 
ARM    205.8 -44.5 205.8 -44.5 7.07E-07 001.2 041.8  31.6 0.001586 0.000580 0.000224 hargrave 2020-02-07 23:35:50 
ARM    208.3 -28.6 208.3 -28.6 8.19E-07 001.4 060.7  34.2 0.002024 0.000977 0.000211 hargrave 2020-02-07 23:36:49 
ARM    196.7 -20.7 196.7 -20.7 1.26E-06 001.2 068.4  45.9 0.002556 0.001349 0.000467 hargrave 2020-02-07 23:37:48 
ARM    197.5 -25.8 197.5 -25.8 1.14E-06 001.3 061.6  44.2 0.002582 0.001289 0.000342 hargrave 2020-02-07 23:38:47 
ARM    215.3 -21.4 215.3 -21.4 1.23E-06 001.2 069.9  28.7 0.002815 0.001320 0.000394 hargrave 2020-02-07 23:39:45 
ARM    209.5 -22.8 209.5 -22.8 1.18E-06 001.3 067.8  33.9 0.002708 0.001288 0.000552 hargrave 2020-02-07 23:40:44 
ARM    206.0 -19.3 206.0 -19.3 1.11E-06 001.8 071.8  37.5 0.003246 0.001822 0.000669 hargrave 2020-02-07 23:41:43 
ARM    201.8 -17.5 201.8 -17.5 1.51E-06 001.1 073.6  41.6 0.002691 0.001091 0.000682 hargrave 2020-02-07 23:42:42 
ARM    181.0 -20.0 181.0 -20.0 1.84E-06 001.1 063.1  60.4 0.003029 0.001684 0.000696 hargrave 2020-02-07 23:43:41 
ARM    183.7 -26.0 183.7 -26.0 1.22E-06 001.3 054.6  55.7 0.002622 0.000871 0.000352 hargrave 2020-02-07 23:44:40 
ARM    184.6 -54.0 184.6 -54.0 1.48E-06 001.4 022.8  37.5 0.003751 0.001437 0.001020 hargrave 2020-02-07 23:45:38 
ARM    238.5 -33.3 238.5 -33.3 7.85E-07 001.6 057.3  08.1 0.002412 0.001033 0.000522 hargrave 2020-02-07 23:46:37 
ARM    168.0 -18.9 168.0 -18.9 1.77E-06 001.1 051.9  71.8 0.002941 0.001398 0.000539 hargrave 2020-02-07 23:47:36 
ARM    176.2 -29.3 176.2 -29.3 1.17E-06 001.4 042.6  59.5 0.002825 0.001307 0.000634 hargrave 2020-02-07 23:48:35 
ARM    165.1 -29.0 165.1 -29.0 3.33E-06 001.0 026.9  66.1 0.005344 0.002218 0.001008 hargrave 2020-02-07 23:49:34 
ARM    172.1 -30.4 172.1 -30.4 1.99E-06 001.1 036.1  61.3 0.003805 0.001521 0.000499 hargrave 2020-02-07 23:50:32 
ARM    156.1 -24.9 156.1 -24.9 4.12E-06 000.8 009.6  72.9 0.005253 0.002798 0.000601 hargrave 2020-02-07 23:51:31 
ARM    170.0 -25.1 170.0 -25.1 2.90E-06 001.0 041.6  66.5 0.004839 0.001602 0.000564 hargrave 2020-02-07 23:52:30 
ARM    157.6 -12.9 157.6 -12.9 7.10E-06 000.6 042.3  83.3 0.006450 0.003982 0.001888 hargrave 2020-02-07 23:53:29 
ARM    156.9 -17.7 156.9 -17.7 5.81E-06 000.7 021.0  79.5 0.006155 0.002956 0.001196 hargrave 2020-02-07 23:54:28 
ARM    154.8 -14.8 154.8 -14.8 6.61E-06 000.6 014.1  82.9 0.005733 0.003309 0.001236 hargrave 2020-02-07 23:55:27 
ARM    168.8 -17.8 168.8 -17.8 3.23E-06 000.9 055.8  71.8 0.004647 0.001783 0.000728 hargrave 2020-02-07 23:56:26 
AFz 10 168.7 -17.8 168.7 -17.8 3.23E-06 001.1 055.8  71.8 0.005415 0.002303 0.000957 hargrave 2020-02-07 23:57:22 
AFz 20 168.8 -17.8 168.8 -17.8 3.23E-06 000.9 056.0  71.7 0.004773 0.001815 0.000755 hargrave 2020-02-07 23:58:17 
AFz 30 168.7 -17.8 168.7 -17.8 3.25E-06 000.9 055.8  71.9 0.004649 0.001726 0.000780 hargrave 2020-02-07 23:59:13 
AFz 40 169.1 -18.0 169.1 -18.0 3.24E-06 001.0 055.9  71.4 0.005386 0.002239 0.000990 hargrave 2020-02-08 00:00:09 
AFz 50 169.1 -18.3 169.1 -18.3 3.21E-06 000.9 055.0  71.2 0.004727 0.001829 0.000796 hargrave 2020-02-08 00:01:05 
AFz 60 168.5 -17.9 168.5 -17.9 3.19E-06 001.0 055.1  71.9 0.005300 0.002276 0.000942 hargrave 2020-02-08 00:02:00 
AFz 70 168.7 -17.8 168.7 -17.8 3.18E-06 001.1 055.8  71.9 0.005362 0.002296 0.000920 hargrave 2020-02-08 00:02:56 
AFz 80 168.2 -17.7 168.2 -17.7 3.22E-06 000.9 055.3  72.3 0.004727 0.001893 0.000748 hargrave 2020-02-08 00:03:52 
AFz 90 169.0 -17.7 169.0 -17.7 3.17E-06 001.1 056.5  71.7 0.005359 0.002256 0.000903 hargrave 2020-02-08 00:04:48 
AFz100 168.5 -18.0 168.5 -18.0 3.17E-06 000.9 054.8  71.9 0.004620 0.001854 0.000601 hargrave 2020-02-08 00:05:44 
AFz120 168.4 -18.0 168.4 -18.0 3.08E-06 000.9 054.8  72.0 0.004583 0.001671 0.000733 hargrave 2020-02-08 00:06:39 
AFz140 168.6 -16.3 168.6 -16.3 3.27E-06 000.9 060.0  72.6 0.004630 0.001927 0.000744 hargrave 2020-02-08 00:07:35 
AFz160 171.0 -18.1 171.0 -18.1 3.05E-06 000.9 058.4  69.8 0.004680 0.001851 0.000650 hargrave 2020-02-08 00:08:31 
AFz180 170.5 -20.1 170.5 -20.1 2.91E-06 001.0 052.6  69.2 0.004614 0.001631 0.000643 hargrave 2020-02-08 00:09:27 
AFz200 168.7 -19.4 168.7 -19.4 3.08E-06 001.0 051.5  70.9 0.004786 0.001897 0.000632 hargrave 2020-02-08 00:10:22 
AFz250 167.0 -16.0 167.0 -16.0 3.25E-06 000.8 058.3  74.2 0.004095 0.002040 0.000583 hargrave 2020-02-08 00:11:18 
AFz300 168.3 -19.1 168.3 -19.1 3.00E-06 001.0 051.8  71.5 0.004579 0.002172 0.000598 hargrave 2020-02-08 00:12:14 
AFz350 169.2 -19.8 169.2 -19.8 3.58E-06 000.9 051.4  70.4 0.005299 0.002499 0.001306 hargrave 2020-02-08 00:13:10 
AFz400 168.8 -18.5 168.8 -18.5 3.29E-06 000.9 054.0  71.4 0.004756 0.001965 0.000975 hargrave 2020-02-08 00:14:06 
AFz450 166.5 -18.0 166.5 -18.0 3.39E-06 001.0 051.4  73.5 0.005553 0.002707 0.000920 hargrave 2020-02-08 00:15:02 
AFz500 171.3 -23.9 171.3 -23.9 3.04E-06 001.3 045.6  66.3 0.005984 0.002959 0.001110 hargrave 2020-02-08 00:15:58 
AFz550 174.0 -20.7 174.0 -20.7 3.43E-06 001.1 055.6  66.1 0.006284 0.002668 0.001356 hargrave 2020-02-08 00:16:54 
AFz600 167.2 -19.6 167.2 -19.6 3.17E-06 000.9 048.3  72.0 0.004739 0.002217 0.000595 hargrave 2020-02-08 00:17:50 
AFz650 169.5 -20.7 169.5 -20.7 3.06E-06 001.0 049.7  69.6 0.004984 0.001939 0.000782 hargrave 2020-02-08 00:18:47 
AFz700 173.7 -20.1 173.7 -20.1 3.07E-06 001.0 056.7  66.6 0.005208 0.001680 0.000623 hargrave 2020-02-08 00:19:44 
AFz750 163.7 -25.7 163.7 -25.7 2.45E-06 001.2 028.8  69.6 0.004879 0.002380 0.000464 hargrave 2020-02-08 00:20:40 
AFz800 166.3 -18.7 166.3 -18.7 3.35E-06 000.9 049.0  73.3 0.005016 0.002247 0.000737 hargrave 2020-02-08 00:21:36 
AFz850 167.6 -22.0 167.6 -22.0 3.35E-06 000.9 043.6  70.2 0.005287 0.001660 0.000659 hargrave 2020-02-08 00:22:32 
AFz900 166.9 -22.4 166.9 -22.4 3.32E-06 001.0 041.3  70.4 0.005398 0.002372 0.000674 hargrave 2020-02-08 00:23:28 
AFz950 167.0 -26.0 167.0 -26.0 2.65E-06 001.3 034.8  67.6 0.005450 0.002594 0.000870 hargrave 2020-02-08 00:24:24 
AFz000 166.3 -31.3 166.3 -31.3 2.82E-06 001.2 026.2  63.6 0.005593 0.002364 0.000856 hargrave 2020-02-08 00:25:20 
AFz050 157.4 -17.9 157.4 -17.9 3.49E-06 000.8 022.9  79.2 0.004657 0.002270 0.000678 hargrave 2020-02-08 00:26:16 
AFz100 159.7 -22.2 159.7 -22.2 3.65E-06 000.9 023.8  74.4 0.005373 0.002604 0.000622 hargrave 2020-02-08 00:27:12 
AFz150 162.5 -21.1 162.5 -21.1 4.00E-06 000.9 034.0  74.0 0.005833 0.002352 0.000901 hargrave 2020-02-08 00:28:08 
AFz200 161.2 -29.3 161.2 -29.3 2.95E-06 001.2 018.7  67.3 0.005895 0.002740 0.000762 hargrave 2020-02-08 00:29:04 
AFz250 161.6 -21.9 161.6 -21.9 4.00E-06 001.0 029.7  73.8 0.006416 0.002601 0.000814 hargrave 2020-02-08 00:30:01 
AFz300 169.8 -20.8 169.8 -20.8 2.40E-06 001.2 050.0  69.4 0.004660 0.001753 0.000644 hargrave 2020-02-08 00:30:57 
AFz500 169.7 -17.8 169.7 -17.8 2.17E-06 001.4 057.3  71.1 0.004882 0.002624 0.000604 hargrave 2020-02-08 00:31:53 
ARM    177.8 -19.4 177.8 -19.4 2.23E-06 001.2 062.0  63.4 0.004095 0.002351 0.000589 hargrave 2020-02-08 00:32:52 
ARM    167.5 -23.9 167.5 -23.9 2.28E-06 001.3 039.5  68.9 0.004782 0.001986 0.000666 hargrave 2020-02-08 00:33:51 
ARM    176.8 -31.7 176.8 -31.7 2.18E-06 001.4 039.8  57.6 0.005321 0.001929 0.000906 hargrave 2020-02-08 00:34:50 
ARM    312.8 -02.4 312.8 -02.4 2.34E-06 000.8 063.4 -67.3 0.002937 0.000328 0.001636 hargrave 2020-02-08 00:35:49 
ARM    329.4  02.7 329.4  02.7 1.24E-05 000.3 034.6 -83.6 0.004932 0.005178 0.005063 hargrave 2020-02-08 00:36:48 
ARM  1 331.2  04.0 331.2  04.0 2.31E-05 000.4 024.2 -85.6 0.009047 0.010789 0.008689 hargrave 2020-02-08 00:37:47 
ARM  1 331.4  04.9 331.4  04.9 3.27E-05 000.4 027.5 -86.5 0.012592 0.015294 0.011851 hargrave 2020-02-08 00:38:46 
ARM  1 332.1  05.1 332.1  05.1 4.27E-05 000.4 018.0 -87.0 0.017371 0.020256 0.015160 hargrave 2020-02-08 00:39:45 
ARM  1 332.4  05.1 332.4  05.1 5.29E-05 000.4 012.0 -87.1 0.021384 0.025318 0.019001 hargrave 2020-02-08 00:40:44 
ARM  1 332.2  05.4 332.2  05.4 6.17E-05 000.4 017.1 -87.3 0.024825 0.029131 0.021257 hargrave 2020-02-08 00:41:43 
ARM  1 332.4  05.7 332.4  05.7 8.42E-05 000.4 014.3 -87.6 0.035045 0.040439 0.028821 hargrave 2020-02-08 00:42:42 
ARM  2 332.6  05.7 332.6  05.7 1.05E-04 000.4 010.7 -87.7 0.045024 0.051666 0.036578 hargrave 2020-02-08 00:43:41 
ARM  2 332.6  05.7 332.6  05.7 1.25E-04 000.4 010.0 -87.7 0.052243 0.061370 0.043609 hargrave 2020-02-08 00:44:40 
ARM  2 332.6  05.7 332.6  05.7 1.44E-04 000.5 010.5 -87.7 0.068392 0.112065 0.049824 hargrave 2020-02-08 00:45:39 
ARM  2 332.6  05.7 332.6  05.7 1.76E-04 000.5 008.8 -87.7 0.079103 0.120750 0.061535 hargrave 2020-02-08 00:46:38 
ARM  3 332.8  05.6 332.8  05.6 2.05E-04 000.5 004.4 -87.6 0.091348 0.133197 0.073063 hargrave 2020-02-08 00:47:37 
ARM  4 332.9  05.6 332.9  05.6 2.32E-04 000.4 001.8 -87.6 0.101934 0.144099 0.083096 hargrave 2020-02-08 00:48:36 
ARM  4 333.0  05.6 333.0  05.6 2.55E-04 000.4 359.2 -87.6 0.112249 0.155675 0.093000 hargrave 2020-02-08 00:49:35 
ARM  4 333.1  05.7 333.1  05.7 2.78E-04 000.4 358.1 -87.7 0.121954 0.166113 0.101072 hargrave 2020-02-08 00:50:34 
ARM  5 333.2  05.6 333.2  05.6 2.98E-04 000.4 355.4 -87.6 0.130115 0.176139 0.109561 hargrave 2020-02-08 00:51:33 
