AX13- 8b mag compass orientation (IGRF corrected)
      0 214.0  62.0   0.0   0.0   1.0
NRM    231.6  42.8 231.6  42.8 4.03E-07 001.8 135.2  07.0 0.000861 0.001122 0.000261 hargrave 2020-02-08 00:54:06 
AF  10 238.2  38.6 238.2  38.6 4.13E-07 001.7 134.6  00.6 0.000818 0.001147 0.000184 hargrave 2020-02-08 00:55:25 
AF  20 237.8  36.0 237.8  36.0 4.19E-07 000.9 132.2 -00.7 0.000342 0.001006 0.000176 hargrave 2020-02-08 00:56:44 
AF  30 248.8  39.2 248.8  39.2 4.46E-07 001.0 140.2 -05.4 0.000436 0.000953 0.000328 hargrave 2020-02-08 00:58:04 
AF  40 245.1  30.3 245.1  30.3 5.24E-07 001.0 131.5 -09.1 0.000384 0.001102 0.000384 hargrave 2020-02-08 00:59:23 
AF  50 240.1  33.3 240.1  33.3 4.69E-07 001.0 131.2 -03.8 0.000391 0.001055 0.000268 hargrave 2020-02-08 01:00:43 
AF  60 242.9  39.8 242.9  39.8 4.41E-07 001.1 137.7 -01.6 0.000444 0.001078 0.000302 hargrave 2020-02-08 01:02:02 
AF  70 246.9  50.5 246.9  50.5 4.24E-07 001.1 147.7  03.3 0.000617 0.001177 0.000302 hargrave 2020-02-08 01:03:21 
AF  80 235.4  53.2 235.4  53.2 3.98E-07 001.9 145.5  10.5 0.000698 0.001541 0.000394 hargrave 2020-02-08 01:04:41 
AF  90 232.5  56.0 232.5  56.0 3.85E-07 002.6 146.9  13.4 0.001084 0.001731 0.000399 hargrave 2020-02-08 01:06:00 
AF 100 191.5  62.1 191.5  62.1 3.97E-07 002.0 148.1  35.0 0.000699 0.001504 0.000335 hargrave 2020-02-08 01:07:21 
AF 120 238.4  43.5 238.4  43.5 4.89E-07 001.4 138.6  03.4 0.000507 0.001503 0.000288 hargrave 2020-02-08 01:08:40 
AF 140 237.0  41.9 237.0  41.9 6.38E-07 001.0 136.7  03.3 0.000555 0.001636 0.000407 hargrave 2020-02-08 01:10:00 
AF 160 225.0  34.6 225.0  34.6 4.95E-07 001.1 125.5  07.3 0.000669 0.001203 0.000391 hargrave 2020-02-08 01:11:19 
AF 180 263.9  42.9 263.9  42.9 8.23E-07 000.9 151.4 -10.1 0.001106 0.001660 0.000589 hargrave 2020-02-08 01:12:38 
AF 200 253.7  20.1 253.7  20.1 8.70E-07 001.0 129.0 -21.6 0.000890 0.001777 0.000569 hargrave 2020-02-08 01:13:58 
AF 250 228.9  36.2 228.9  36.2 4.66E-07 001.7 128.5  05.4 0.000921 0.001128 0.000583 hargrave 2020-02-08 01:15:17 
AF 300 261.2  05.4 261.2  05.4 5.74E-07 000.8 122.1 -36.9 0.000210 0.001043 0.000367 hargrave 2020-02-08 01:16:37 
AF 350 249.8  44.0 249.8  44.0 7.65E-07 001.1 144.3 -02.6 0.001255 0.001889 0.000928 hargrave 2020-02-08 01:17:56 
AF 400 211.7  31.9 211.7  31.9 6.59E-07 000.9 117.9  16.2 0.000510 0.001471 0.000721 hargrave 2020-02-08 01:19:16 
AF 450 220.2  26.1 220.2  26.1 6.77E-07 000.8 116.0  07.0 0.000209 0.001550 0.000536 hargrave 2020-02-08 01:20:35 
AF 500 170.6  41.3 170.6  41.3 6.06E-07 001.8 121.9  49.9 0.000983 0.001764 0.000369 hargrave 2020-02-08 01:21:55 
AF 550 207.6  54.1 207.6  54.1 9.39E-07 001.0 139.6  26.0 0.001327 0.002171 0.000640 hargrave 2020-02-08 01:23:14 
AF 600 222.4  60.9 222.4  60.9 9.86E-07 001.4 149.1  20.3 0.001527 0.002990 0.000852 hargrave 2020-02-08 01:24:34 
AF 650 240.4  55.6 240.4  55.6 9.83E-07 001.6 149.2  09.5 0.001476 0.003397 0.000670 hargrave 2020-02-08 01:25:53 
AF 700 242.3  35.3 242.3  35.3 5.12E-07 001.7 133.9 -04.0 0.001278 0.002166 0.000265 hargrave 2020-02-08 01:27:13 
AF 750 188.6  34.3 188.6  34.3 3.66E-07 001.9 114.0  35.3 0.000820 0.001474 0.000097 hargrave 2020-02-08 01:28:32 
AF 800 173.7  58.7 173.7  58.7 6.37E-07 002.1 146.5  44.2 0.001615 0.002427 0.000131 hargrave 2020-02-08 01:29:52 
AF 850 198.9  34.8 198.9  34.8 9.40E-07 001.2 117.0  27.2 0.000786 0.002460 0.000508 hargrave 2020-02-08 01:31:12 
AF 900 139.7  01.7 139.7  01.7 3.25E-07 002.8 032.5  59.7 0.001205 0.001005 0.000339 hargrave 2020-02-08 01:32:32 
AF 950 171.0  48.2 171.0  48.2 4.51E-07 002.0 132.3  48.7 0.000982 0.001706 0.000279 hargrave 2020-02-08 01:33:53 
AF1000 155.8  53.7 155.8  53.7 4.90E-07 001.6 146.7  55.3 0.000746 0.001159 0.000287 hargrave 2020-02-08 01:35:12 
AF1050 149.6 -04.9 149.6 -04.9 7.93E-07 002.0 040.9  48.9 0.002446 0.001440 0.000671 hargrave 2020-02-08 01:36:33 
AF1100 167.5  06.3 167.5  06.3 6.55E-07 002.0 070.6  43.5 0.001924 0.001541 0.000456 hargrave 2020-02-08 01:37:53 
AF1150 190.2  34.1 190.2  34.1 7.12E-07 002.3 114.0  34.0 0.001917 0.002978 0.000221 hargrave 2020-02-08 01:39:14 
AF1200 139.6  40.2 139.6  40.2 1.46E-06 001.1 137.4  72.3 0.001547 0.002328 0.000271 hargrave 2020-02-08 01:40:35 
AF1250 222.2 -27.0 222.2 -27.0 1.27E-06 001.0 068.8 -19.0 0.002589 0.001712 0.001165 hargrave 2020-02-08 01:41:56 
AF1300 253.1 -50.9 253.1 -50.9 2.13E-06 000.7 044.4 -45.7 0.003454 0.000931 0.002075 hargrave 2020-02-08 01:43:19 
ARM    253.3 -50.9 253.3 -50.9 2.13E-06 000.9 044.4 -45.8 0.003986 0.001218 0.001874 hargrave 2020-02-08 01:44:19 
ARM    253.0 -50.8 253.0 -50.8 2.13E-06 000.7 044.6 -45.6 0.003387 0.001049 0.001961 hargrave 2020-02-08 01:45:17 
ARM    253.0 -50.9 253.0 -50.9 2.13E-06 000.7 044.4 -45.6 0.003444 0.001014 0.001826 hargrave 2020-02-08 01:46:16 
ARM    253.4 -50.9 253.4 -50.9 2.14E-06 000.8 044.4 -45.8 0.003944 0.001150 0.002021 hargrave 2020-02-08 01:47:15 
ARM    254.3 -51.1 254.3 -51.1 2.15E-06 000.8 044.0 -46.4 0.003947 0.001104 0.002024 hargrave 2020-02-08 01:48:14 
ARM    253.4 -51.1 253.4 -51.1 2.15E-06 000.7 044.2 -45.8 0.003545 0.000937 0.002064 hargrave 2020-02-08 01:49:12 
ARM    253.4 -50.9 253.4 -50.9 2.09E-06 000.9 044.4 -45.9 0.003943 0.001148 0.001994 hargrave 2020-02-08 01:50:11 
ARM    253.5 -51.0 253.5 -51.0 2.10E-06 000.8 044.3 -45.9 0.003963 0.001221 0.002113 hargrave 2020-02-08 01:51:09 
ARM    252.2 -50.6 252.2 -50.6 2.04E-06 000.7 045.1 -45.2 0.003445 0.001023 0.001995 hargrave 2020-02-08 01:52:08 
ARM    250.5 -50.7 250.5 -50.7 2.12E-06 000.8 045.2 -44.1 0.003658 0.001067 0.001964 hargrave 2020-02-08 01:53:07 
ARM    248.8 -50.5 248.8 -50.5 2.08E-06 000.7 045.7 -43.0 0.003358 0.001046 0.001786 hargrave 2020-02-08 01:54:06 
ARM    251.8 -50.0 251.8 -50.0 2.14E-06 000.7 046.0 -45.0 0.003598 0.001109 0.001953 hargrave 2020-02-08 01:55:04 
ARM    248.6 -48.3 248.6 -48.3 2.03E-06 000.7 048.6 -43.1 0.003385 0.001355 0.001754 hargrave 2020-02-08 01:56:03 
ARM    250.4 -51.4 250.4 -51.4 2.02E-06 000.8 044.2 -43.9 0.003575 0.001158 0.001962 hargrave 2020-02-08 01:57:02 
ARM    250.9 -48.0 250.9 -48.0 2.09E-06 000.7 048.9 -44.7 0.003204 0.001283 0.001811 hargrave 2020-02-08 01:58:01 
ARM    248.3 -48.1 248.3 -48.1 2.20E-06 000.7 048.9 -43.0 0.003627 0.001642 0.001948 hargrave 2020-02-08 01:59:00 
ARM    244.9 -43.7 244.9 -43.7 2.07E-06 000.7 055.0 -40.7 0.003186 0.001921 0.001778 hargrave 2020-02-08 01:59:59 
ARM    251.9 -45.3 251.9 -45.3 2.04E-06 000.6 052.5 -45.6 0.002952 0.001449 0.001822 hargrave 2020-02-08 02:00:57 
ARM    243.4 -38.4 243.4 -38.4 1.79E-06 000.7 061.7 -39.2 0.002926 0.002119 0.001515 hargrave 2020-02-08 02:01:56 
ARM    234.5 -47.2 234.5 -47.2 1.93E-06 000.9 049.9 -33.7 0.003948 0.001482 0.001649 hargrave 2020-02-08 02:02:55 
ARM    231.7 -46.8 231.7 -46.8 1.91E-06 000.9 050.1 -31.7 0.004110 0.001633 0.001652 hargrave 2020-02-08 02:03:54 
ARM    222.1 -42.1 222.1 -42.1 1.39E-06 001.0 053.5 -24.0 0.003184 0.001156 0.001304 hargrave 2020-02-08 02:04:53 
ARM    230.5 -46.2 230.5 -46.2 1.70E-06 000.8 050.7 -30.8 0.003207 0.001290 0.001473 hargrave 2020-02-08 02:05:52 
ARM    227.7 -44.7 227.7 -44.7 1.20E-06 000.9 051.8 -28.6 0.002690 0.001156 0.001234 hargrave 2020-02-08 02:06:51 
ARM    223.9 -40.0 223.9 -40.0 1.30E-06 000.9 056.2 -24.7 0.002753 0.001335 0.001247 hargrave 2020-02-08 02:07:50 
ARM    218.3 -58.4 218.3 -58.4 7.82E-07 000.9 035.4 -25.8 0.001755 0.000532 0.000944 hargrave 2020-02-08 02:08:49 
ARM    240.2 -47.1 240.2 -47.1 1.39E-06 000.9 050.4 -37.6 0.002755 0.000970 0.001441 hargrave 2020-02-08 02:09:47 
ARM    254.5 -35.0 254.5 -35.0 1.51E-06 000.7 067.6 -47.6 0.002104 0.001365 0.001263 hargrave 2020-02-08 02:10:47 
ARM    284.2 -39.3 284.2 -39.3 2.11E-06 000.3 050.5 -70.1 0.001225 0.000539 0.001480 hargrave 2020-02-08 02:11:46 
ARM    280.6 -31.9 280.6 -31.9 2.56E-06 000.3 073.5 -69.4 0.001229 0.000639 0.001756 hargrave 2020-02-08 02:12:45 
ARM    155.8  07.5 155.8  07.5 1.36E-06 001.1 061.8  53.6 0.002261 0.001126 0.000836 hargrave 2020-02-08 02:13:44 
ARM    279.1 -36.5 279.1 -36.5 1.94E-06 000.4 061.5 -67.3 0.001309 0.000540 0.001128 hargrave 2020-02-08 02:14:43 
ARM    245.4 -14.1 245.4 -14.1 9.70E-07 001.0 091.5 -34.1 0.001655 0.001111 0.000657 hargrave 2020-02-08 02:15:42 
ARM    139.9  23.0 139.9  23.0 3.73E-06 000.7 074.2  74.8 0.003629 0.002690 0.001803 hargrave 2020-02-08 02:16:41 
ARM    270.9 -32.5 270.9 -32.5 2.02E-06 000.5 072.7 -61.2 0.001698 0.000705 0.001542 hargrave 2020-02-08 02:17:39 
ARM    282.8 -32.6 282.8 -32.6 2.41E-06 000.3 070.8 -71.2 0.001097 0.000425 0.001039 hargrave 2020-02-08 02:18:38 
ARM    293.2 -28.5 293.2 -28.5 4.86E-06 000.2 084.4 -80.5 0.000965 0.001290 0.001917 hargrave 2020-02-08 02:19:37 
AFz 10 293.2 -28.5 293.2 -28.5 4.86E-06 000.2 084.5 -80.5 0.000993 0.001304 0.002071 hargrave 2020-02-08 02:20:33 
AFz 20 293.2 -28.5 293.2 -28.5 4.85E-06 000.2 084.5 -80.5 0.001041 0.001305 0.002005 hargrave 2020-02-08 02:21:28 
AFz 30 293.1 -28.5 293.1 -28.5 4.86E-06 000.2 084.6 -80.4 0.001290 0.001693 0.002043 hargrave 2020-02-08 02:22:25 
AFz 40 293.2 -28.5 293.2 -28.5 4.86E-06 000.2 084.2 -80.5 0.000952 0.001270 0.001974 hargrave 2020-02-08 02:23:21 
AFz 50 293.1 -28.5 293.1 -28.5 4.86E-06 000.2 084.6 -80.4 0.000942 0.001272 0.001954 hargrave 2020-02-08 02:24:16 
AFz 60 292.8 -28.5 292.8 -28.5 4.80E-06 000.2 084.4 -80.1 0.001318 0.001762 0.001988 hargrave 2020-02-08 02:25:12 
AFz 70 293.0 -28.8 293.0 -28.8 4.79E-06 000.2 082.9 -80.3 0.000962 0.001262 0.001904 hargrave 2020-02-08 02:26:08 
AFz 80 292.9 -28.8 292.9 -28.8 4.78E-06 000.2 082.4 -80.2 0.000904 0.001164 0.002029 hargrave 2020-02-08 02:27:03 
AFz 90 292.5 -29.4 292.5 -29.4 4.71E-06 000.2 079.3 -79.8 0.001145 0.001682 0.002019 hargrave 2020-02-08 02:27:59 
AFz100 292.5 -28.8 292.5 -28.8 4.64E-06 000.2 082.8 -79.9 0.000838 0.001143 0.001954 hargrave 2020-02-08 02:28:54 
AFz120 292.0 -30.6 292.0 -30.6 4.55E-06 000.2 072.9 -79.3 0.001038 0.001305 0.001994 hargrave 2020-02-08 02:29:50 
AFz140 293.9 -30.1 293.9 -30.1 4.78E-06 000.2 074.2 -80.9 0.000955 0.001377 0.002060 hargrave 2020-02-08 02:30:45 
AFz160 291.7 -31.3 291.7 -31.3 4.52E-06 000.2 069.7 -78.8 0.001100 0.001238 0.002049 hargrave 2020-02-08 02:31:41 
AFz180 291.7 -31.5 291.7 -31.5 4.58E-06 000.2 069.1 -78.8 0.001131 0.001294 0.002180 hargrave 2020-02-08 02:32:36 
AFz200 292.3 -30.6 292.3 -30.6 4.78E-06 000.2 072.9 -79.5 0.001073 0.001681 0.002171 hargrave 2020-02-08 02:33:32 
AFz250 293.6 -29.9 293.6 -29.9 4.88E-06 000.2 076.0 -80.7 0.001109 0.001765 0.002083 hargrave 2020-02-08 02:34:28 
AFz300 294.3 -31.8 294.3 -31.8 4.86E-06 000.3 063.6 -80.8 0.001202 0.001836 0.002393 hargrave 2020-02-08 02:35:24 
AFz350 288.9 -28.5 288.9 -28.5 4.81E-06 000.2 084.2 -76.7 0.000890 0.001869 0.002141 hargrave 2020-02-08 02:36:19 
AFz400 291.4 -31.0 291.4 -31.0 4.58E-06 000.2 071.7 -78.6 0.001161 0.001386 0.002199 hargrave 2020-02-08 02:37:15 
AFz450 290.4 -25.7 290.4 -25.7 4.58E-06 000.1 097.7 -77.6 0.000313 0.001239 0.001822 hargrave 2020-02-08 02:38:10 
AFz500 295.7 -25.2 295.7 -25.2 4.78E-06 000.1 108.8 -82.1 0.000590 0.001266 0.001777 hargrave 2020-02-08 02:39:06 
AFz550 293.9 -25.5 293.9 -25.5 4.52E-06 000.2 102.8 -80.6 0.000445 0.001359 0.001725 hargrave 2020-02-08 02:40:02 
AFz600 289.9 -27.0 289.9 -27.0 3.89E-06 000.2 091.1 -77.5 0.000702 0.001523 0.001695 hargrave 2020-02-08 02:40:57 
AFz650 287.0 -26.6 287.0 -26.6 3.03E-06 000.2 091.1 -74.8 0.000998 0.000546 0.001176 hargrave 2020-02-08 02:41:53 
AFz700 289.4 -33.2 289.4 -33.2 3.27E-06 000.3 064.0 -76.5 0.001182 0.001407 0.001512 hargrave 2020-02-08 02:42:49 
AFz750 282.8 -36.3 282.8 -36.3 2.17E-06 000.5 059.8 -70.3 0.001721 0.000758 0.001147 hargrave 2020-02-08 02:43:44 
AFz800 276.1 -36.4 276.1 -36.4 1.88E-06 000.5 063.2 -65.0 0.001479 0.000538 0.001142 hargrave 2020-02-08 02:44:40 
AFz850 289.4 -30.1 289.4 -30.1 2.83E-06 000.4 077.4 -77.0 0.000622 0.001769 0.001438 hargrave 2020-02-08 02:45:37 
AFz900 291.6 -30.3 291.6 -30.3 3.43E-06 000.1 075.3 -78.9 0.000422 0.000713 0.001457 hargrave 2020-02-08 02:46:33 
AFz950 289.7 -30.4 289.7 -30.4 2.70E-06 000.2 075.7 -77.3 0.000523 0.000463 0.001177 hargrave 2020-02-08 02:47:28 
AFz000 285.7 -26.9 285.7 -26.9 2.45E-06 000.2 089.4 -73.7 0.000665 0.000460 0.001077 hargrave 2020-02-08 02:48:24 
AFz050 272.7 -29.7 272.7 -29.7 1.50E-06 000.5 078.8 -62.6 0.001081 0.000401 0.001260 hargrave 2020-02-08 02:49:20 
AFz100 193.1 -41.8 193.1 -41.8 9.71E-07 001.5 044.3 -04.5 0.002531 0.001083 0.001262 hargrave 2020-02-08 02:50:15 
AFz150 283.7 -27.7 283.7 -27.7 2.56E-06 000.2 086.2 -72.0 0.000722 0.000674 0.001257 hargrave 2020-02-08 02:51:11 
AFz200 143.6  29.8 143.6  29.8 2.93E-06 000.7 100.6  72.7 0.002635 0.002141 0.001821 hargrave 2020-02-08 02:52:07 
AFz250 204.1 -40.6 204.1 -40.6 4.18E-07 002.5 049.6 -11.0 0.001845 0.001168 0.000434 hargrave 2020-02-08 02:53:02 
AFz300 135.9  20.1 135.9  20.1 3.59E-06 000.7 056.5  76.5 0.003923 0.002191 0.001583 hargrave 2020-02-08 02:53:58 
AFz500 134.6  19.9 134.6  19.9 3.77E-06 000.6 052.5  77.4 0.003644 0.002149 0.001888 hargrave 2020-02-08 02:54:54 
ARM    138.4  25.9 138.4  25.9 3.62E-06 000.7 084.2  77.0 0.003762 0.002295 0.001909 hargrave 2020-02-08 02:55:52 
ARM    138.6  27.3 138.6  27.3 3.45E-06 000.6 090.2  77.1 0.002739 0.001860 0.002067 hargrave 2020-02-08 02:56:51 
ARM    135.0  25.0 135.0  25.0 3.70E-06 000.6 075.4  79.7 0.003226 0.001898 0.001889 hargrave 2020-02-08 02:57:51 
ARM    241.1 -32.1 241.1 -32.1 8.73E-07 001.4 069.1 -36.1 0.002117 0.000942 0.000301 hargrave 2020-02-08 02:58:50 
ARM    301.2 -26.9 301.2 -26.9 1.08E-05 000.3 113.2 -87.3 0.004425 0.004227 0.003633 hargrave 2020-02-08 02:59:49 
ARM  1 302.4 -26.8 302.4 -26.8 2.07E-05 000.4 129.2 -88.1 0.009432 0.008723 0.007549 hargrave 2020-02-08 03:00:48 
ARM  1 302.7 -26.7 302.7 -26.7 3.06E-05 000.4 139.5 -88.2 0.014404 0.012679 0.011139 hargrave 2020-02-08 03:01:46 
ARM  1 303.1 -26.4 303.1 -26.4 4.00E-05 000.4 153.9 -88.2 0.019990 0.017056 0.014374 hargrave 2020-02-08 03:02:45 
ARM  1 303.4 -26.4 303.4 -26.4 5.00E-05 000.4 160.8 -88.3 0.025128 0.021081 0.018005 hargrave 2020-02-08 03:03:44 
ARM  1 303.3 -26.4 303.3 -26.4 5.90E-05 000.4 158.6 -88.3 0.030064 0.025221 0.020967 hargrave 2020-02-08 03:04:43 
ARM  1 303.8 -26.4 303.8 -26.4 8.11E-05 000.4 172.4 -88.4 0.041757 0.034784 0.029348 hargrave 2020-02-08 03:05:42 
ARM  2 303.6 -26.4 303.6 -26.4 1.01E-04 000.4 168.9 -88.3 0.053097 0.044212 0.036644 hargrave 2020-02-08 03:06:41 
ARM  2 303.8 -26.4 303.8 -26.4 1.21E-04 000.4 172.4 -88.4 0.062462 0.052048 0.044057 hargrave 2020-02-08 03:07:41 
ARM  2 303.9 -26.6 303.9 -26.6 1.39E-04 000.4 175.0 -88.6 0.072465 0.072225 0.050751 hargrave 2020-02-08 03:08:40 
ARM  2 303.8 -26.5 303.8 -26.5 1.70E-04 000.4 173.6 -88.5 0.087195 0.082546 0.062094 hargrave 2020-02-08 03:09:40 
ARM  3 303.9 -26.4 303.9 -26.4 1.99E-04 000.4 175.2 -88.4 0.100786 0.092178 0.071200 hargrave 2020-02-08 03:10:40 
ARM  4 303.9 -26.4 303.9 -26.4 2.24E-04 000.4 175.1 -88.4 0.113067 0.101476 0.081026 hargrave 2020-02-08 03:11:39 
ARM  4 303.9 -26.4 303.9 -26.4 2.48E-04 000.4 176.2 -88.4 0.125056 0.111113 0.088500 hargrave 2020-02-08 03:12:38 
ARM  4 303.9 -26.4 303.9 -26.4 2.70E-04 000.4 176.7 -88.4 0.136606 0.119987 0.096962 hargrave 2020-02-08 03:13:38 
ARM  5 303.9 -26.5 303.9 -26.5 2.90E-04 000.4 176.3 -88.5 0.146337 0.127992 0.103727 hargrave 2020-02-08 03:14:37 
