AX13- 9b mag compass orientation (IGRF corrected)
      0 223.0  90.0   0.0   0.0   1.0
NRM    215.2  48.2 215.2  48.2 9.82E-07 001.2 138.5  05.2 0.001332 0.002988 0.000861 hargrave 2020-02-08 03:17:10 
AF  10 214.7  47.9 214.7  47.9 9.62E-07 001.2 138.2  05.5 0.001358 0.002976 0.000743 hargrave 2020-02-08 03:18:29 
AF  20 214.3  49.0 214.3  49.0 9.71E-07 001.5 139.3  05.7 0.001480 0.003350 0.000690 hargrave 2020-02-08 03:19:49 
AF  30 215.2  49.3 215.2  49.3 9.60E-07 001.5 139.6  05.0 0.001729 0.003300 0.000644 hargrave 2020-02-08 03:21:09 
AF  40 209.6  52.0 209.6  52.0 1.02E-06 001.5 142.7  08.2 0.001529 0.003352 0.000754 hargrave 2020-02-08 03:22:29 
AF  50 206.7  56.0 206.7  56.0 1.11E-06 001.3 147.1  09.0 0.001897 0.003511 0.001034 hargrave 2020-02-08 03:23:49 
AF  60 206.2  56.1 206.2  56.1 1.09E-06 001.3 147.2  09.3 0.001848 0.003528 0.000795 hargrave 2020-02-08 03:25:09 
AF  70 204.2  48.8 204.2  48.8 1.06E-06 001.3 140.4  12.3 0.001554 0.003500 0.000821 hargrave 2020-02-08 03:26:29 
AF  80 208.1  56.6 208.1  56.6 1.05E-06 001.4 147.5  08.2 0.001897 0.003639 0.000713 hargrave 2020-02-08 03:27:48 
AF  90 211.1  55.0 211.1  55.0 1.25E-06 001.5 145.6  06.8 0.002281 0.004408 0.000930 hargrave 2020-02-08 03:29:08 
AF 100 216.7  54.3 216.7  54.3 1.47E-06 001.2 144.5  03.7 0.002409 0.004743 0.000982 hargrave 2020-02-08 03:30:28 
AF 120 219.4  56.9 219.4  56.9 1.14E-06 001.0 147.0  02.0 0.002033 0.003280 0.000611 hargrave 2020-02-08 03:31:48 
AF 140 216.5  54.7 216.5  54.7 1.22E-06 001.3 144.9  03.7 0.002125 0.004122 0.000659 hargrave 2020-02-08 03:33:08 
AF 160 211.1  59.3 211.1  59.3 8.72E-07 001.5 149.9  06.0 0.001227 0.002380 0.000205 hargrave 2020-02-08 03:34:29 
AF 180 191.0  59.2 191.0  59.2 1.28E-06 001.4 153.2  15.7 0.002372 0.004097 0.000610 hargrave 2020-02-08 03:35:49 
AF 200 202.9  63.8 202.9  63.8 1.00E-06 001.4 155.2  08.7 0.001984 0.003328 0.000372 hargrave 2020-02-08 03:37:09 
AF 250 264.2  58.7 264.2  58.7 5.54E-07 002.0 155.4 -20.0 0.001420 0.002042 0.000360 hargrave 2020-02-08 03:38:29 
AF 300 240.8  87.6 240.8  87.6 8.97E-07 001.3 177.7 -00.7 0.001724 0.002058 0.000405 hargrave 2020-02-08 03:39:49 
AF 350 228.5  68.4 228.5  68.4 9.29E-07 001.1 158.5 -02.0 0.001506 0.002382 0.000324 hargrave 2020-02-08 03:41:09 
AF 400 175.2  86.1 175.2  86.1 6.11E-07 002.0 177.4  02.9 0.001606 0.002151 0.000687 hargrave 2020-02-08 03:42:30 
AF 450 263.0  23.5 263.0  23.5 7.63E-07 001.3 119.5 -36.1 0.001360 0.002271 0.000234 hargrave 2020-02-08 03:43:50 
AF 500 228.9  32.4 228.9  32.4 7.47E-07 000.9 122.5 -05.0 0.000924 0.002075 0.000230 hargrave 2020-02-08 03:45:10 
AF 550 265.3  63.1 265.3  63.1 5.90E-07 002.0 159.4 -17.7 0.001472 0.002410 0.000411 hargrave 2020-02-08 03:46:30 
AF 600 193.3  17.6 193.3  17.6 3.69E-07 002.2 110.0  28.2 0.001099 0.001380 0.000201 hargrave 2020-02-08 03:47:50 
AF 650 185.8  07.4 185.8  07.4 7.11E-07 003.3 099.3  36.9 0.003023 0.004267 0.000708 hargrave 2020-02-08 03:49:10 
AF 700 131.3  51.3 131.3  51.3 5.51E-07 002.5 181.3  38.7 0.001979 0.001842 0.000516 hargrave 2020-02-08 03:50:30 
AF 750 127.4 -34.2 127.4 -34.2 3.37E-07 003.2 351.9  55.3 0.001067 0.001230 0.000955 hargrave 2020-02-08 03:51:50 
AF 800 157.4  34.5 157.4  34.5 6.21E-07 002.1 148.9  48.6 0.001386 0.002120 0.000207 hargrave 2020-02-08 03:53:10 
AF 850 153.9  49.3 153.9  49.3 3.44E-07 002.6 163.0  37.5 0.000724 0.001657 0.000116 hargrave 2020-02-08 03:54:31 
AF 900 206.8  39.2 206.8  39.2 4.70E-07 002.0 130.3  12.5 0.000411 0.002329 0.000254 hargrave 2020-02-08 03:55:51 
AF 950 309.4  49.5 309.4  49.5 4.34E-07 001.9 176.9 -40.4 0.000758 0.000931 0.001190 hargrave 2020-02-08 03:57:12 
AF1000 086.4 -07.7 086.4 -07.7 6.45E-07 001.8 280.5  42.9 0.000617 0.001232 0.001462 hargrave 2020-02-08 03:58:32 
AF1050 129.6  33.3 129.6  33.3 6.48E-07 001.9 185.2  56.6 0.001561 0.001740 0.000319 hargrave 2020-02-08 03:59:53 
AF1100 152.0 -66.7 152.0 -66.7 3.98E-07 004.4 008.0  21.9 0.002580 0.002389 0.001263 hargrave 2020-02-08 04:01:15 
AF1150 294.3  12.3 294.3  12.3 3.90E-07 002.2 124.1 -67.7 0.000723 0.001188 0.000753 hargrave 2020-02-08 04:02:36 
AF1200 269.1  17.3 269.1  17.3 6.73E-07 001.6 114.2 -43.4 0.000974 0.001603 0.000558 hargrave 2020-02-08 04:03:58 
AF1250 252.0 -16.5 252.0 -16.5 1.52E-06 000.9 071.3 -27.7 0.002845 0.002444 0.001193 hargrave 2020-02-08 04:05:20 
AF1300 225.0 -34.6 225.0 -34.6 1.02E-06 001.1 055.4 -01.6 0.002534 0.002254 0.000903 hargrave 2020-02-08 04:06:43 
ARM    225.8 -34.5 225.8 -34.5 1.02E-06 001.4 055.4 -02.3 0.003210 0.002425 0.000948 hargrave 2020-02-08 04:07:44 
ARM    225.4 -34.5 225.4 -34.5 1.02E-06 001.4 055.5 -02.0 0.003212 0.002419 0.000870 hargrave 2020-02-08 04:08:43 
ARM    225.2 -34.2 225.2 -34.2 1.02E-06 001.4 055.7 -01.8 0.003262 0.002445 0.000896 hargrave 2020-02-08 04:09:42 
ARM    224.0 -34.3 224.0 -34.3 1.02E-06 001.4 055.6 -00.8 0.003245 0.002378 0.000950 hargrave 2020-02-08 04:10:42 
ARM    222.5 -34.9 222.5 -34.9 1.03E-06 001.0 055.1  00.4 0.002423 0.001943 0.000904 hargrave 2020-02-08 04:11:41 
ARM    222.2 -34.9 222.2 -34.9 1.04E-06 001.1 055.1  00.6 0.002630 0.002053 0.000936 hargrave 2020-02-08 04:12:40 
ARM    224.8 -35.1 224.8 -35.1 1.05E-06 001.0 054.9 -01.5 0.002565 0.002001 0.000864 hargrave 2020-02-08 04:13:39 
ARM    221.3 -34.6 221.3 -34.6 1.06E-06 001.5 055.4  01.4 0.003437 0.002397 0.000921 hargrave 2020-02-08 04:14:39 
ARM    221.9 -36.2 221.9 -36.2 1.02E-06 001.1 053.8  00.9 0.002760 0.002154 0.000757 hargrave 2020-02-08 04:15:38 
ARM    222.3 -34.4 222.3 -34.4 1.00E-06 001.4 055.6  00.6 0.003275 0.002453 0.000835 hargrave 2020-02-08 04:16:38 
ARM    226.3 -36.1 226.3 -36.1 1.03E-06 001.4 053.9 -02.7 0.003281 0.002344 0.000814 hargrave 2020-02-08 04:17:37 
ARM    229.5 -36.5 229.5 -36.5 9.38E-07 001.1 053.3 -05.2 0.002465 0.001980 0.000671 hargrave 2020-02-08 04:18:36 
ARM    225.6 -35.9 225.6 -35.9 9.95E-07 001.4 054.1 -02.1 0.003209 0.002185 0.000835 hargrave 2020-02-08 04:19:36 
ARM    234.3 -30.8 234.3 -30.8 9.65E-07 001.4 058.7 -09.7 0.003124 0.002148 0.000812 hargrave 2020-02-08 04:20:35 
ARM    241.7 -25.1 241.7 -25.1 1.12E-06 001.3 063.7 -16.9 0.003156 0.002399 0.000952 hargrave 2020-02-08 04:21:35 
ARM    247.1 -29.5 247.1 -29.5 8.97E-07 001.5 058.2 -20.8 0.002806 0.002005 0.000963 hargrave 2020-02-08 04:22:34 
ARM    258.7 -14.9 258.7 -14.9 1.04E-06 001.3 071.9 -34.4 0.002450 0.002590 0.000872 hargrave 2020-02-08 04:23:33 
ARM    255.2 -23.1 255.2 -23.1 8.63E-07 001.7 063.2 -29.3 0.002719 0.001745 0.000761 hargrave 2020-02-08 04:24:33 
ARM    250.5 -26.2 250.5 -26.2 8.99E-07 001.7 060.9 -24.5 0.002961 0.002250 0.000827 hargrave 2020-02-08 04:25:32 
ARM    237.9 -27.7 237.9 -27.7 9.23E-07 001.0 061.5 -13.1 0.002060 0.001531 0.000746 hargrave 2020-02-08 04:26:31 
ARM    258.7 -18.5 258.7 -18.5 1.36E-06 001.2 067.6 -33.6 0.003302 0.002339 0.000921 hargrave 2020-02-08 04:27:31 
ARM    231.5 -20.6 231.5 -20.6 1.19E-06 001.4 069.2 -08.0 0.003572 0.002879 0.000575 hargrave 2020-02-08 04:28:30 
ARM    204.2 -25.4 204.2 -25.4 1.70E-06 001.3 063.4  16.9 0.004666 0.002929 0.000759 hargrave 2020-02-08 04:29:29 
ARM    195.1 -20.6 195.1 -20.6 1.63E-06 001.4 067.0  26.0 0.004215 0.002787 0.000863 hargrave 2020-02-08 04:30:29 
ARM    234.5 -25.8 234.5 -25.8 1.60E-06 001.2 063.8 -10.3 0.004221 0.002181 0.000793 hargrave 2020-02-08 04:31:28 
ARM    160.2 -11.6 160.2 -11.6 3.26E-06 001.2 065.9  60.7 0.005886 0.003759 0.001236 hargrave 2020-02-08 04:32:27 
ARM    155.5 -08.3 155.5 -08.3 3.31E-06 001.0 069.1  66.1 0.005099 0.003011 0.001235 hargrave 2020-02-08 04:33:27 
ARM    175.9 -15.7 175.9 -15.7 1.92E-06 001.2 067.6  44.9 0.003688 0.002411 0.000917 hargrave 2020-02-08 04:34:26 
ARM    169.2 -15.0 169.2 -15.0 2.50E-06 001.3 065.6  51.2 0.005394 0.002741 0.000790 hargrave 2020-02-08 04:35:25 
ARM    175.3 -16.0 175.3 -16.0 2.26E-06 001.3 066.9  45.3 0.005086 0.002673 0.000514 hargrave 2020-02-08 04:36:25 
ARM    153.8 -19.4 153.8 -19.4 3.14E-06 001.2 045.2  61.9 0.006310 0.003191 0.000923 hargrave 2020-02-08 04:37:25 
ARM    148.4 -05.3 148.4 -05.3 6.04E-06 000.9 070.8  73.8 0.007563 0.005210 0.002344 hargrave 2020-02-08 04:38:24 
ARM    150.9 -04.4 150.9 -04.4 4.80E-06 000.8 076.0  71.6 0.005270 0.003661 0.002117 hargrave 2020-02-08 04:39:24 
ARM    149.4 -04.2 149.4 -04.2 6.52E-06 000.9 075.6  73.1 0.007736 0.006078 0.002801 hargrave 2020-02-08 04:40:24 
ARM    149.4 -05.9 149.4 -05.9 5.98E-06 000.9 070.0  72.6 0.007548 0.005348 0.002315 hargrave 2020-02-08 04:41:23 
ARM    200.5 -16.0 200.5 -16.0 2.01E-06 001.3 072.7  21.6 0.004931 0.002455 0.000647 hargrave 2020-02-08 04:42:22 
ARM    187.2 -09.8 187.2 -09.8 1.68E-06 001.4 078.0  35.2 0.004079 0.002714 0.000593 hargrave 2020-02-08 04:43:22 
AFz 10 187.1 -09.7 187.1 -09.7 1.68E-06 001.6 078.1  35.3 0.004598 0.002836 0.000616 hargrave 2020-02-08 04:44:18 
AFz 20 187.3 -09.8 187.3 -09.8 1.68E-06 001.3 078.0  35.1 0.003925 0.002513 0.000637 hargrave 2020-02-08 04:45:14 
AFz 30 187.3 -09.7 187.3 -09.7 1.68E-06 001.6 078.2  35.1 0.004666 0.002946 0.000659 hargrave 2020-02-08 04:46:10 
AFz 40 187.2 -09.6 187.2 -09.6 1.67E-06 001.6 078.3  35.2 0.004633 0.002955 0.000585 hargrave 2020-02-08 04:47:06 
AFz 50 187.6 -10.2 187.6 -10.2 1.66E-06 001.3 077.6  34.8 0.003651 0.002417 0.000586 hargrave 2020-02-08 04:48:02 
AFz 60 187.2 -10.0 187.2 -10.0 1.68E-06 001.6 077.7  35.2 0.004671 0.002918 0.000711 hargrave 2020-02-08 04:48:58 
AFz 70 189.4 -10.3 189.4 -10.3 1.67E-06 001.4 077.7  32.9 0.003923 0.002670 0.000624 hargrave 2020-02-08 04:49:54 
AFz 80 189.9 -09.4 189.9 -09.4 1.63E-06 001.8 078.8  32.6 0.004718 0.004201 0.000592 hargrave 2020-02-08 04:50:51 
AFz 90 189.4 -09.8 189.4 -09.8 1.66E-06 001.6 078.3  33.1 0.004549 0.003036 0.000625 hargrave 2020-02-08 04:51:47 
AFz100 187.7 -09.4 187.7 -09.4 1.67E-06 001.6 078.5  34.8 0.004588 0.003041 0.000646 hargrave 2020-02-08 04:52:44 
AFz120 188.6 -10.6 188.6 -10.6 1.63E-06 001.7 077.2  33.7 0.004607 0.003007 0.000550 hargrave 2020-02-08 04:53:40 
AFz140 184.0 -08.0 184.0 -08.0 1.70E-06 001.6 079.7  38.5 0.004447 0.003057 0.000531 hargrave 2020-02-08 04:54:36 
AFz160 185.5 -11.0 185.5 -11.0 1.67E-06 001.7 076.2  36.7 0.004676 0.003132 0.000686 hargrave 2020-02-08 04:55:32 
AFz180 189.2 -12.1 189.2 -12.1 1.56E-06 001.7 075.5  32.9 0.004547 0.002888 0.000558 hargrave 2020-02-08 04:56:28 
AFz200 187.0 -08.2 187.0 -08.2 1.66E-06 001.3 079.9  35.6 0.003549 0.002676 0.000565 hargrave 2020-02-08 04:57:24 
AFz250 187.6 -09.1 187.6 -09.1 1.66E-06 001.7 078.9  34.9 0.004516 0.003601 0.000662 hargrave 2020-02-08 04:58:21 
AFz300 189.0 -20.2 189.0 -20.2 1.61E-06 001.3 066.0  31.7 0.003778 0.001869 0.000550 hargrave 2020-02-08 04:59:17 
AFz350 196.1 -10.2 196.1 -10.2 1.38E-06 001.3 078.6  26.5 0.003225 0.002008 0.000696 hargrave 2020-02-08 05:00:14 
AFz400 183.8 -06.8 183.8 -06.8 1.57E-06 001.4 081.3  38.9 0.003183 0.003203 0.000884 hargrave 2020-02-08 05:01:10 
AFz450 186.4 -10.0 186.4 -10.0 1.55E-06 001.3 077.6  36.0 0.003425 0.002888 0.000490 hargrave 2020-02-08 05:02:07 
AFz500 188.4 -04.8 188.4 -04.8 1.67E-06 001.2 084.2  34.5 0.002914 0.003508 0.000393 hargrave 2020-02-08 05:03:03 
AFz550 189.4 -11.6 189.4 -11.6 1.21E-06 001.4 076.1  32.8 0.003000 0.002691 0.000507 hargrave 2020-02-08 05:04:00 
AFz600 193.0 -25.8 193.0 -25.8 1.22E-06 001.4 060.8  26.8 0.003305 0.001999 0.000602 hargrave 2020-02-08 05:04:56 
AFz650 171.0 -17.0 171.0 -17.0 1.54E-06 001.5 063.6  48.9 0.003933 0.002144 0.000516 hargrave 2020-02-08 05:05:52 
AFz700 177.3 -25.6 177.3 -25.6 1.58E-06 001.9 055.6  40.2 0.004933 0.004069 0.000688 hargrave 2020-02-08 05:06:49 
AFz750 190.7 -21.8 190.7 -21.8 1.70E-06 001.7 064.7  29.7 0.005260 0.003344 0.000770 hargrave 2020-02-08 05:07:45 
AFz800 179.3 -17.2 179.3 -17.2 1.69E-06 001.5 066.8  41.3 0.004332 0.002877 0.000565 hargrave 2020-02-08 05:08:41 
AFz850 213.8 -13.7 213.8 -13.7 1.29E-06 001.3 076.2  09.0 0.003234 0.002461 0.000594 hargrave 2020-02-08 05:09:38 
AFz900 199.9 -26.6 199.9 -26.6 1.45E-06 001.4 061.4  20.5 0.004147 0.002469 0.000704 hargrave 2020-02-08 05:10:34 
AFz950 165.3 -07.2 165.3 -07.2 2.89E-06 001.0 076.8  57.0 0.004436 0.003042 0.001106 hargrave 2020-02-08 05:11:30 
AFz000 165.1 -05.5 165.1 -05.5 3.35E-06 001.2 079.7  57.5 0.005704 0.004659 0.001644 hargrave 2020-02-08 05:12:27 
AFz050 268.7 -09.7 268.7 -09.7 1.94E-06 001.0 076.2 -44.9 0.003141 0.002303 0.000743 hargrave 2020-02-08 05:13:23 
AFz100 196.5 -23.0 196.5 -23.0 1.95E-06 001.5 064.7  24.3 0.005658 0.003078 0.000725 hargrave 2020-02-08 05:14:20 
AFz150 207.2 -15.8 207.2 -15.8 1.62E-06 001.3 073.6  15.2 0.004023 0.002372 0.000842 hargrave 2020-02-08 05:15:16 
AFz200 193.6 -28.8 193.6 -28.8 1.98E-06 001.6 057.8  25.5 0.005843 0.003061 0.000962 hargrave 2020-02-08 05:16:12 
AFz250 276.1 -06.5 276.1 -06.5 2.15E-06 001.1 079.3 -52.7 0.003523 0.002720 0.001026 hargrave 2020-02-08 05:17:09 
AFz300 146.5 -00.0 146.5 -00.0 7.04E-06 000.7 089.9  76.5 0.006452 0.006318 0.003272 hargrave 2020-02-08 05:18:05 
AFz500 145.1 -00.7 145.1 -00.7 6.60E-06 000.7 086.6  77.9 0.005776 0.005505 0.002750 hargrave 2020-02-08 05:19:01 
ARM    147.8 -02.1 147.8 -02.1 6.91E-06 000.8 081.8  75.1 0.007318 0.006264 0.002750 hargrave 2020-02-08 05:20:01 
ARM    149.9 -01.5 149.9 -01.5 6.67E-06 000.8 084.7  73.0 0.006606 0.005747 0.003270 hargrave 2020-02-08 05:21:00 
ARM    148.0  00.1 148.0  00.1 6.99E-06 000.7 090.5  75.0 0.006118 0.005942 0.003267 hargrave 2020-02-08 05:22:00 
ARM    163.5 -02.7 163.5 -02.7 2.80E-06 001.2 084.7  59.4 0.004636 0.004088 0.001067 hargrave 2020-02-08 05:22:59 
ARM    303.5 -02.1 303.5 -02.1 8.57E-06 000.2 077.6 -80.2 0.002348 0.001902 0.004376 hargrave 2020-02-08 05:23:58 
ARM  1 309.4 -01.1 309.4 -01.1 1.87E-05 000.3 072.7 -86.2 0.006931 0.006142 0.009696 hargrave 2020-02-08 05:24:58 
ARM  1 311.3 -01.2 311.3 -01.2 2.89E-05 000.3 054.1 -87.9 0.010765 0.010826 0.014488 hargrave 2020-02-08 05:25:58 
ARM  1 312.0 -01.0 312.0 -01.0 3.93E-05 000.3 045.1 -88.6 0.017618 0.015787 0.019457 hargrave 2020-02-08 05:26:57 
ARM  1 312.5 -00.8 312.5 -00.8 4.92E-05 000.3 028.5 -89.0 0.021830 0.019600 0.024318 hargrave 2020-02-08 05:27:57 
ARM  1 312.6 -01.1 312.6 -01.1 5.90E-05 000.3 021.2 -88.9 0.026100 0.023668 0.028988 hargrave 2020-02-08 05:28:56 
ARM  1 312.9 -01.1 312.9 -01.1 8.21E-05 000.4 003.9 -88.9 0.037199 0.034302 0.040319 hargrave 2020-02-08 05:29:55 
ARM  2 313.3 -00.8 313.3 -00.8 1.04E-04 000.4 340.5 -89.2 0.048074 0.043489 0.050801 hargrave 2020-02-08 05:30:55 
ARM  2 313.4 -01.0 313.4 -01.0 1.24E-04 000.4 337.5 -89.0 0.059885 0.060662 0.060308 hargrave 2020-02-08 05:31:54 
ARM  2 313.4 -00.9 313.4 -00.9 1.44E-04 000.4 334.5 -89.0 0.067201 0.065626 0.069446 hargrave 2020-02-08 05:32:54 
ARM  2 313.5 -00.9 313.5 -00.9 1.77E-04 000.4 330.1 -89.0 0.082099 0.076554 0.085379 hargrave 2020-02-08 05:33:53 
ARM  3 313.5 -01.0 313.5 -01.0 2.08E-04 000.5 331.6 -88.9 0.105315 0.128165 0.101337 hargrave 2020-02-08 05:34:52 
ARM  4 313.6 -00.9 313.6 -00.9 2.36E-04 000.4 327.0 -88.9 0.119281 0.140393 0.115889 hargrave 2020-02-08 05:35:51 
ARM  4 313.6 -01.0 313.6 -01.0 2.62E-04 000.4 330.5 -88.9 0.130626 0.151366 0.128100 hargrave 2020-02-08 05:36:50 
ARM  4 313.6 -01.0 313.6 -01.0 2.87E-04 000.4 327.5 -88.9 0.142480 0.160776 0.141380 hargrave 2020-02-08 05:37:49 
ARM  5 313.6 -01.0 313.6 -01.0 3.10E-04 000.4 327.4 -88.8 0.153636 0.171207 0.152241 hargrave 2020-02-08 05:38:50 
