AX13- 1b mag compass orientation (IGRF corrected)
      0 236.0  78.0   0.0   0.0   1.0
NRM    242.1  08.8 242.1  08.8 1.03E-06 001.1 099.9 -04.1 0.001513 0.002545 0.001021 hargrave 2020-02-07 08:06:48 
AF  10 243.8  07.7 243.8  07.7 1.05E-06 001.4 099.2 -06.0 0.002068 0.002582 0.001164 hargrave 2020-02-07 08:08:07 
AF  20 244.3  08.7 244.3  08.7 1.00E-06 001.1 100.3 -06.2 0.001295 0.002422 0.001030 hargrave 2020-02-07 08:09:27 
AF  30 245.7  08.9 245.7  08.9 1.04E-06 001.3 100.8 -07.5 0.001886 0.002561 0.001006 hargrave 2020-02-07 08:10:47 
AF  40 250.1  11.2 250.1  11.2 1.12E-06 001.3 104.2 -11.2 0.001762 0.002700 0.001067 hargrave 2020-02-07 08:12:07 
AF  50 249.5  06.8 249.5  06.8 1.25E-06 001.3 099.6 -11.7 0.002178 0.003159 0.001144 hargrave 2020-02-07 08:13:27 
AF  60 241.2  07.6 241.2  07.6 1.25E-06 001.0 098.6 -03.4 0.001657 0.002792 0.001032 hargrave 2020-02-07 08:14:47 
AF  70 238.8  16.7 238.8  16.7 1.23E-06 001.2 106.9  00.8 0.001916 0.003494 0.001084 hargrave 2020-02-07 08:16:07 
AF  80 237.0  20.9 237.0  20.9 1.52E-06 001.2 110.7  03.3 0.002131 0.003668 0.001211 hargrave 2020-02-07 08:17:27 
AF  90 233.8  19.3 233.8  19.3 1.67E-06 001.1 108.5  06.0 0.002018 0.004340 0.001553 hargrave 2020-02-07 08:18:47 
AF 100 233.5  18.6 233.5  18.6 1.53E-06 001.3 107.8  06.2 0.002234 0.004227 0.001468 hargrave 2020-02-07 08:20:07 
AF 120 245.2  27.6 245.2  27.6 1.11E-06 001.4 118.9 -02.5 0.001427 0.003546 0.001063 hargrave 2020-02-07 08:21:27 
AF 140 258.5  16.0 258.5  16.0 1.11E-06 000.9 111.3 -17.6 0.000734 0.002672 0.001018 hargrave 2020-02-07 08:22:47 
AF 160 263.4 -04.4 263.4 -04.4 1.09E-06 000.9 091.3 -27.7 0.001399 0.002117 0.000920 hargrave 2020-02-07 08:24:07 
AF 180 270.6  30.0 270.6  30.0 1.12E-06 001.2 129.7 -22.2 0.002096 0.003739 0.001109 hargrave 2020-02-07 08:25:27 
AF 200 246.3  10.0 246.3  10.0 9.94E-07 001.3 102.0 -07.8 0.001563 0.003128 0.001491 hargrave 2020-02-07 08:26:47 
AF 250 293.3  39.3 293.3  39.3 9.86E-07 001.2 151.0 -30.3 0.000962 0.002244 0.001206 hargrave 2020-02-07 08:28:07 
AF 300 283.4  05.0 283.4  05.0 6.43E-07 001.2 109.5 -44.3 0.000320 0.001615 0.000854 hargrave 2020-02-07 08:29:27 
AF 350 277.3 -04.8 277.3 -04.8 7.84E-07 001.6 094.2 -41.4 0.001555 0.002065 0.001420 hargrave 2020-02-07 08:30:48 
AF 400 250.9 -20.8 250.9 -20.8 9.19E-07 000.9 071.8 -18.0 0.001715 0.001267 0.000808 hargrave 2020-02-07 08:32:08 
AF 450 269.1  03.3 269.1  03.3 1.16E-06 000.7 101.4 -31.4 0.000788 0.002241 0.001098 hargrave 2020-02-07 08:33:29 
AF 500 208.0 -06.2 208.0 -06.2 6.89E-07 001.5 077.0  25.8 0.001675 0.001453 0.000726 hargrave 2020-02-07 08:34:48 
AF 550 253.6 -25.3 253.6 -25.3 6.65E-07 000.9 067.3 -20.9 0.001270 0.001679 0.000498 hargrave 2020-02-07 08:36:08 
AF 600 231.1 -02.1 231.1 -02.1 8.65E-07 001.2 087.0  04.4 0.001478 0.001361 0.000951 hargrave 2020-02-07 08:37:29 
AF 650 266.6  00.5 266.6  00.5 1.24E-06 001.1 097.6 -29.8 0.002134 0.001562 0.000648 hargrave 2020-02-07 08:38:49 
AF 700 271.5  06.6 271.5  06.6 9.61E-07 001.3 106.0 -32.7 0.001483 0.002987 0.001083 hargrave 2020-02-07 08:40:09 
AF 750 270.9 -01.4 270.9 -01.4 9.53E-07 000.7 096.6 -34.3 0.000681 0.002019 0.000549 hargrave 2020-02-07 08:41:29 
AF 800 197.7  17.4 197.7  17.4 1.32E-06 001.1 102.7  39.8 0.001120 0.002362 0.001263 hargrave 2020-02-07 08:42:49 
AF 850 195.5  04.7 195.5  04.7 9.46E-07 000.9 085.8  40.5 0.000811 0.001542 0.000876 hargrave 2020-02-07 08:44:10 
AF 900 231.9 -14.3 231.9 -14.3 7.35E-07 001.6 075.2  00.9 0.002217 0.001865 0.000421 hargrave 2020-02-07 08:45:30 
AF 950 191.5  33.0 191.5  33.0 8.10E-07 001.4 124.4  43.5 0.000901 0.001976 0.000552 hargrave 2020-02-07 08:46:50 
AF1000 275.5 -01.9 275.5 -01.9 6.80E-07 001.7 097.3 -39.0 0.001399 0.002111 0.000184 hargrave 2020-02-07 08:48:11 
AF1050 297.3  17.0 297.3  17.0 1.07E-06 001.0 135.1 -49.5 0.000755 0.002156 0.000410 hargrave 2020-02-07 08:49:31 
AF1100 240.4  22.9 240.4  22.9 1.28E-06 001.5 113.2  00.7 0.001956 0.004504 0.001327 hargrave 2020-02-07 08:50:52 
AF1150 170.2  20.4 170.2  20.4 1.46E-06 001.1 112.9  65.4 0.001020 0.002794 0.001297 hargrave 2020-02-07 08:52:14 
AF1200 325.9  28.7 325.9  28.7 6.03E-07 002.3 179.8 -49.3 0.001525 0.002166 0.000578 hargrave 2020-02-07 08:53:35 
AF1250 227.0  27.4 227.0  27.4 8.08E-07 001.5 115.7  13.4 0.000785 0.003481 0.000941 hargrave 2020-02-07 08:54:57 
AF1300 227.9  15.4 227.9  15.4 1.78E-06 001.3 103.6  10.9 0.002643 0.005125 0.001374 hargrave 2020-02-07 08:56:21 
ARM    227.7  15.5 227.7  15.5 1.79E-06 001.3 103.7  11.0 0.002713 0.005254 0.001433 hargrave 2020-02-07 08:57:22 
ARM    228.4  15.4 228.4  15.4 1.78E-06 001.3 103.7  10.4 0.002756 0.005212 0.001429 hargrave 2020-02-07 08:58:22 
ARM    227.8  15.2 227.8  15.2 1.77E-06 001.3 103.4  10.9 0.002688 0.005143 0.001465 hargrave 2020-02-07 08:59:22 
ARM    226.6  15.6 226.6  15.6 1.77E-06 001.2 103.6  12.1 0.002074 0.005127 0.001495 hargrave 2020-02-07 09:00:21 
ARM    226.7  15.3 226.7  15.3 1.76E-06 001.2 103.3  12.0 0.002187 0.005219 0.001579 hargrave 2020-02-07 09:01:20 
ARM    228.6  16.5 228.6  16.5 1.77E-06 001.1 104.9  10.3 0.002104 0.005208 0.001390 hargrave 2020-02-07 09:02:19 
ARM    228.5  16.8 228.5  16.8 1.76E-06 001.3 105.1  10.5 0.002514 0.005129 0.001609 hargrave 2020-02-07 09:03:20 
ARM    230.8  17.1 230.8  17.1 1.74E-06 001.1 105.9  08.4 0.001764 0.005197 0.001533 hargrave 2020-02-07 09:04:19 
ARM    231.3  18.4 231.3  18.4 1.75E-06 001.3 107.2  08.2 0.002559 0.005539 0.001587 hargrave 2020-02-07 09:05:18 
ARM    229.6  20.4 229.6  20.4 1.74E-06 001.4 108.9  10.1 0.002509 0.005487 0.001512 hargrave 2020-02-07 09:06:17 
ARM    225.1  17.3 225.1  17.3 1.93E-06 001.3 105.1  13.8 0.002462 0.006028 0.002182 hargrave 2020-02-07 09:07:17 
ARM    227.3  19.2 227.3  19.2 1.89E-06 001.2 107.4  12.0 0.002172 0.005734 0.001989 hargrave 2020-02-07 09:08:16 
ARM    223.5  19.9 223.5  19.9 1.98E-06 001.3 107.5  15.6 0.002198 0.006061 0.002050 hargrave 2020-02-07 09:09:15 
ARM    214.5  17.7 214.5  17.7 2.04E-06 001.6 104.2  23.9 0.002635 0.007252 0.002225 hargrave 2020-02-07 09:10:15 
ARM    220.8  23.6 220.8  23.6 1.77E-06 001.5 111.1  18.6 0.002500 0.005558 0.001873 hargrave 2020-02-07 09:11:15 
ARM    223.5  17.5 223.5  17.5 1.72E-06 001.4 105.1  15.4 0.002638 0.005060 0.001696 hargrave 2020-02-07 09:12:14 
ARM    216.5  15.6 216.5  15.6 1.69E-06 001.3 102.1  21.7 0.002006 0.004544 0.001750 hargrave 2020-02-07 09:13:14 
ARM    223.0  19.1 223.0  19.1 1.77E-06 001.2 106.7  16.0 0.001839 0.004464 0.001504 hargrave 2020-02-07 09:14:13 
ARM    224.9  29.0 224.9  29.0 1.54E-06 001.4 117.1  15.4 0.001839 0.004410 0.001141 hargrave 2020-02-07 09:15:12 
ARM    219.9  29.1 219.9  29.1 1.51E-06 001.5 116.9  19.8 0.001935 0.004661 0.001529 hargrave 2020-02-07 09:16:12 
ARM    217.0  32.5 217.0  32.5 1.87E-06 001.6 120.5  22.4 0.002657 0.006036 0.002062 hargrave 2020-02-07 09:17:11 
ARM    215.4  26.3 215.4  26.3 2.04E-06 001.4 113.7  23.6 0.002275 0.006243 0.001865 hargrave 2020-02-07 09:18:10 
ARM    193.8  28.8 193.8  28.8 3.06E-06 001.3 118.2  42.5 0.002798 0.007174 0.003183 hargrave 2020-02-07 09:19:10 
ARM    185.0  34.6 185.0  34.6 2.59E-06 001.3 129.2  48.1 0.002711 0.005251 0.002159 hargrave 2020-02-07 09:20:09 
ARM    209.2  33.4 209.2  33.4 2.17E-06 001.2 121.7  28.8 0.001855 0.005183 0.001758 hargrave 2020-02-07 09:21:09 
ARM    198.1  29.8 198.1  29.8 2.57E-06 001.1 118.8  38.7 0.002032 0.005126 0.001966 hargrave 2020-02-07 09:22:08 
ARM    196.9  09.6 196.9  09.6 2.42E-06 001.2 092.6  40.0 0.003737 0.003887 0.001789 hargrave 2020-02-07 09:23:07 
ARM    264.5  22.3 264.5  22.3 1.91E-06 000.7 119.7 -20.7 0.000744 0.004073 0.001234 hargrave 2020-02-07 09:24:07 
ARM    216.8  24.8 216.8  24.8 2.51E-06 001.1 112.1  22.3 0.001993 0.005990 0.002069 hargrave 2020-02-07 09:25:06 
ARM    198.2  30.3 198.2  30.3 2.94E-06 000.9 119.3  38.5 0.001458 0.005333 0.002102 hargrave 2020-02-07 09:26:05 
ARM    184.9  20.1 184.9  20.1 4.30E-06 000.9 107.4  51.8 0.003861 0.006163 0.002708 hargrave 2020-02-07 09:27:05 
ARM    269.3  05.7 269.3  05.7 2.59E-06 000.7 104.2 -31.0 0.001208 0.004277 0.001068 hargrave 2020-02-07 09:28:04 
ARM    272.3  01.5 272.3  01.5 2.64E-06 000.7 100.5 -35.0 0.001876 0.003907 0.001156 hargrave 2020-02-07 09:29:03 
ARM    265.5  10.1 265.5  10.1 2.76E-06 000.7 107.6 -25.9 0.000956 0.005234 0.001382 hargrave 2020-02-07 09:30:02 
ARM    228.6  04.5 228.6  04.5 2.37E-06 001.0 092.9  08.2 0.003435 0.004447 0.001621 hargrave 2020-02-07 09:31:01 
ARM    201.8  26.7 201.8  26.7 2.41E-06 000.7 114.3  35.8 0.001736 0.003368 0.001559 hargrave 2020-02-07 09:32:00 
ARM    209.9  02.3 209.9  02.3 2.07E-06 001.1 086.7  26.0 0.003916 0.002151 0.001318 hargrave 2020-02-07 09:33:00 
AFz 10 209.7  02.4 209.7  02.4 2.07E-06 001.1 086.7  26.2 0.003714 0.002191 0.001732 hargrave 2020-02-07 09:33:56 
AFz 20 209.7  02.4 209.7  02.4 2.08E-06 001.1 086.8  26.2 0.003738 0.002207 0.001750 hargrave 2020-02-07 09:34:52 
AFz 30 209.8  02.1 209.8  02.1 2.06E-06 001.3 086.5  26.0 0.004388 0.001966 0.001485 hargrave 2020-02-07 09:35:49 
AFz 40 210.3  02.6 210.3  02.6 2.06E-06 001.1 087.0  25.7 0.003780 0.002183 0.001616 hargrave 2020-02-07 09:36:44 
AFz 50 210.8  02.2 210.8  02.2 2.08E-06 001.1 086.8  25.1 0.003847 0.002191 0.001532 hargrave 2020-02-07 09:37:40 
AFz 60 209.4  02.0 209.4  02.0 2.07E-06 001.3 086.2  26.4 0.004505 0.001967 0.001407 hargrave 2020-02-07 09:38:36 
AFz 70 210.4  01.2 210.4  01.2 2.05E-06 001.3 085.6  25.3 0.004544 0.001924 0.001485 hargrave 2020-02-07 09:39:32 
AFz 80 210.6  01.7 210.6  01.7 2.05E-06 001.2 086.1  25.2 0.003982 0.002165 0.001345 hargrave 2020-02-07 09:40:28 
AFz 90 210.2  01.3 210.2  01.3 2.09E-06 001.2 085.7  25.4 0.003892 0.002157 0.001594 hargrave 2020-02-07 09:41:24 
AFz100 208.2  00.5 208.2  00.5 2.04E-06 001.2 084.3  27.2 0.003912 0.001971 0.001290 hargrave 2020-02-07 09:42:20 
AFz120 207.0  00.2 207.0  00.2 2.11E-06 001.2 083.7  28.3 0.004113 0.002163 0.001323 hargrave 2020-02-07 09:43:15 
AFz140 203.0  02.5 203.0  02.5 2.14E-06 001.1 085.2  32.8 0.003858 0.002103 0.001322 hargrave 2020-02-07 09:44:11 
AFz160 209.7  04.5 209.7  04.5 2.09E-06 001.1 089.1  26.6 0.003712 0.002176 0.001323 hargrave 2020-02-07 09:45:07 
AFz180 201.0  00.1 201.0  00.1 2.24E-06 001.3 081.9  34.2 0.004922 0.001987 0.001509 hargrave 2020-02-07 09:46:04 
AFz200 200.2  02.9 200.2  02.9 2.04E-06 001.3 084.9  35.6 0.004315 0.002021 0.001450 hargrave 2020-02-07 09:47:00 
AFz250 210.5  01.3 210.5  01.3 2.08E-06 001.2 085.8  25.2 0.004085 0.002063 0.001437 hargrave 2020-02-07 09:47:56 
AFz300 206.3  05.2 206.3  05.2 1.90E-06 001.1 089.1  30.1 0.003020 0.002315 0.001745 hargrave 2020-02-07 09:48:52 
AFz350 208.4  01.5 208.4  01.5 1.91E-06 001.0 085.4  27.3 0.003243 0.002567 0.001297 hargrave 2020-02-07 09:49:48 
AFz400 212.3  00.6 212.3  00.6 1.87E-06 001.3 085.4  23.3 0.004240 0.001617 0.001133 hargrave 2020-02-07 09:50:44 
AFz450 217.1  03.4 217.1  03.4 2.10E-06 001.1 089.4  19.2 0.003746 0.002824 0.001637 hargrave 2020-02-07 09:51:40 
AFz500 214.0  00.8 214.0  00.8 1.68E-06 001.2 086.0  21.7 0.003402 0.001482 0.001217 hargrave 2020-02-07 09:52:36 
AFz550 220.0  05.6 220.0  05.6 1.93E-06 001.1 092.3  16.8 0.003484 0.002012 0.001662 hargrave 2020-02-07 09:53:32 
AFz600 177.7  07.2 177.7  07.2 3.50E-06 000.9 084.2  58.4 0.005145 0.002051 0.002122 hargrave 2020-02-07 09:54:28 
AFz650 185.2  15.0 185.2  15.0 3.04E-06 000.9 099.1  51.8 0.003622 0.003242 0.001900 hargrave 2020-02-07 09:55:24 
AFz700 175.8  09.9 175.8  09.9 3.52E-06 000.8 088.9  60.7 0.003925 0.003416 0.001926 hargrave 2020-02-07 09:56:20 
AFz750 209.2  06.2 209.2  06.2 2.47E-06 001.0 090.8  27.4 0.003684 0.003970 0.001960 hargrave 2020-02-07 09:57:17 
AFz800 208.1  04.4 208.1  04.4 2.55E-06 001.1 088.6  28.2 0.004339 0.002812 0.001788 hargrave 2020-02-07 09:58:13 
AFz850 194.8  04.0 194.8  04.0 2.83E-06 001.0 084.8  41.1 0.004390 0.002707 0.001850 hargrave 2020-02-07 09:59:09 
AFz900 227.7  04.5 227.7  04.5 2.19E-06 000.9 092.7  09.0 0.002800 0.003467 0.001633 hargrave 2020-02-07 10:00:05 
AFz950 243.2 -06.3 243.2 -06.3 1.82E-06 000.9 085.3 -08.3 0.002521 0.002976 0.001585 hargrave 2020-02-07 10:01:01 
AFz000 195.7  05.0 195.7  05.0 3.22E-06 001.0 086.4  40.4 0.005029 0.002815 0.002483 hargrave 2020-02-07 10:01:57 
AFz050 235.1  01.5 235.1  01.5 1.64E-06 001.0 091.3  01.2 0.002360 0.002647 0.001303 hargrave 2020-02-07 10:02:53 
AFz100 182.4 -00.4 182.4 -00.4 2.96E-06 001.1 073.7  51.8 0.005766 0.001541 0.001506 hargrave 2020-02-07 10:03:49 
AFz150 180.9  12.0 180.9  12.0 3.66E-06 000.7 093.7  55.9 0.003414 0.003735 0.002496 hargrave 2020-02-07 10:04:45 
AFz200 245.9 -04.1 245.9 -04.1 2.29E-06 000.9 088.0 -10.5 0.003451 0.003855 0.001754 hargrave 2020-02-07 10:05:41 
AFz250 218.5 -08.2 218.5 -08.2 2.09E-06 001.3 078.0  15.2 0.004689 0.002167 0.001670 hargrave 2020-02-07 10:06:37 
AFz300 260.6 -12.1 260.6 -12.1 2.49E-06 001.0 082.2 -26.2 0.004193 0.003081 0.001661 hargrave 2020-02-07 10:07:33 
AFz500 268.0 -15.2 268.0 -15.2 2.26E-06 000.9 079.6 -33.7 0.003221 0.002722 0.001071 hargrave 2020-02-07 10:08:29 
ARM    253.8 -07.7 253.8 -07.7 2.44E-06 000.8 085.9 -18.9 0.003142 0.003944 0.001612 hargrave 2020-02-07 10:09:29 
ARM    267.1 -15.6 267.1 -15.6 2.43E-06 001.0 079.0 -32.9 0.004063 0.002483 0.001431 hargrave 2020-02-07 10:10:28 
ARM    268.3 -14.5 268.3 -14.5 2.40E-06 000.8 080.4 -34.0 0.003494 0.002230 0.001286 hargrave 2020-02-07 10:11:27 
ARM    308.5 -14.7 308.5 -14.7 7.30E-06 000.4 079.1 -72.8 0.003207 0.003816 0.002791 hargrave 2020-02-07 10:12:26 
ARM    320.2 -13.0 320.2 -13.0 2.29E-05 000.4 079.5 -84.2 0.009233 0.011389 0.009373 hargrave 2020-02-07 10:13:25 
ARM  1 322.2 -13.1 322.2 -13.1 3.78E-05 000.4 072.5 -86.1 0.015445 0.017727 0.015707 hargrave 2020-02-07 10:14:24 
ARM  1 323.1 -12.6 323.1 -12.6 5.28E-05 000.4 078.4 -87.1 0.023811 0.025588 0.022226 hargrave 2020-02-07 10:15:23 
ARM  1 323.9 -12.6 323.9 -12.6 6.80E-05 000.4 074.5 -87.9 0.030808 0.032742 0.028726 hargrave 2020-02-07 10:16:22 
ARM  1 324.1 -12.6 324.1 -12.6 8.26E-05 000.4 071.5 -88.1 0.037976 0.039595 0.035000 hargrave 2020-02-07 10:17:21 
ARM  1 324.2 -12.4 324.2 -12.4 9.66E-05 000.4 076.2 -88.2 0.043659 0.045585 0.040285 hargrave 2020-02-07 10:18:20 
ARM  1 324.8 -12.5 324.8 -12.5 1.31E-04 000.4 068.4 -88.7 0.062081 0.072480 0.055808 hargrave 2020-02-07 10:19:19 
ARM  2 324.9 -12.5 324.9 -12.5 1.61E-04 000.4 065.3 -88.8 0.075677 0.083946 0.068801 hargrave 2020-02-07 10:20:18 
ARM  2 324.9 -12.4 324.9 -12.4 1.91E-04 000.4 069.6 -88.8 0.088000 0.095122 0.081511 hargrave 2020-02-07 10:21:17 
ARM  2 325.1 -12.4 325.1 -12.4 2.19E-04 000.4 065.5 -89.0 0.101351 0.106845 0.094648 hargrave 2020-02-07 10:22:16 
ARM  2 325.2 -12.4 325.2 -12.4 2.67E-04 000.4 061.0 -89.2 0.124451 0.127143 0.115530 hargrave 2020-02-07 10:23:16 
ARM  3 325.4 -12.4 325.4 -12.4 3.11E-04 000.4 053.7 -89.3 0.145533 0.147078 0.134330 hargrave 2020-02-07 10:24:15 
ARM  4 325.5 -12.4 325.5 -12.4 3.50E-04 000.5 053.0 -89.3 0.218360 0.175513 0.151932 hargrave 2020-02-07 10:25:14 
ARM  4 325.5 -12.4 325.5 -12.4 3.84E-04 000.5 049.8 -89.4 0.235164 0.192079 0.167515 hargrave 2020-02-07 10:26:13 
ARM  4 325.6 -12.4 325.6 -12.4 4.17E-04 000.4 038.5 -89.4 0.249652 0.208935 0.183129 hargrave 2020-02-07 10:27:12 
ARM  5 325.7 -12.5 325.7 -12.5 4.47E-04 000.4 029.1 -89.4 0.262857 0.224029 0.195313 hargrave 2020-02-07 10:28:11 
