AX13- 6b mag compass orientation (IGRF corrected)
      0 241.0  92.0   0.0   0.0   1.0
NRM    291.4  73.6 291.4  73.6 7.46E-07 001.4 169.3 -14.5 0.001734 0.001812 0.000877 hargrave 2020-02-07 20:09:28 
AF  10 287.4  73.3 287.4  73.3 7.37E-07 001.4 168.2 -14.0 0.001245 0.001716 0.000939 hargrave 2020-02-07 20:10:46 
AF  20 327.7  72.8 327.7  72.8 6.90E-07 001.6 179.0 -19.1 0.001758 0.001408 0.000979 hargrave 2020-02-07 20:12:05 
AF  30 339.4  65.4 339.4  65.4 7.37E-07 001.5 183.9 -26.3 0.001463 0.001261 0.001137 hargrave 2020-02-07 20:13:23 
AF  40 315.1  62.2 315.1  62.2 7.31E-07 001.6 171.6 -28.6 0.001288 0.001721 0.001008 hargrave 2020-02-07 20:14:42 
AF  50 329.8  63.1 329.8  63.1 6.57E-07 001.8 179.4 -28.8 0.001019 0.001800 0.000941 hargrave 2020-02-07 20:16:01 
AF  60 347.7  61.3 347.7  61.3 5.22E-07 002.4 189.1 -29.4 0.001565 0.001642 0.000902 hargrave 2020-02-07 20:17:20 
AF  70 352.7  67.9 352.7  67.9 6.28E-07 002.2 188.7 -22.5 0.001334 0.001948 0.001077 hargrave 2020-02-07 20:18:38 
AF  80 308.2  58.3 308.2  58.3 5.89E-07 002.1 166.3 -30.9 0.001087 0.002101 0.000866 hargrave 2020-02-07 20:19:57 
AF  90 285.1  55.5 285.1  55.5 5.82E-07 002.2 153.3 -25.0 0.001081 0.002395 0.001098 hargrave 2020-02-07 20:21:15 
AF 100 315.7  49.6 315.7  49.6 7.75E-07 001.9 167.0 -40.6 0.001201 0.002285 0.001051 hargrave 2020-02-07 20:22:34 
AF 120 354.0  70.8 354.0  70.8 5.18E-07 002.1 187.9 -19.6 0.001376 0.001443 0.000901 hargrave 2020-02-07 20:23:52 
AF 140 272.2  79.1 272.2  79.1 5.51E-07 002.2 170.6 -07.6 0.001497 0.002098 0.000980 hargrave 2020-02-07 20:25:11 
AF 160 270.9  71.6 270.9  71.6 1.03E-06 001.7 163.9 -10.9 0.001993 0.002927 0.001582 hargrave 2020-02-07 20:26:30 
AF 180 002.7  68.8 002.7  68.8 1.01E-06 001.8 191.7 -19.9 0.002726 0.002283 0.001135 hargrave 2020-02-07 20:27:48 
AF 200 008.6  66.5 008.6  66.5 8.36E-07 001.5 195.0 -20.3 0.001738 0.001464 0.000965 hargrave 2020-02-07 20:29:07 
AF 250 011.4  71.7 011.4  71.7 1.07E-06 001.6 192.2 -15.8 0.002308 0.002135 0.001479 hargrave 2020-02-07 20:30:27 
AF 300 099.4  48.8 099.4  48.8 1.21E-06 001.3 214.0  22.5 0.002779 0.001049 0.001437 hargrave 2020-02-07 20:31:46 
AF 350 109.5  49.7 109.5  49.7 1.17E-06 001.2 208.8  27.2 0.002086 0.001491 0.001110 hargrave 2020-02-07 20:33:05 
AF 400 336.1  84.7 336.1  84.7 1.41E-06 001.4 180.5 -07.3 0.003976 0.002912 0.001359 hargrave 2020-02-07 20:34:23 
AF 450 273.0  73.0 273.0  73.0 1.33E-06 001.5 165.4 -10.8 0.003018 0.003680 0.001433 hargrave 2020-02-07 20:35:42 
AF 500 260.3  73.6 260.3  73.6 9.47E-07 001.2 164.4 -07.3 0.001829 0.002222 0.000868 hargrave 2020-02-07 20:37:01 
AF 550 342.3  75.6 342.3  75.6 1.25E-06 001.4 182.9 -16.1 0.002885 0.002574 0.001016 hargrave 2020-02-07 20:38:20 
AF 600 150.4  70.4 150.4  70.4 8.04E-07 001.6 180.2  17.6 0.001380 0.001972 0.000705 hargrave 2020-02-07 20:39:38 
AF 650 107.9  65.3 107.9  65.3 9.92E-07 001.3 197.3  15.9 0.002259 0.001509 0.001061 hargrave 2020-02-07 20:40:57 
AF 700 103.6  45.7 103.6  45.7 1.17E-06 001.1 215.1  26.6 0.002122 0.001163 0.001049 hargrave 2020-02-07 20:42:16 
AF 750 145.8  41.8 145.8  41.8 1.52E-06 001.3 185.6  45.9 0.002354 0.002771 0.001483 hargrave 2020-02-07 20:43:34 
AF 800 138.1  51.6 138.1  51.6 1.38E-06 001.0 189.8  35.3 0.001657 0.001772 0.001135 hargrave 2020-02-07 20:44:53 
AF 850 137.2  30.1 137.2  30.1 1.54E-06 000.9 201.2  55.3 0.001725 0.001602 0.000731 hargrave 2020-02-07 20:46:12 
AF 900 150.6  49.0 150.6  49.0 1.78E-06 001.5 180.3  39.0 0.002263 0.003847 0.001954 hargrave 2020-02-07 20:47:31 
AF 950 152.4  79.0 152.4  79.0 1.02E-06 001.2 179.7  09.0 0.002206 0.002023 0.000714 hargrave 2020-02-07 20:48:50 
AF1000 146.1  45.1 146.1  45.1 1.42E-06 001.8 184.7  42.7 0.002357 0.003688 0.001415 hargrave 2020-02-07 20:50:10 
AF1050 138.5  30.6 138.5  30.6 1.70E-06 001.2 199.0  55.2 0.002042 0.002804 0.001353 hargrave 2020-02-07 20:51:29 
AF1100 166.9  27.3 166.9  27.3 1.44E-06 001.5 153.5  56.9 0.001876 0.003184 0.000974 hargrave 2020-02-07 20:52:49 
AF1150 155.3  46.8 155.3  46.8 1.74E-06 001.4 176.1  41.1 0.002179 0.003794 0.001712 hargrave 2020-02-07 20:54:09 
AF1200 139.3  35.1 139.3  35.1 2.34E-06 001.0 195.4  51.4 0.003219 0.002669 0.001825 hargrave 2020-02-07 20:55:29 
AF1250 168.3  17.7 168.3  17.7 1.75E-06 001.4 139.9  63.9 0.002469 0.003555 0.001301 hargrave 2020-02-07 20:56:51 
AF1300 185.3 -01.0 185.3 -01.0 2.12E-06 001.4 091.1  55.7 0.003278 0.004331 0.001740 hargrave 2020-02-07 20:58:12 
ARM    185.3 -01.0 185.3 -01.0 2.12E-06 001.4 091.2  55.7 0.003335 0.004290 0.001613 hargrave 2020-02-07 20:59:11 
ARM    185.2 -01.0 185.2 -01.0 2.11E-06 001.6 091.1  55.8 0.003948 0.004577 0.001571 hargrave 2020-02-07 21:00:10 
ARM    185.0 -00.9 185.0 -00.9 2.12E-06 001.5 091.3  56.0 0.003881 0.004493 0.001444 hargrave 2020-02-07 21:01:08 
ARM    185.0 -00.7 185.0 -00.7 2.09E-06 001.6 091.6  55.9 0.003947 0.004622 0.001570 hargrave 2020-02-07 21:02:06 
ARM    184.9 -00.5 184.9 -00.5 2.01E-06 001.6 092.1  56.1 0.003797 0.004464 0.001566 hargrave 2020-02-07 21:03:04 
ARM    184.8 -00.1 184.8 -00.1 2.05E-06 001.6 092.8  56.1 0.003743 0.004449 0.001590 hargrave 2020-02-07 21:04:02 
ARM    184.1 -01.5 184.1 -01.5 2.15E-06 001.6 090.4  56.9 0.004019 0.004594 0.001582 hargrave 2020-02-07 21:05:00 
ARM    185.2 -00.3 185.2 -00.3 2.08E-06 001.4 092.5  55.7 0.003210 0.004283 0.001760 hargrave 2020-02-07 21:05:58 
ARM    182.1 -01.7 182.1 -01.7 2.18E-06 001.3 090.0  58.9 0.003055 0.004178 0.001607 hargrave 2020-02-07 21:06:56 
ARM    178.5 -01.4 178.5 -01.4 2.32E-06 001.2 090.7  62.5 0.003018 0.003984 0.001508 hargrave 2020-02-07 21:07:54 
ARM    179.7 -01.2 179.7 -01.2 2.43E-06 001.4 091.2  61.3 0.004170 0.004562 0.001404 hargrave 2020-02-07 21:08:52 
ARM    183.6 -04.2 183.6 -04.2 2.21E-06 001.3 085.4  57.4 0.003417 0.004191 0.001559 hargrave 2020-02-07 21:09:50 
ARM    185.2 -04.5 185.2 -04.5 2.28E-06 001.6 084.9  55.7 0.004739 0.004728 0.001550 hargrave 2020-02-07 21:10:48 
ARM    189.0 -00.4 189.0 -00.4 2.16E-06 001.6 091.8  52.0 0.004133 0.005006 0.001536 hargrave 2020-02-07 21:11:46 
ARM    198.4 -06.3 198.4 -06.3 1.84E-06 001.5 083.2  42.6 0.003754 0.004463 0.001120 hargrave 2020-02-07 21:12:44 
ARM    192.2 -01.2 192.2 -01.2 1.81E-06 001.5 090.5  48.8 0.003375 0.004025 0.001200 hargrave 2020-02-07 21:13:42 
ARM    198.0  15.6 198.0  15.6 1.61E-06 001.6 112.5  40.4 0.002367 0.004424 0.001754 hargrave 2020-02-07 21:14:41 
ARM    200.2  00.9 200.2  00.9 1.63E-06 001.3 093.0  40.8 0.002582 0.003656 0.001654 hargrave 2020-02-07 21:15:39 
ARM    197.7  10.0 197.7  10.0 1.14E-06 002.1 105.4  41.9 0.002847 0.003587 0.001277 hargrave 2020-02-07 21:16:37 
ARM    199.3  18.0 199.3  18.0 1.50E-06 001.5 115.0  38.4 0.002240 0.003859 0.001609 hargrave 2020-02-07 21:17:35 
ARM    199.2  19.7 199.2  19.7 1.71E-06 001.6 117.1  38.0 0.002807 0.004315 0.001490 hargrave 2020-02-07 21:18:33 
ARM    180.4 -04.7 180.4 -04.7 2.34E-06 001.4 083.9  60.5 0.004339 0.003919 0.001522 hargrave 2020-02-07 21:19:31 
ARM    176.8  03.9 176.8  03.9 2.82E-06 001.1 103.0  63.5 0.003844 0.004156 0.002111 hargrave 2020-02-07 21:20:29 
ARM    180.2  00.5 180.2  00.5 2.58E-06 001.3 094.5  60.7 0.004317 0.004287 0.001798 hargrave 2020-02-07 21:21:27 
ARM    181.3  06.3 181.3  06.3 2.39E-06 001.3 105.6  58.6 0.003536 0.004315 0.002129 hargrave 2020-02-07 21:22:25 
ARM    210.6 -08.9 210.6 -08.9 1.10E-06 001.7 080.9  30.3 0.002929 0.002347 0.001433 hargrave 2020-02-07 21:23:24 
ARM    172.2 -03.6 172.2 -03.6 3.60E-06 000.9 085.2  68.7 0.004623 0.003642 0.002643 hargrave 2020-02-07 21:24:22 
ARM    162.3 -06.2 162.3 -06.2 3.84E-06 000.9 069.0  78.0 0.004949 0.003566 0.002182 hargrave 2020-02-07 21:25:20 
ARM    230.4 -05.1 230.4 -05.1 1.84E-06 001.3 085.2  10.7 0.003892 0.002862 0.001312 hargrave 2020-02-07 21:26:18 
ARM    198.2 -15.4 198.2 -15.4 1.86E-06 001.5 071.1  41.6 0.004182 0.003169 0.001694 hargrave 2020-02-07 21:27:16 
ARM    172.8 -12.9 172.8 -12.9 3.06E-06 001.0 062.1  65.8 0.004877 0.002858 0.001818 hargrave 2020-02-07 21:28:14 
ARM    164.0 -02.7 164.0 -02.7 5.34E-06 000.6 086.5  77.0 0.004635 0.003736 0.003285 hargrave 2020-02-07 21:29:12 
ARM    181.4 -23.9 181.4 -23.9 1.43E-06 001.5 050.7  53.3 0.003291 0.001993 0.001576 hargrave 2020-02-07 21:30:10 
ARM    170.5 -09.7 170.5 -09.7 2.67E-06 001.2 067.5  69.2 0.004439 0.003893 0.001939 hargrave 2020-02-07 21:31:09 
ARM    158.3  00.3 158.3  00.3 7.67E-06 000.5 107.6  82.3 0.004177 0.004187 0.004509 hargrave 2020-02-07 21:32:07 
ARM    177.0 -14.0 177.0 -14.0 3.17E-06 001.1 063.5  61.6 0.005300 0.002485 0.002542 hargrave 2020-02-07 21:33:05 
ARM    314.2 -18.4 314.2 -18.4 1.93E-06 001.0 038.3 -63.7 0.002926 0.002077 0.001100 hargrave 2020-02-07 21:34:03 
AFz 10 314.0 -18.5 314.0 -18.5 1.93E-06 000.8 038.4 -63.5 0.002346 0.001616 0.001305 hargrave 2020-02-07 21:34:58 
AFz 20 314.2 -18.5 314.2 -18.5 1.93E-06 000.8 038.2 -63.7 0.002445 0.001768 0.001067 hargrave 2020-02-07 21:35:54 
AFz 30 314.1 -18.5 314.1 -18.5 1.93E-06 001.0 038.5 -63.6 0.002957 0.002163 0.001042 hargrave 2020-02-07 21:36:48 
AFz 40 314.1 -18.2 314.1 -18.2 1.94E-06 001.0 038.8 -63.8 0.002936 0.002167 0.001102 hargrave 2020-02-07 21:37:43 
AFz 50 313.3 -18.9 313.3 -18.9 1.90E-06 000.9 038.9 -62.8 0.002502 0.001826 0.001170 hargrave 2020-02-07 21:38:38 
AFz 60 314.0 -18.1 314.0 -18.1 1.96E-06 000.8 039.1 -63.8 0.002442 0.001785 0.001044 hargrave 2020-02-07 21:39:33 
AFz 70 314.0 -18.5 314.0 -18.5 1.96E-06 000.9 038.5 -63.5 0.002547 0.001861 0.001126 hargrave 2020-02-07 21:40:28 
AFz 80 314.5 -18.3 314.5 -18.3 1.93E-06 001.0 038.0 -64.0 0.002930 0.002201 0.001065 hargrave 2020-02-07 21:41:23 
AFz 90 315.2 -17.9 315.2 -17.9 1.86E-06 001.0 037.4 -64.8 0.002770 0.002238 0.001001 hargrave 2020-02-07 21:42:18 
AFz100 317.3 -17.7 317.3 -17.7 1.91E-06 001.0 033.9 -66.2 0.002728 0.002196 0.001070 hargrave 2020-02-07 21:43:14 
AFz120 318.9 -18.4 318.9 -18.4 1.94E-06 000.9 029.7 -66.4 0.002705 0.002000 0.001007 hargrave 2020-02-07 21:44:09 
AFz140 314.0 -14.9 314.0 -14.9 1.79E-06 001.0 044.3 -66.2 0.002603 0.001997 0.001035 hargrave 2020-02-07 21:45:04 
AFz160 316.0 -16.4 316.0 -16.4 2.02E-06 000.9 038.4 -66.4 0.002838 0.002041 0.001327 hargrave 2020-02-07 21:45:59 
AFz180 310.3 -16.7 310.3 -16.7 1.70E-06 001.0 046.8 -62.3 0.002697 0.001919 0.001001 hargrave 2020-02-07 21:46:54 
AFz200 313.8 -15.4 313.8 -15.4 1.87E-06 000.7 043.7 -65.7 0.001981 0.001343 0.001109 hargrave 2020-02-07 21:47:49 
AFz250 320.6 -14.1 320.6 -14.1 1.88E-06 000.7 032.2 -70.8 0.002012 0.001397 0.000999 hargrave 2020-02-07 21:48:44 
AFz300 312.6 -10.3 312.6 -10.3 2.16E-06 000.6 055.9 -67.9 0.002190 0.001123 0.001051 hargrave 2020-02-07 21:49:39 
AFz350 320.1 -16.0 320.1 -16.0 1.93E-06 000.8 030.6 -69.0 0.002227 0.001542 0.001213 hargrave 2020-02-07 21:50:35 
AFz400 308.9 -17.4 308.9 -17.4 1.88E-06 000.7 047.4 -60.8 0.002044 0.001533 0.001130 hargrave 2020-02-07 21:51:30 
AFz450 306.4 -13.4 306.4 -13.4 1.62E-06 000.8 057.1 -61.1 0.002063 0.001547 0.001044 hargrave 2020-02-07 21:52:25 
AFz500 312.5 -03.1 312.5 -03.1 2.28E-06 000.3 074.8 -70.8 0.001149 0.000903 0.001064 hargrave 2020-02-07 21:53:20 
AFz550 308.2 -17.0 308.2 -17.0 2.06E-06 000.9 048.9 -60.6 0.003001 0.002067 0.001009 hargrave 2020-02-07 21:54:15 
AFz600 310.3 -12.0 310.3 -12.0 2.27E-06 000.5 055.4 -65.1 0.002081 0.000548 0.001346 hargrave 2020-02-07 21:55:10 
AFz650 312.1 -09.7 312.1 -09.7 2.69E-06 000.6 057.8 -67.8 0.002673 0.001726 0.001028 hargrave 2020-02-07 21:56:06 
AFz700 309.3 -20.9 309.3 -20.9 2.20E-06 000.8 041.8 -58.7 0.003160 0.001525 0.001436 hargrave 2020-02-07 21:57:01 
AFz750 319.2 -19.1 319.2 -19.1 1.69E-06 000.9 028.1 -65.9 0.002184 0.001554 0.000745 hargrave 2020-02-07 21:57:56 
AFz800 316.3 -29.3 316.3 -29.3 2.17E-06 000.8 023.0 -55.7 0.003231 0.001594 0.001487 hargrave 2020-02-07 21:58:51 
AFz850 297.8 -16.7 297.8 -16.7 1.23E-06 000.7 059.1 -52.3 0.001581 0.001003 0.001059 hargrave 2020-02-07 21:59:46 
AFz900 168.4 -43.3 168.4 -43.3 1.33E-06 001.5 018.3  45.9 0.002994 0.002160 0.001302 hargrave 2020-02-07 22:00:41 
AFz950 155.9 -07.5 155.9 -07.5 1.91E-06 000.7 041.3  82.6 0.001733 0.001703 0.001760 hargrave 2020-02-07 22:01:37 
AFz000 276.7 -26.6 276.7 -26.6 1.17E-06 001.6 057.3 -30.3 0.003324 0.002270 0.001196 hargrave 2020-02-07 22:02:32 
AFz050 168.3  00.8 168.3  00.8 4.01E-06 000.8 099.0  72.4 0.003118 0.003861 0.003263 hargrave 2020-02-07 22:03:27 
AFz100 152.5  00.0 152.5  00.0 7.24E-06 000.5 142.9  87.5 0.004113 0.005313 0.003804 hargrave 2020-02-07 22:04:22 
AFz150 157.2  03.3 157.2  03.3 5.97E-06 000.5 130.4  81.8 0.002835 0.004243 0.003669 hargrave 2020-02-07 22:05:18 
AFz200 153.8 -04.4 153.8 -04.4 6.98E-06 000.5 049.2  86.3 0.004741 0.004320 0.003572 hargrave 2020-02-07 22:06:13 
AFz250 166.0 -03.3 166.0 -03.3 4.51E-06 000.9 084.8  75.0 0.005022 0.004792 0.003032 hargrave 2020-02-07 22:07:09 
AFz300 156.4  01.2 156.4  01.2 3.34E-06 000.7 120.5  83.7 0.002174 0.003045 0.002294 hargrave 2020-02-07 22:08:04 
AFz500 166.2  01.2 166.2  01.2 2.92E-06 000.7 101.9  74.5 0.002174 0.002209 0.002385 hargrave 2020-02-07 22:09:00 
ARM    159.2  02.9 159.2  02.9 3.40E-06 000.6 120.9  80.5 0.001703 0.002691 0.002818 hargrave 2020-02-07 22:09:59 
ARM    155.7  03.9 155.7  03.9 2.58E-06 000.7 141.5  82.5 0.001859 0.002127 0.002277 hargrave 2020-02-07 22:10:57 
ARM    161.9 -00.8 161.9 -00.8 3.04E-06 000.7 096.3  79.1 0.001988 0.002809 0.002421 hargrave 2020-02-07 22:11:56 
ARM    326.8  00.6 326.8  00.6 3.97E-06 000.4 071.4 -85.5 0.002170 0.001122 0.001762 hargrave 2020-02-07 22:12:55 
ARM    331.0  00.8 331.0  00.8 2.16E-05 000.4 359.6 -88.8 0.011254 0.009896 0.009847 hargrave 2020-02-07 22:13:54 
ARM  1 331.1  01.6 331.1  01.6 3.85E-05 000.4 351.3 -89.5 0.021007 0.017762 0.017765 hargrave 2020-02-07 22:14:53 
ARM  1 331.5  01.7 331.5  01.7 5.52E-05 000.4 305.7 -89.4 0.032062 0.027454 0.025299 hargrave 2020-02-07 22:15:51 
ARM  1 331.7  01.5 331.7  01.5 7.16E-05 000.4 306.0 -89.1 0.040795 0.036417 0.032852 hargrave 2020-02-07 22:16:50 
ARM  1 331.6  01.6 331.6  01.6 8.82E-05 000.4 300.0 -89.3 0.050085 0.043645 0.040783 hargrave 2020-02-07 22:17:49 
ARM  1 331.8  01.5 331.8  01.5 1.03E-04 000.4 305.2 -89.1 0.058565 0.052017 0.047994 hargrave 2020-02-07 22:18:48 
ARM  1 331.9  01.5 331.9  01.5 1.40E-04 000.4 300.3 -88.9 0.075595 0.069241 0.065466 hargrave 2020-02-07 22:19:47 
ARM  2 331.9  01.4 331.9  01.4 1.74E-04 000.4 303.4 -88.9 0.093210 0.082185 0.081153 hargrave 2020-02-07 22:20:46 
ARM  2 332.0  01.5 332.0  01.5 2.05E-04 000.4 297.2 -88.8 0.110255 0.095613 0.096762 hargrave 2020-02-07 22:21:44 
ARM  2 332.1  01.6 332.1  01.6 2.35E-04 000.4 292.0 -88.8 0.127582 0.109751 0.111042 hargrave 2020-02-07 22:22:43 
ARM  2 332.1  01.7 332.1  01.7 2.87E-04 000.4 286.4 -88.9 0.156363 0.133707 0.134910 hargrave 2020-02-07 22:23:42 
ARM  3 332.1  01.7 332.1  01.7 3.34E-04 000.4 283.0 -88.9 0.183269 0.156364 0.156423 hargrave 2020-02-07 22:24:41 
ARM  4 332.2  01.8 332.2  01.8 3.75E-04 000.4 277.9 -88.8 0.208359 0.176455 0.176056 hargrave 2020-02-07 22:25:39 
ARM  4 332.2  01.9 332.2  01.9 4.13E-04 000.4 276.2 -88.8 0.229604 0.194587 0.193170 hargrave 2020-02-07 22:26:38 
ARM  4 332.2  01.9 332.2  01.9 4.48E-04 000.4 275.8 -88.8 0.249782 0.212130 0.209989 hargrave 2020-02-07 22:27:37 
ARM  5 332.2  01.9 332.2  01.9 4.81E-04 000.4 273.6 -88.8 0.261573 0.226765 0.225412 hargrave 2020-02-07 22:28:36 
