AX13- 5b mag compass orientation (IGRF corrected)
      0 236.0  82.0   0.0   0.0   1.0
NRM    291.2  29.1 291.2  29.1 1.33E-06 000.7 139.4 -40.0 0.001207 0.001036 0.001082 hargrave 2020-02-07 17:45:33 
AF  10 292.0  30.4 292.0  30.4 1.37E-06 000.7 141.2 -39.6 0.001210 0.001038 0.001029 hargrave 2020-02-07 17:46:51 
AF  20 288.8  29.9 288.8  29.9 1.34E-06 000.8 138.4 -38.0 0.001556 0.001172 0.000861 hargrave 2020-02-07 17:48:11 
AF  30 284.6  26.2 284.6  26.2 1.27E-06 000.7 131.9 -37.2 0.001190 0.001071 0.000844 hargrave 2020-02-07 17:49:30 
AF  40 284.7  23.3 284.7  23.3 1.16E-06 000.7 128.8 -38.9 0.001121 0.000864 0.000827 hargrave 2020-02-07 17:50:50 
AF  50 289.2  27.7 289.2  27.7 1.13E-06 000.7 136.5 -39.6 0.001120 0.001118 0.000673 hargrave 2020-02-07 17:52:09 
AF  60 287.5  27.2 287.5  27.2 1.22E-06 000.6 134.8 -38.8 0.000830 0.001236 0.000946 hargrave 2020-02-07 17:53:29 
AF  70 296.2  31.9 296.2  31.9 1.33E-06 000.7 146.0 -41.0 0.001224 0.001653 0.000537 hargrave 2020-02-07 17:54:48 
AF  80 287.9  28.6 287.9  28.6 1.34E-06 000.7 136.5 -38.1 0.001006 0.001972 0.000613 hargrave 2020-02-07 17:56:08 
AF  90 291.8  24.3 291.8  24.3 9.67E-07 000.6 135.1 -43.5 0.000933 0.000642 0.000524 hargrave 2020-02-07 17:57:27 
AF 100 275.0  19.8 275.0  19.8 8.13E-07 000.9 119.7 -32.6 0.000952 0.001101 0.000743 hargrave 2020-02-07 17:58:47 
AF 120 273.6  28.9 273.6  28.9 1.24E-06 000.8 128.5 -27.5 0.000966 0.001353 0.000981 hargrave 2020-02-07 18:00:07 
AF 140 282.1  21.8 282.1  21.8 1.24E-06 000.8 125.6 -37.6 0.000816 0.001316 0.001089 hargrave 2020-02-07 18:01:26 
AF 160 294.0  46.9 294.0  46.9 1.12E-06 000.7 155.7 -28.2 0.001063 0.001054 0.000766 hargrave 2020-02-07 18:02:46 
AF 180 271.1  01.5 271.1  01.5 8.37E-07 001.1 097.4 -34.4 0.001503 0.000383 0.000783 hargrave 2020-02-07 18:04:05 
AF 200 266.0  38.1 266.0  38.1 8.04E-07 001.3 134.3 -17.7 0.001181 0.001072 0.000850 hargrave 2020-02-07 18:05:25 
AF 250 251.3  41.2 251.3  41.2 1.33E-06 000.9 133.1 -06.0 0.000979 0.002028 0.001244 hargrave 2020-02-07 18:06:46 
AF 300 262.9  35.8 262.9  35.8 1.07E-06 001.0 131.1 -16.4 0.001367 0.001185 0.000984 hargrave 2020-02-07 18:08:05 
AF 350 286.5  36.4 286.5  36.4 1.57E-06 000.8 142.8 -32.1 0.001173 0.002336 0.000681 hargrave 2020-02-07 18:09:25 
AF 400 287.5  07.7 287.5  07.7 6.83E-07 001.4 111.3 -48.5 0.001647 0.000393 0.000377 hargrave 2020-02-07 18:10:45 
AF 450 279.2  33.2 279.2  33.2 9.26E-07 000.9 135.5 -29.4 0.001095 0.000937 0.000601 hargrave 2020-02-07 18:12:04 
AF 500 255.1  04.2 255.1  04.2 1.38E-06 000.9 097.1 -18.2 0.001727 0.001618 0.000867 hargrave 2020-02-07 18:13:23 
AF 550 283.3 -05.6 283.3 -05.6 8.08E-07 001.8 090.5 -47.5 0.002405 0.000805 0.000406 hargrave 2020-02-07 18:14:43 
AF 600 275.0 -19.4 275.0 -19.4 9.01E-07 001.5 071.4 -39.3 0.002291 0.000114 0.000476 hargrave 2020-02-07 18:16:02 
AF 650 200.2 -40.1 200.2 -40.1 5.63E-07 001.8 041.6  20.7 0.002330 0.000791 0.000707 hargrave 2020-02-07 18:17:21 
AF 700 238.2 -09.9 238.2 -09.9 7.73E-07 001.1 080.5 -03.6 0.001488 0.000766 0.000468 hargrave 2020-02-07 18:18:40 
AF 750 275.1 -77.1 275.1 -77.1 1.30E-06 001.6 010.4 -16.0 0.004494 0.002345 0.001899 hargrave 2020-02-07 18:20:00 
AF 800 151.3 -59.7 151.3 -59.7 1.28E-06 001.5 002.9  22.1 0.004978 0.002210 0.000892 hargrave 2020-02-07 18:21:19 
AF 850 122.5 -58.4 122.5 -58.4 1.26E-06 000.9 347.0  20.9 0.002782 0.001684 0.001561 hargrave 2020-02-07 18:22:39 
AF 900 089.1 -64.7 089.1 -64.7 2.03E-06 001.0 338.9  06.0 0.005216 0.003866 0.002473 hargrave 2020-02-07 18:23:59 
AF 950 046.9 -80.7 046.9 -80.7 1.48E-06 001.4 350.7 -09.4 0.003560 0.002957 0.002382 hargrave 2020-02-07 18:25:18 
AF1000 085.3 -86.5 085.3 -86.5 1.47E-06 001.5 356.9 -06.3 0.004076 0.003173 0.002152 hargrave 2020-02-07 18:26:38 
AF1050 152.4 -81.7 152.4 -81.7 1.83E-06 001.3 000.9  00.2 0.005386 0.003198 0.002451 hargrave 2020-02-07 18:27:58 
AF1100 328.5 -55.2 328.5 -55.2 3.05E-06 001.2 358.1 -42.8 0.006172 0.004288 0.002895 hargrave 2020-02-07 18:29:18 
AF1150 003.9 -63.8 003.9 -63.8 1.68E-06 001.4 342.1 -28.0 0.004069 0.003415 0.002402 hargrave 2020-02-07 18:30:38 
AF1200 137.1 -62.5 137.1 -62.5 1.68E-06 001.4 355.7  19.1 0.005308 0.003111 0.001945 hargrave 2020-02-07 18:31:59 
AF1250 281.4 -74.3 281.4 -74.3 2.54E-06 001.2 011.6 -18.9 0.006744 0.002971 0.003186 hargrave 2020-02-07 18:33:21 
AF1300 313.3 -74.7 313.3 -74.7 2.98E-06 001.1 003.6 -22.9 0.007217 0.004056 0.003362 hargrave 2020-02-07 18:34:43 
ARM    313.0 -74.8 313.0 -74.8 2.98E-06 001.1 003.7 -22.8 0.007350 0.004159 0.003399 hargrave 2020-02-07 18:35:42 
ARM    313.1 -74.8 313.1 -74.8 2.99E-06 001.1 003.6 -22.8 0.006677 0.004169 0.003339 hargrave 2020-02-07 18:36:41 
ARM    313.8 -74.4 313.8 -74.4 2.99E-06 001.1 003.5 -23.2 0.006949 0.004011 0.003389 hargrave 2020-02-07 18:37:39 
ARM    313.6 -74.8 313.6 -74.8 2.97E-06 001.1 003.5 -22.8 0.006944 0.004001 0.003443 hargrave 2020-02-07 18:38:38 
ARM    314.4 -73.9 314.4 -73.9 2.99E-06 001.1 003.5 -23.8 0.007390 0.004050 0.003474 hargrave 2020-02-07 18:39:36 
ARM    313.0 -75.2 313.0 -75.2 2.95E-06 001.1 003.6 -22.4 0.006956 0.004003 0.003372 hargrave 2020-02-07 18:40:34 
ARM    315.4 -75.9 315.4 -75.9 2.96E-06 001.1 002.8 -21.8 0.007329 0.003990 0.003381 hargrave 2020-02-07 18:41:33 
ARM    312.9 -77.4 312.9 -77.4 2.87E-06 001.1 003.0 -20.3 0.007217 0.004130 0.003286 hargrave 2020-02-07 18:42:31 
ARM    316.1 -76.6 316.1 -76.6 2.92E-06 001.1 002.5 -21.2 0.006768 0.004097 0.003343 hargrave 2020-02-07 18:43:29 
ARM    315.2 -75.7 315.2 -75.7 2.85E-06 001.1 002.9 -22.0 0.006948 0.004141 0.003367 hargrave 2020-02-07 18:44:28 
ARM    314.6 -73.9 314.6 -73.9 2.92E-06 001.1 003.4 -23.7 0.006674 0.003809 0.003427 hargrave 2020-02-07 18:45:26 
ARM    313.1 -75.4 313.1 -75.4 2.94E-06 001.1 003.5 -22.2 0.006872 0.003628 0.003434 hargrave 2020-02-07 18:46:25 
ARM    304.9 -78.2 304.9 -78.2 2.82E-06 001.1 004.5 -19.0 0.007377 0.003413 0.003228 hargrave 2020-02-07 18:47:23 
ARM    310.3 -74.5 310.3 -74.5 2.84E-06 001.1 004.5 -22.8 0.006579 0.003824 0.003095 hargrave 2020-02-07 18:48:22 
ARM    307.0 -76.4 307.0 -76.4 2.77E-06 001.1 004.7 -20.9 0.006684 0.003406 0.003197 hargrave 2020-02-07 18:49:21 
ARM    317.8 -66.8 317.8 -66.8 2.75E-06 001.1 003.8 -31.0 0.005853 0.003073 0.003274 hargrave 2020-02-07 18:50:19 
ARM    304.6 -73.2 304.6 -73.2 2.84E-06 001.0 006.6 -23.6 0.006309 0.003172 0.003296 hargrave 2020-02-07 18:51:18 
ARM    299.3 -65.1 299.3 -65.1 3.28E-06 001.0 012.6 -30.0 0.008381 0.002964 0.003505 hargrave 2020-02-07 18:52:16 
ARM    302.3 -66.6 302.3 -66.6 2.69E-06 001.0 010.5 -29.2 0.007084 0.002529 0.003039 hargrave 2020-02-07 18:53:15 
ARM    297.3 -66.2 297.3 -66.2 2.61E-06 001.1 012.7 -28.6 0.005849 0.002637 0.002813 hargrave 2020-02-07 18:54:14 
ARM    300.4 -58.8 300.4 -58.8 2.24E-06 001.1 016.0 -35.6 0.005048 0.001994 0.002401 hargrave 2020-02-07 18:55:12 
ARM    294.6 -52.3 294.6 -52.3 2.34E-06 001.0 024.2 -38.9 0.005365 0.000936 0.002029 hargrave 2020-02-07 18:56:12 
ARM    298.4 -43.2 298.4 -43.2 1.97E-06 000.8 029.9 -47.3 0.003918 0.000780 0.001799 hargrave 2020-02-07 18:57:10 
ARM    299.6 -37.3 299.6 -37.3 2.11E-06 000.8 035.3 -52.2 0.003557 0.000787 0.001369 hargrave 2020-02-07 18:58:09 
ARM    281.6 -22.9 281.6 -22.9 1.44E-06 000.9 065.5 -44.9 0.002639 0.001664 0.000952 hargrave 2020-02-07 18:59:08 
ARM    169.3 -07.2 169.3 -07.2 1.64E-06 001.4 057.4  62.2 0.003786 0.001848 0.000694 hargrave 2020-02-07 19:00:06 
ARM    188.2  23.4 188.2  23.4 1.00E-06 001.5 115.9  46.8 0.001772 0.001829 0.001523 hargrave 2020-02-07 19:01:05 
ARM    239.9  37.7 239.9  37.7 8.37E-07 002.3 127.8  01.8 0.002391 0.003671 0.001499 hargrave 2020-02-07 19:02:03 
ARM    303.7  07.8 303.7  07.8 2.74E-06 000.7 124.9 -62.8 0.001056 0.003260 0.000836 hargrave 2020-02-07 19:03:02 
ARM    299.5  14.7 299.5  14.7 2.74E-06 000.7 130.7 -55.3 0.001535 0.003344 0.001368 hargrave 2020-02-07 19:04:01 
ARM    283.7  19.7 283.7  19.7 1.51E-06 000.8 124.2 -40.0 0.001010 0.002269 0.001422 hargrave 2020-02-07 19:04:59 
ARM    177.0  31.2 177.0  31.2 2.76E-06 001.3 132.9  53.0 0.003298 0.005286 0.003132 hargrave 2020-02-07 19:05:58 
ARM    270.6  35.0 270.6  35.0 1.74E-06 001.3 133.1 -22.4 0.002440 0.003863 0.002028 hargrave 2020-02-07 19:06:56 
ARM    306.6  32.2 306.6  32.2 2.60E-06 001.1 156.2 -45.8 0.003317 0.004977 0.001785 hargrave 2020-02-07 19:07:55 
ARM    281.4  47.5 281.4  47.5 1.64E-06 001.2 149.2 -21.9 0.002253 0.003301 0.002242 hargrave 2020-02-07 19:08:55 
ARM    284.0  42.5 284.0  42.5 2.54E-06 001.0 146.5 -26.6 0.003595 0.004380 0.002761 hargrave 2020-02-07 19:09:53 
ARM    266.6  59.7 266.6  59.7 2.39E-06 001.1 154.0 -07.7 0.004293 0.005396 0.002658 hargrave 2020-02-07 19:10:52 
AFz 10 266.4  59.7 266.4  59.7 2.39E-06 001.1 154.0 -07.6 0.004148 0.005276 0.002659 hargrave 2020-02-07 19:11:48 
AFz 20 266.2  59.7 266.2  59.7 2.38E-06 001.1 153.9 -07.5 0.003997 0.005397 0.002632 hargrave 2020-02-07 19:12:43 
AFz 30 265.8  59.6 265.8  59.6 2.39E-06 001.1 153.7 -07.4 0.004262 0.005354 0.002605 hargrave 2020-02-07 19:13:39 
AFz 40 265.4  60.0 265.4  60.0 2.41E-06 001.1 153.9 -07.0 0.004332 0.005283 0.002673 hargrave 2020-02-07 19:14:34 
AFz 50 265.2  59.0 265.2  59.0 2.40E-06 001.0 153.1 -07.4 0.004490 0.005215 0.002490 hargrave 2020-02-07 19:15:30 
AFz 60 264.4  59.1 264.4  59.1 2.42E-06 001.1 152.9 -07.0 0.004015 0.005449 0.002597 hargrave 2020-02-07 19:16:25 
AFz 70 263.2  59.2 263.2  59.2 2.43E-06 001.1 152.7 -06.4 0.004011 0.005510 0.002584 hargrave 2020-02-07 19:17:20 
AFz 80 265.8  56.8 265.8  56.8 2.49E-06 001.1 151.3 -08.8 0.003978 0.005674 0.002627 hargrave 2020-02-07 19:18:16 
AFz 90 265.3  57.3 265.3  57.3 2.50E-06 001.1 151.5 -08.3 0.004067 0.005806 0.002615 hargrave 2020-02-07 19:19:11 
AFz100 265.1  55.2 265.1  55.2 2.45E-06 001.1 149.6 -09.2 0.004038 0.005570 0.002547 hargrave 2020-02-07 19:20:07 
AFz120 264.6  58.3 264.6  58.3 2.38E-06 001.1 152.3 -07.5 0.004109 0.005300 0.002562 hargrave 2020-02-07 19:21:02 
AFz140 262.4  60.4 262.4  60.4 2.34E-06 001.1 153.6 -05.5 0.004273 0.005183 0.002617 hargrave 2020-02-07 19:21:58 
AFz160 276.2  60.4 276.2  60.4 2.35E-06 001.2 157.4 -11.3 0.004078 0.005292 0.002751 hargrave 2020-02-07 19:22:53 
AFz180 276.9  61.7 276.9  61.7 2.46E-06 001.1 158.6 -10.7 0.004311 0.005157 0.002563 hargrave 2020-02-07 19:23:49 
AFz200 274.1  59.6 274.1  59.6 2.53E-06 001.1 156.1 -10.9 0.004622 0.005524 0.002583 hargrave 2020-02-07 19:24:44 
AFz250 259.0  57.9 259.0  57.9 2.65E-06 001.1 150.6 -05.0 0.004439 0.005933 0.002900 hargrave 2020-02-07 19:25:40 
AFz300 268.3  60.5 268.3  60.5 2.27E-06 001.2 155.1 -08.0 0.004159 0.005309 0.002555 hargrave 2020-02-07 19:26:35 
AFz350 280.0  53.8 280.0  53.8 2.47E-06 001.1 153.6 -17.1 0.003952 0.005334 0.002830 hargrave 2020-02-07 19:27:31 
AFz400 263.3  50.1 263.3  50.1 2.35E-06 001.3 144.5 -10.6 0.003588 0.005578 0.003236 hargrave 2020-02-07 19:28:26 
AFz450 277.9  67.1 277.9  67.1 2.31E-06 001.2 163.0 -07.5 0.004297 0.004721 0.002876 hargrave 2020-02-07 19:29:22 
AFz500 255.5  56.9 255.5  56.9 2.36E-06 001.0 149.0 -03.7 0.003680 0.004654 0.002724 hargrave 2020-02-07 19:30:17 
AFz550 253.1  57.0 253.1  57.0 2.32E-06 001.1 148.6 -02.4 0.003630 0.004523 0.002878 hargrave 2020-02-07 19:31:13 
AFz600 284.3  52.7 284.3  52.7 2.12E-06 001.1 154.6 -19.7 0.003316 0.003715 0.002743 hargrave 2020-02-07 19:32:08 
AFz650 248.3  62.3 248.3  62.3 2.80E-06 001.0 153.0  01.4 0.004469 0.005014 0.003152 hargrave 2020-02-07 19:33:04 
AFz700 235.9  57.1 235.9  57.1 2.20E-06 001.2 146.9  06.8 0.003374 0.004610 0.003000 hargrave 2020-02-07 19:33:59 
AFz750 170.0  55.4 170.0  55.4 3.11E-06 001.2 162.7  38.9 0.004488 0.005037 0.003463 hargrave 2020-02-07 19:34:55 
AFz800 191.1  73.5 191.1  73.5 2.73E-06 001.2 167.7  19.4 0.004964 0.004646 0.003922 hargrave 2020-02-07 19:35:50 
AFz850 191.2  50.3 191.2  50.3 2.82E-06 001.0 147.0  33.6 0.003547 0.004867 0.003185 hargrave 2020-02-07 19:36:46 
AFz900 186.3  61.3 186.3  61.3 2.70E-06 001.2 159.2  29.0 0.003914 0.005111 0.003429 hargrave 2020-02-07 19:37:42 
AFz950 271.8  58.3 271.8  58.3 2.95E-06 001.0 154.3 -10.7 0.004502 0.005710 0.002933 hargrave 2020-02-07 19:38:37 
AFz000 161.8  41.1 161.8  41.1 4.94E-06 000.9 159.6  54.1 0.004829 0.006140 0.004676 hargrave 2020-02-07 19:39:33 
AFz050 168.6  57.2 168.6  57.2 2.95E-06 001.1 164.7  37.8 0.004379 0.004565 0.003479 hargrave 2020-02-07 19:40:28 
AFz100 250.5  70.2 250.5  70.2 2.29E-06 001.2 160.9  02.7 0.004682 0.004874 0.003083 hargrave 2020-02-07 19:41:23 
AFz150 174.0  47.5 174.0  47.5 2.97E-06 001.1 153.9  43.9 0.003775 0.004661 0.003632 hargrave 2020-02-07 19:42:20 
AFz200 170.5  43.6 170.5  43.6 3.90E-06 000.9 153.1  48.5 0.003778 0.004784 0.003996 hargrave 2020-02-07 19:43:15 
AFz250 161.5  44.4 161.5  44.4 4.05E-06 001.0 162.3  51.2 0.004753 0.005266 0.003944 hargrave 2020-02-07 19:44:10 
AFz300 176.5  45.8 176.5  45.8 3.68E-06 001.1 150.5  44.0 0.003734 0.005831 0.003638 hargrave 2020-02-07 19:45:05 
AFz500 163.7  48.1 163.7  48.1 3.59E-06 001.1 162.6  47.2 0.004446 0.005296 0.003774 hargrave 2020-02-07 19:46:00 
ARM    176.3  49.6 176.3  49.6 3.52E-06 001.1 154.2  41.3 0.003919 0.005282 0.004249 hargrave 2020-02-07 19:46:59 
ARM    180.7  50.6 180.7  50.6 3.59E-06 001.0 152.4  38.6 0.004470 0.005660 0.003712 hargrave 2020-02-07 19:47:57 
ARM    171.2  53.6 171.2  53.6 3.24E-06 001.0 160.7  40.1 0.004648 0.004712 0.003295 hargrave 2020-02-07 19:48:55 
ARM    311.3  19.7 311.3  19.7 5.12E-06 000.7 152.7 -58.7 0.004600 0.004892 0.002041 hargrave 2020-02-07 19:49:54 
ARM    321.8 -02.2 321.8 -02.2 2.42E-05 000.3 143.9 -82.9 0.011271 0.008305 0.003668 hargrave 2020-02-07 19:50:52 
ARM  1 322.5 -04.6 322.5 -04.6 4.33E-05 000.3 133.8 -85.1 0.018281 0.013433 0.008492 hargrave 2020-02-07 19:51:50 
ARM  1 323.1 -05.3 323.1 -05.3 6.03E-05 000.3 133.0 -86.1 0.025323 0.018672 0.013026 hargrave 2020-02-07 19:52:49 
ARM  1 323.5 -05.7 323.5 -05.7 7.94E-05 000.3 131.8 -86.6 0.032283 0.016340 0.017686 hargrave 2020-02-07 19:53:48 
ARM  1 323.5 -06.4 323.5 -06.4 9.78E-05 000.3 123.2 -87.0 0.038714 0.029679 0.022714 hargrave 2020-02-07 19:54:46 
ARM  1 323.5 -06.3 323.5 -06.3 1.15E-04 000.3 123.9 -87.1 0.046020 0.035659 0.027345 hargrave 2020-02-07 19:55:44 
ARM  1 323.8 -06.7 323.8 -06.7 1.55E-04 000.4 120.8 -87.5 0.068184 0.075118 0.038024 hargrave 2020-02-07 19:56:43 
ARM  2 323.8 -06.9 323.8 -06.9 1.93E-04 000.3 117.6 -87.6 0.081093 0.083407 0.047801 hargrave 2020-02-07 19:57:41 
ARM  2 323.9 -06.9 323.9 -06.9 2.27E-04 000.3 118.3 -87.6 0.093429 0.087849 0.055853 hargrave 2020-02-07 19:58:39 
ARM  2 324.0 -06.9 324.0 -06.9 2.60E-04 000.3 117.4 -87.7 0.104290 0.096796 0.064046 hargrave 2020-02-07 19:59:37 
ARM  2 324.1 -07.0 324.1 -07.0 3.16E-04 000.3 117.7 -87.8 0.126463 0.112885 0.084421 hargrave 2020-02-07 20:01:24 
ARM  3 324.2 -06.9 324.2 -06.9 3.68E-04 000.3 120.3 -87.9 0.148725 0.129076 0.090117 hargrave 2020-02-07 20:02:22 
ARM  4 324.1 -06.9 324.1 -06.9 4.11E-04 000.3 119.2 -87.8 0.166050 0.141257 0.109497 hargrave 2020-02-07 20:04:09 
ARM  4 324.2 -06.9 324.2 -06.9 4.51E-04 000.3 121.2 -87.9 0.183916 0.154911 0.120663 hargrave 2020-02-07 20:05:55 
ARM  4 324.2 -06.9 324.2 -06.9 4.91E-04 000.3 121.3 -87.9 0.202502 0.168608 0.119158 hargrave 2020-02-07 20:06:53 
ARM  5 324.2 -06.9 324.2 -06.9 5.26E-04 000.3 122.6 -87.9 0.216103 0.178371 0.127304 hargrave 2020-02-07 20:07:51 
