AX2- 5b mag compass orientation (IGRF corrected)
      0  25.2 102.0   0.0   0.0   1.0
NRM    227.1  60.4 227.1  60.4 3.05E-06 007.7 207.3 -00.0 0.050132 0.031252 0.002418 hargrave 2020-02-05 19:45:40 
AF  10 223.3  61.4 223.3  61.4 3.40E-06 001.1 207.1 -02.1 0.006163 0.005699 0.002654 hargrave 2020-02-05 19:47:02 
AF  20 216.4  62.7 216.4  62.7 3.28E-06 001.2 206.9 -05.6 0.005723 0.006219 0.002649 hargrave 2020-02-05 19:48:20 
AF  30 224.9  61.5 224.9  61.5 3.30E-06 001.2 206.7 -01.5 0.005938 0.006384 0.002714 hargrave 2020-02-05 19:49:39 
AF  40 217.2  63.5 217.2  63.5 3.35E-06 001.2 206.0 -05.4 0.006193 0.006001 0.003032 hargrave 2020-02-05 19:50:58 
AF  50 204.1  60.6 204.1  60.6 2.86E-06 001.2 210.0 -11.0 0.005537 0.005793 0.002233 hargrave 2020-02-05 19:52:20 
AF  60 212.4  55.9 212.4  55.9 2.91E-06 001.1 214.0 -05.9 0.006341 0.006491 0.002608 hargrave 2020-02-05 19:53:43 
AF  70 206.0  54.6 206.0  54.6 2.71E-06 001.3 215.9 -09.3 0.004930 0.006049 0.002835 hargrave 2020-02-05 19:55:02 
AF  80 199.3  52.2 199.3  52.2 2.57E-06 001.3 218.7 -13.1 0.004547 0.006520 0.002442 hargrave 2020-02-05 19:56:21 
AF  90 220.8  67.5 220.8  67.5 2.20E-06 001.6 201.7 -05.2 0.004226 0.006202 0.001655 hargrave 2020-02-05 19:57:39 
AF 100 241.8  63.3 241.8  63.3 2.53E-06 001.7 201.2  04.4 0.004609 0.007244 0.002568 hargrave 2020-02-05 19:58:58 
AF 120 247.8  67.4 247.8  67.4 2.37E-06 001.5 196.4  03.6 0.004297 0.006124 0.001705 hargrave 2020-02-05 20:00:16 
AF 140 303.3  59.8 303.3  59.8 2.14E-06 001.5 175.7  17.9 0.004736 0.004758 0.001248 hargrave 2020-02-05 20:01:36 
AF 160 300.0  22.9 300.0  22.9 4.29E-06 001.2 172.4  54.8 0.004727 0.007169 0.001736 hargrave 2020-02-05 20:02:55 
AF 180 285.4  07.4 285.4  07.4 4.47E-06 001.0 207.2  68.3 0.004261 0.006620 0.001941 hargrave 2020-02-05 20:04:13 
AF 200 268.7  01.0 268.7  01.0 5.41E-06 001.0 245.6  60.7 0.004543 0.009075 0.002915 hargrave 2020-02-05 20:05:32 
AF 250 284.9 -11.5 284.9 -11.5 7.33E-06 000.7 268.1  79.9 0.004572 0.008043 0.001059 hargrave 2020-02-05 20:06:51 
AF 300 294.7 -14.0 294.7 -14.0 9.41E-06 001.2 347.6  87.9 0.012857 0.014439 0.005124 hargrave 2020-02-05 20:08:11 
AF 350 293.0 -09.0 293.0 -09.0 1.00E-05 001.0 215.9  86.4 0.011856 0.013126 0.006063 hargrave 2020-02-05 20:09:30 
AF 400 290.2 -08.5 290.2 -08.5 1.58E-05 000.6 235.0  83.9 0.011399 0.013649 0.004460 hargrave 2020-02-05 20:10:50 
AF 450 292.4  01.0 292.4  01.0 1.68E-05 000.7 192.2  76.7 0.009730 0.015761 0.016553 hargrave 2020-02-05 20:12:09 
AF 500 288.5  09.2 288.5  09.2 1.91E-05 000.6 197.6  67.8 0.009856 0.015812 0.020055 hargrave 2020-02-05 20:13:28 
AF 550 282.3  00.1 282.3  00.1 2.32E-05 000.5 227.5  72.3 0.013971 0.015109 0.020756 hargrave 2020-02-05 20:14:48 
AF 600 292.9 -05.8 292.9 -05.8 2.39E-05 000.5 200.4  83.4 0.013900 0.015779 0.015310 hargrave 2020-02-05 20:16:07 
AF 650 290.4 -06.8 290.4 -06.8 2.31E-05 000.5 222.3  83.0 0.012256 0.018418 0.015848 hargrave 2020-02-05 20:17:27 
AF 700 286.3 -09.2 286.3 -09.2 2.88E-05 000.6 252.9  80.8 0.014561 0.024929 0.015705 hargrave 2020-02-05 20:18:46 
AF 750 298.5 -09.6 298.5 -09.6 3.52E-05 000.5 125.9  85.9 0.020246 0.017808 0.014064 hargrave 2020-02-05 20:20:06 
AF 800 293.1 -06.5 293.1 -06.5 3.63E-05 000.4 200.6  84.2 0.015092 0.018798 0.018480 hargrave 2020-02-05 20:21:25 
AF 850 292.4 -10.3 292.4 -10.3 3.75E-05 000.4 237.9  86.8 0.018202 0.021947 0.014150 hargrave 2020-02-05 20:22:45 
AF 900 291.8 -08.0 291.8 -08.0 3.70E-05 000.4 219.9  84.8 0.018446 0.021043 0.016113 hargrave 2020-02-05 20:24:05 
AF 950 291.5 -06.1 291.5 -06.1 3.78E-05 000.5 211.9  83.1 0.021629 0.024443 0.022226 hargrave 2020-02-05 20:25:25 
AF1000 288.3 -01.6 288.3 -01.6 4.35E-05 000.4 214.0  77.6 0.017962 0.020298 0.026668 hargrave 2020-02-05 20:26:44 
AF1050 291.3 -04.0 291.3 -04.0 4.86E-05 000.4 206.2  81.1 0.019856 0.027613 0.022295 hargrave 2020-02-05 20:28:05 
AF1100 291.1 -03.3 291.1 -03.3 5.12E-05 000.3 205.6  80.4 0.017097 0.021390 0.023437 hargrave 2020-02-05 20:29:25 
AF1150 289.8  00.4 289.8  00.4 4.93E-05 000.4 203.8  76.4 0.017925 0.025586 0.027474 hargrave 2020-02-05 20:30:46 
AF1200 290.3 -03.4 290.3 -03.4 5.64E-05 000.5 209.5  80.1 0.036357 0.028668 0.024698 hargrave 2020-02-05 20:32:08 
AF1250 293.8 -02.7 293.8 -02.7 5.61E-05 000.4 188.6  80.6 0.024768 0.030623 0.028420 hargrave 2020-02-05 20:33:29 
AF1300 292.7 -02.3 292.7 -02.3 5.51E-05 000.4 194.8  80.0 0.020876 0.029844 0.027001 hargrave 2020-02-05 20:34:52 
ARM    292.7 -02.4 292.7 -02.4 5.51E-05 000.4 194.9  80.0 0.020907 0.029658 0.026799 hargrave 2020-02-05 20:35:51 
ARM    292.7 -02.4 292.7 -02.4 5.51E-05 000.4 194.8  80.0 0.021318 0.030945 0.026794 hargrave 2020-02-05 20:36:50 
ARM    292.7 -02.4 292.7 -02.4 5.51E-05 000.4 194.8  80.0 0.021481 0.030867 0.026678 hargrave 2020-02-05 20:37:49 
ARM    292.7 -02.4 292.7 -02.4 5.50E-05 000.4 194.8  80.1 0.021432 0.030953 0.026566 hargrave 2020-02-05 20:38:48 
ARM    292.7 -02.5 292.7 -02.5 5.50E-05 000.4 194.8  80.1 0.020858 0.030349 0.026810 hargrave 2020-02-05 20:39:46 
ARM    292.7 -02.5 292.7 -02.5 5.49E-05 000.4 194.8  80.2 0.021994 0.031198 0.026721 hargrave 2020-02-05 20:40:45 
ARM    292.7 -02.6 292.7 -02.6 5.48E-05 000.4 195.0  80.2 0.021353 0.030033 0.026437 hargrave 2020-02-05 20:41:44 
ARM    292.7 -02.6 292.7 -02.6 5.49E-05 000.4 195.2  80.3 0.021613 0.030685 0.026313 hargrave 2020-02-05 20:42:43 
ARM    292.8 -02.5 292.8 -02.5 5.49E-05 000.4 194.4  80.2 0.021408 0.030513 0.026696 hargrave 2020-02-05 20:43:42 
ARM    292.6 -02.8 292.6 -02.8 5.48E-05 000.4 195.9  80.4 0.021586 0.030594 0.025849 hargrave 2020-02-05 20:44:41 
ARM    292.6 -03.0 292.6 -03.0 5.43E-05 000.4 196.1  80.7 0.021705 0.030595 0.025859 hargrave 2020-02-05 20:45:39 
ARM    292.8 -03.9 292.8 -03.9 5.32E-05 000.4 196.4  81.5 0.021324 0.029878 0.024862 hargrave 2020-02-05 20:46:38 
ARM    292.8 -04.1 292.8 -04.1 5.09E-05 000.4 196.8  81.8 0.022092 0.028885 0.024234 hargrave 2020-02-05 20:47:37 
ARM    293.5 -04.4 293.5 -04.4 4.98E-05 000.4 192.8  82.3 0.022832 0.028163 0.024076 hargrave 2020-02-05 20:48:36 
ARM    293.9 -04.5 293.9 -04.5 4.44E-05 000.5 189.6  82.4 0.022632 0.026963 0.022533 hargrave 2020-02-05 20:49:34 
ARM    293.0 -06.0 293.0 -06.0 3.99E-05 000.5 200.4  83.6 0.020653 0.024243 0.020026 hargrave 2020-02-05 20:50:33 
ARM    293.3 -07.6 293.3 -07.6 3.23E-05 000.5 203.7  85.2 0.020572 0.017692 0.017382 hargrave 2020-02-05 20:51:32 
ARM    295.7 -07.6 295.7 -07.6 2.82E-05 000.5 173.3  85.5 0.021524 0.014265 0.015930 hargrave 2020-02-05 20:52:30 
ARM    299.8 -10.1 299.8 -10.1 2.74E-05 000.6 112.7  85.1 0.024157 0.012894 0.014049 hargrave 2020-02-05 20:53:29 
ARM    303.0 -15.4 303.0 -15.4 2.08E-05 000.8 065.3  81.7 0.024572 0.013100 0.013128 hargrave 2020-02-05 20:54:28 
ARM    304.1 -17.6 304.1 -17.6 1.62E-05 000.9 055.7  79.7 0.024130 0.011588 0.011554 hargrave 2020-02-05 20:55:27 
ARM    318.4 -21.7 318.4 -21.7 1.30E-05 001.2 063.3  65.8 0.027077 0.006572 0.014051 hargrave 2020-02-05 20:56:26 
ARM    328.8 -13.6 328.8 -13.6 1.37E-05 001.2 083.4  57.3 0.027080 0.007597 0.009568 hargrave 2020-02-05 20:57:24 
ARM    037.6 -08.7 037.6 -08.7 5.86E-06 002.0 078.7 -10.2 0.020180 0.002770 0.005175 hargrave 2020-02-05 20:58:23 
ARM    351.9  00.2 351.9  00.2 7.95E-06 001.4 098.0  32.4 0.017317 0.007280 0.007136 hargrave 2020-02-05 20:59:22 
ARM    062.9  06.9 062.9  06.9 7.72E-06 001.4 089.4 -38.2 0.018134 0.005919 0.003900 hargrave 2020-02-05 21:00:21 
ARM    086.5  06.9 086.5  06.9 9.60E-06 001.1 082.5 -61.2 0.017420 0.005397 0.003016 hargrave 2020-02-05 21:01:20 
ARM    081.4  11.6 081.4  11.6 8.99E-06 001.0 092.8 -57.0 0.015120 0.007020 0.001835 hargrave 2020-02-05 21:02:19 
ARM    035.6  09.0 035.6  09.0 8.13E-06 001.5 096.8 -12.0 0.018040 0.011627 0.008361 hargrave 2020-02-05 21:03:18 
ARM    063.1  23.6 063.1  23.6 1.05E-05 001.1 110.8 -39.4 0.011925 0.021255 0.004667 hargrave 2020-02-05 21:04:17 
ARM    070.0  04.2 070.0  04.2 7.78E-06 001.4 084.0 -44.6 0.018259 0.009333 0.004185 hargrave 2020-02-05 21:05:15 
ARM    064.6  10.7 064.6  10.7 8.76E-06 001.4 094.0 -40.4 0.017760 0.014590 0.002730 hargrave 2020-02-05 21:06:14 
ARM    065.0  15.7 065.0  15.7 1.23E-05 001.1 100.5 -41.2 0.015480 0.022678 0.004046 hargrave 2020-02-05 21:07:13 
ARM    016.3  02.1 016.3  02.1 9.49E-06 001.4 093.9  08.2 0.021012 0.021808 0.005700 hargrave 2020-02-05 21:08:13 
ARM    079.3  05.4 079.3  05.4 1.74E-05 000.9 082.5 -54.0 0.021934 0.022972 0.007485 hargrave 2020-02-05 21:09:12 
ARM    076.6  03.2 076.6  03.2 1.62E-05 001.1 080.2 -50.7 0.027622 0.022633 0.009382 hargrave 2020-02-05 21:10:11 
ARM    092.5  05.2 092.5  05.2 2.07E-05 000.7 075.0 -66.6 0.022880 0.019722 0.009332 hargrave 2020-02-05 21:11:09 
AFz 10 092.5  05.2 092.5  05.2 2.07E-05 000.7 075.1 -66.6 0.022393 0.020120 0.009438 hargrave 2020-02-05 21:12:05 
AFz 20 092.5  05.2 092.5  05.2 2.07E-05 000.7 075.1 -66.6 0.022343 0.020062 0.009470 hargrave 2020-02-05 21:13:01 
AFz 30 092.6  05.2 092.6  05.2 2.07E-05 000.7 075.1 -66.6 0.022319 0.019481 0.009542 hargrave 2020-02-05 21:13:57 
AFz 40 092.5  05.2 092.5  05.2 2.07E-05 000.7 075.1 -66.6 0.022561 0.019716 0.009357 hargrave 2020-02-05 21:14:53 
AFz 50 092.5  05.4 092.5  05.4 2.07E-05 000.7 075.5 -66.6 0.022223 0.020063 0.009469 hargrave 2020-02-05 21:15:49 
AFz 60 092.4  05.2 092.4  05.2 2.06E-05 000.7 075.1 -66.5 0.022375 0.020072 0.009571 hargrave 2020-02-05 21:16:44 
AFz 70 092.3  05.2 092.3  05.2 2.05E-05 000.8 075.1 -66.3 0.022473 0.020042 0.009418 hargrave 2020-02-05 21:17:40 
AFz 80 093.2  05.4 093.2  05.4 2.10E-05 000.7 075.0 -67.2 0.022109 0.019929 0.009053 hargrave 2020-02-05 21:18:36 
AFz 90 092.9  05.5 092.9  05.5 2.06E-05 000.7 075.5 -67.0 0.022396 0.016271 0.009115 hargrave 2020-02-05 21:19:33 
AFz100 093.4  05.3 093.4  05.3 2.12E-05 000.7 074.6 -67.5 0.022006 0.019607 0.009172 hargrave 2020-02-05 21:20:29 
AFz120 093.5  05.3 093.5  05.3 2.13E-05 000.7 074.6 -67.5 0.022092 0.019169 0.009097 hargrave 2020-02-05 21:21:25 
AFz140 092.1  05.1 092.1  05.1 2.04E-05 000.8 075.2 -66.2 0.022904 0.019713 0.009875 hargrave 2020-02-05 21:22:21 
AFz160 090.4  04.9 090.4  04.9 2.00E-05 000.8 075.9 -64.5 0.023729 0.019896 0.009517 hargrave 2020-02-05 21:23:16 
AFz180 090.0  05.9 090.0  05.9 2.00E-05 000.8 078.5 -64.4 0.023163 0.020808 0.009133 hargrave 2020-02-05 21:24:12 
AFz200 089.0  07.2 089.0  07.2 1.79E-05 000.8 081.9 -63.8 0.021136 0.021043 0.008467 hargrave 2020-02-05 21:25:08 
AFz250 089.6  08.5 089.6  08.5 1.94E-05 000.8 084.5 -64.6 0.020337 0.022351 0.008406 hargrave 2020-02-05 21:26:04 
AFz300 090.2  07.0 090.2  07.0 2.05E-05 000.8 080.9 -64.9 0.023344 0.021515 0.009466 hargrave 2020-02-05 21:27:00 
AFz350 085.3  06.1 085.3  06.1 1.49E-05 001.0 081.3 -59.9 0.021193 0.020005 0.007183 hargrave 2020-02-05 21:27:56 
AFz400 051.6 -03.1 051.6 -03.1 1.16E-05 001.4 080.8 -25.1 0.029260 0.021168 0.009088 hargrave 2020-02-05 21:28:52 
AFz450 086.2  06.6 086.2  06.6 1.73E-05 000.9 081.9 -60.9 0.020978 0.021411 0.007350 hargrave 2020-02-05 21:29:48 
AFz500 075.5 -02.6 075.5 -02.6 1.24E-05 001.2 072.3 -47.9 0.025381 0.015898 0.006481 hargrave 2020-02-05 21:30:45 
AFz550 071.8  01.0 071.8  01.0 1.17E-05 001.2 078.9 -45.5 0.022909 0.017711 0.005951 hargrave 2020-02-05 21:31:41 
AFz600 066.9 -07.1 066.9 -07.1 1.23E-05 001.2 070.8 -38.3 0.026943 0.015726 0.007198 hargrave 2020-02-05 21:32:36 
AFz650 077.2  10.8 077.2  10.8 1.32E-05 001.1 092.1 -52.7 0.016436 0.023986 0.005403 hargrave 2020-02-05 21:33:32 
AFz700 074.1  01.5 074.1  01.5 1.44E-05 001.1 078.8 -48.0 0.025052 0.023031 0.006345 hargrave 2020-02-05 21:34:28 
AFz750 075.9  03.1 075.9  03.1 1.56E-05 001.0 080.3 -50.1 0.024357 0.020455 0.007592 hargrave 2020-02-05 21:35:24 
AFz800 091.2  07.5 091.2  07.5 2.08E-05 000.8 081.6 -66.0 0.020990 0.023881 0.006388 hargrave 2020-02-05 21:36:20 
AFz850 095.7  02.9 095.7  02.9 2.05E-05 000.6 066.1 -68.7 0.019021 0.016354 0.007390 hargrave 2020-02-05 21:37:16 
AFz900 088.0  17.1 088.0  17.1 9.79E-06 001.1 104.2 -63.2 0.008755 0.018792 0.002182 hargrave 2020-02-05 21:38:11 
AFz950 043.5  05.3 043.5  05.3 5.55E-06 001.5 091.5 -19.0 0.012065 0.021851 0.003922 hargrave 2020-02-05 21:39:07 
AFz000 087.2  03.9 087.2  03.9 9.82E-06 001.1 076.1 -61.1 0.013624 0.016777 0.003231 hargrave 2020-02-05 21:40:03 
AFz050 079.1  07.3 079.1  07.3 1.45E-05 001.0 085.9 -54.2 0.020573 0.021057 0.005926 hargrave 2020-02-05 21:40:59 
AFz100 086.5  13.3 086.5  13.3 1.98E-05 000.9 095.9 -62.0 0.011583 0.032067 0.004081 hargrave 2020-02-05 21:41:55 
AFz150 071.1  08.4 071.1  08.4 1.53E-05 001.0 089.7 -46.5 0.019811 0.025688 0.006558 hargrave 2020-02-05 21:42:51 
AFz200 084.2  10.9 084.2  10.9 1.85E-05 000.9 091.1 -59.6 0.019231 0.025210 0.005223 hargrave 2020-02-05 21:43:47 
AFz250 073.1  05.6 073.1  05.6 1.16E-05 001.2 085.0 -48.0 0.018808 0.019824 0.007538 hargrave 2020-02-05 21:44:43 
AFz300 084.7  06.1 084.7  06.1 1.83E-05 000.9 081.6 -59.4 0.022115 0.022671 0.007159 hargrave 2020-02-05 21:45:39 
AFz500 085.5  00.8 085.5  00.8 1.81E-05 000.9 071.5 -58.5 0.024334 0.020057 0.007454 hargrave 2020-02-05 21:46:35 
ARM    091.0  05.3 091.0  05.3 2.75E-05 000.7 076.3 -65.1 0.027284 0.026204 0.009003 hargrave 2020-02-05 21:47:34 
ARM    092.8  04.4 092.8  04.4 2.64E-05 000.7 073.0 -66.6 0.025907 0.023135 0.007892 hargrave 2020-02-05 21:48:32 
ARM    082.0  01.3 082.0  01.3 1.96E-05 001.0 074.5 -55.4 0.027801 0.025974 0.009131 hargrave 2020-02-05 21:49:31 
ARM    107.4  09.9 107.4  09.9 7.45E-05 000.3 075.5 -82.0 0.025618 0.038482 0.018922 hargrave 2020-02-05 21:50:30 
ARM    113.5  11.2 113.5  11.2 2.99E-04 000.4 064.9 -88.2 0.160353 0.138743 0.086253 hargrave 2020-02-05 21:51:29 
ARM  1 114.5  11.4 114.5  11.4 4.90E-04 000.4 047.3 -89.0 0.239119 0.216271 0.148698 hargrave 2020-02-05 21:52:28 
ARM  1 115.1  11.5 115.1  11.5 7.12E-04 000.4 008.7 -89.5 0.334228 0.307159 0.218525 hargrave 2020-02-05 21:53:27 
ARM  1 115.3  11.4 115.3  11.4 9.11E-04 000.4 347.1 -89.4 0.380806 0.411127 0.284596 hargrave 2020-02-05 21:54:25 
ARM  1 115.6  11.4 115.6  11.4 1.13E-03 000.4 328.7 -89.3 0.478773 0.511137 0.351959 hargrave 2020-02-05 21:55:24 
ARM  1 115.6  11.5 115.6  11.5 1.33E-03 000.4 322.8 -89.4 0.575984 0.612572 0.419700 hargrave 2020-02-05 21:56:23 
ARM  1 115.8  11.6 115.8  11.6 1.85E-03 000.4 307.5 -89.3 0.797951 0.840548 0.585320 hargrave 2020-02-05 21:57:22 
ARM  2 115.8  11.5 115.8  11.5 2.36E-03 000.4 309.5 -89.2 1.069760 1.012763 0.751512 hargrave 2020-02-05 21:58:20 
ARM  2 115.9  11.5 115.9  11.5 2.89E-03 000.4 304.2 -89.2 1.277057 1.237564 0.970430 hargrave 2020-02-05 21:59:19 
ARM  2 115.9  11.6 115.9  11.6 3.41E-03 000.4 302.5 -89.2 1.477682 1.461178 1.045568 hargrave 2020-02-05 22:01:08 
ARM  2 115.9  11.6 115.9  11.6 4.44E-03 000.4 300.6 -89.1 1.948432 1.909557 1.378093 hargrave 2020-02-05 22:02:06 
ARM  3 116.0  11.6 116.0  11.6 5.47E-03 000.4 299.7 -89.1 2.375209 2.344788 1.727381 hargrave 2020-02-05 22:03:05 
ARM  4 116.0  11.6 116.0  11.6 6.50E-03 000.4 298.6 -89.1 2.843372 2.796915 2.110839 hargrave 2020-02-05 22:04:04 
ARM  4 116.0  11.6 116.0  11.6 7.52E-03 000.4 297.5 -89.1 3.253545 3.234672 2.339393 hargrave 2020-02-05 22:05:04 
ARM  4 116.0  11.6 116.0  11.6 8.53E-03 000.4 297.1 -89.1 3.724838 3.660327 3.029156 hargrave 2020-02-05 22:06:03 
ARM  5 116.0  11.6 116.0  11.6 9.53E-03 000.3 296.6 -89.1 4.113345 4.072870 2.977034 hargrave 2020-02-05 22:07:02 
