AX2- 3b mag compass orientation (IGRF corrected)
      0 292.2  43.0   0.0   0.0   1.0
NRM    323.5  50.2 323.5  50.2 1.10E-06 001.1 144.5  19.6 0.002178 0.003056 0.000529 hargrave 2020-02-05 14:57:53 
AF  10 325.5  52.5 325.5  52.5 1.09E-06 001.2 147.1  20.6 0.002599 0.003074 0.000616 hargrave 2020-02-05 14:59:11 
AF  20 334.8  50.0 334.8  50.0 1.08E-06 001.2 150.6  15.3 0.002616 0.003031 0.000644 hargrave 2020-02-05 15:00:30 
AF  30 325.3  45.3 325.3  45.3 1.15E-06 001.1 142.4  14.9 0.001774 0.003347 0.000523 hargrave 2020-02-05 15:01:50 
AF  40 327.5  38.7 327.5  38.7 9.07E-07 001.0 139.9  08.6 0.001295 0.002514 0.000767 hargrave 2020-02-05 15:03:09 
AF  50 321.8  29.7 321.8  29.7 8.79E-07 000.8 130.8  04.0 0.001023 0.002413 0.000692 hargrave 2020-02-05 15:04:29 
AF  60 338.9  25.7 338.9  25.7 5.48E-07 001.2 141.4 -07.4 0.000696 0.001585 0.000734 hargrave 2020-02-05 15:05:48 
AF  70 329.5  04.4 329.5  04.4 4.74E-07 001.5 121.9 -20.9 0.000051 0.001572 0.000869 hargrave 2020-02-05 15:07:08 
AF  80 015.7 -18.2 015.7 -18.2 7.15E-07 002.0 167.3 -60.7 0.001836 0.002161 0.000884 hargrave 2020-02-05 15:08:27 
AF  90 349.7 -03.8 349.7 -03.8 6.14E-07 001.5 136.7 -38.5 0.001115 0.001918 0.000542 hargrave 2020-02-05 15:09:47 
AF 100 358.2  03.0 358.2  03.0 6.28E-07 001.7 149.9 -35.7 0.002030 0.001796 0.000641 hargrave 2020-02-05 15:11:07 
AF 120 337.2  04.1 337.2  04.1 6.31E-07 001.0 128.7 -25.3 0.000903 0.001802 0.000270 hargrave 2020-02-05 15:12:26 
AF 140 339.5  02.2 339.5  02.2 6.03E-07 001.4 129.7 -28.2 0.000963 0.002432 0.000490 hargrave 2020-02-05 15:13:46 
AF 160 256.6  19.6 256.6  19.6 6.35E-07 003.7 077.3  38.3 0.003322 0.003399 0.000503 hargrave 2020-02-05 15:15:07 
AF 180 299.7 -09.6 299.7 -09.6 1.06E-06 001.9 088.8 -12.1 0.003331 0.004884 0.000815 hargrave 2020-02-05 15:16:26 
AF 200 309.5  15.2 309.5  15.2 1.49E-06 001.6 112.9 -00.2 0.003242 0.005886 0.001448 hargrave 2020-02-05 15:17:46 
AF 250 347.6  19.1 347.6  19.1 1.34E-06 001.2 145.9 -16.9 0.002384 0.003545 0.001084 hargrave 2020-02-05 15:19:06 
AF 300 301.4  28.7 301.4  28.7 1.25E-06 001.1 116.4  14.8 0.000708 0.002056 0.002035 hargrave 2020-02-05 15:20:25 
AF 350 308.6 -62.8 308.6 -62.8 1.04E-06 000.7 040.5 -47.6 0.001641 0.000526 0.000590 hargrave 2020-02-05 15:21:45 
AF 400 010.4 -12.6 010.4 -12.6 7.88E-07 000.8 160.0 -54.2 0.001314 0.001061 0.001096 hargrave 2020-02-05 15:23:04 
AF 450 019.7  74.1 019.7  74.1 8.05E-07 001.3 179.2  31.1 0.001822 0.001123 0.000702 hargrave 2020-02-05 15:24:24 
AF 500 005.1 -23.1 005.1 -23.1 1.49E-06 000.9 144.1 -62.4 0.001936 0.001253 0.000899 hargrave 2020-02-05 15:25:44 
AF 550 081.5 -38.9 081.5 -38.9 2.14E-06 001.3 281.6 -46.9 0.002226 0.004579 0.002303 hargrave 2020-02-05 15:27:04 
AF 600 071.0 -35.0 071.0 -35.0 1.62E-06 002.0 269.8 -52.0 0.003619 0.004413 0.002400 hargrave 2020-02-05 15:28:25 
AF 650 259.7 -68.4 259.7 -68.4 1.47E-06 000.8 021.8 -33.0 0.002690 0.001041 0.000224 hargrave 2020-02-05 15:29:44 
AF 700 219.8 -57.2 219.8 -57.2 8.68E-07 002.0 009.8 -15.2 0.003374 0.002660 0.000606 hargrave 2020-02-05 15:31:05 
AF 750 269.0 -27.9 269.0 -27.9 8.21E-07 001.5 054.8 -06.0 0.003020 0.001877 0.000699 hargrave 2020-02-05 15:32:24 
AF 800 029.0 -24.3 029.0 -24.3 1.23E-06 001.4 195.7 -66.7 0.002563 0.001408 0.001283 hargrave 2020-02-05 15:33:44 
AF 850 344.4 -57.6 344.4 -57.6 6.71E-07 001.6 050.9 -65.0 0.000927 0.001817 0.000693 hargrave 2020-02-05 15:35:04 
AF 900 235.0 -73.0 235.0 -73.0 1.33E-06 001.4 010.8 -32.1 0.003167 0.002088 0.001662 hargrave 2020-02-05 15:36:24 
AF 950 264.0 -25.0 264.0 -25.0 1.56E-06 001.3 053.0 -01.0 0.004480 0.000867 0.000905 hargrave 2020-02-05 15:37:45 
AF1000 256.2  38.2 256.2  38.2 1.95E-06 000.8 097.5  50.1 0.001725 0.003031 0.001674 hargrave 2020-02-05 15:39:05 
AF1050 232.9 -03.5 232.9 -03.5 2.44E-06 001.9 037.3  32.7 0.008804 0.003763 0.001130 hargrave 2020-02-05 15:40:25 
AF1100 254.6 -21.0 254.6 -21.0 1.58E-06 001.5 048.2  07.2 0.005327 0.002814 0.001445 hargrave 2020-02-05 15:41:50 
AF1150 275.1  06.4 275.1  06.4 1.67E-06 001.1 081.8  16.3 0.003547 0.003842 0.001244 hargrave 2020-02-05 15:43:11 
AF1200 272.7  03.2 272.7  03.2 2.23E-06 001.7 077.7  15.5 0.005780 0.007713 0.002461 hargrave 2020-02-05 15:44:36 
AF1250 271.5  53.4 271.5  53.4 6.46E-07 001.7 125.2  46.9 0.001292 0.002277 0.000514 hargrave 2020-02-05 15:45:58 
AF1300 186.3  38.7 186.3  38.7 1.09E-06 002.2 299.8  75.7 0.002627 0.003245 0.000379 hargrave 2020-02-05 15:47:20 
ARM    186.5  38.6 186.5  38.6 1.09E-06 002.0 300.5  75.8 0.002316 0.003045 0.000642 hargrave 2020-02-05 15:48:21 
ARM    186.7  39.0 186.7  39.0 1.08E-06 001.9 299.7  76.2 0.002088 0.002892 0.000694 hargrave 2020-02-05 15:49:20 
ARM    186.2  38.5 186.2  38.5 1.08E-06 002.1 300.0  75.6 0.002353 0.003109 0.000544 hargrave 2020-02-05 15:50:19 
ARM    185.6  37.4 185.6  37.4 1.02E-06 002.3 302.0  74.5 0.002641 0.003302 0.000363 hargrave 2020-02-05 15:51:18 
ARM    184.4  38.5 184.4  38.5 9.99E-07 002.4 296.9  74.4 0.002645 0.003291 0.000450 hargrave 2020-02-05 15:52:17 
ARM    184.0  40.5 184.0  40.5 9.94E-07 002.4 289.8  75.4 0.002534 0.003277 0.000393 hargrave 2020-02-05 15:53:15 
ARM    185.3  38.2 185.3  38.2 8.66E-07 002.7 299.2  74.8 0.002624 0.003200 0.000474 hargrave 2020-02-05 15:54:18 
ARM    181.0  34.2 181.0  34.2 7.33E-07 002.8 301.1  69.5 0.002068 0.002925 0.000709 hargrave 2020-02-05 15:55:18 
ARM    190.3  40.2 190.3  40.2 9.93E-07 002.5 304.2  79.0 0.002547 0.003441 0.000279 hargrave 2020-02-05 15:56:21 
ARM    194.8  37.6 194.8  37.6 1.08E-06 002.0 327.3  79.1 0.002164 0.003088 0.000424 hargrave 2020-02-05 15:57:20 
ARM    205.0  31.3 205.0  31.3 8.97E-07 003.1 008.7  74.1 0.002904 0.003878 0.000240 hargrave 2020-02-05 15:58:19 
ARM    187.2  21.1 187.2  21.1 5.50E-07 003.9 329.8  61.4 0.001904 0.003292 0.000674 hargrave 2020-02-05 15:59:18 
ARM    193.2  39.0 193.2  39.0 8.17E-07 002.9 317.1  79.7 0.002096 0.003583 0.000614 hargrave 2020-02-05 16:00:17 
ARM    173.3  33.8 173.3  33.8 9.03E-07 002.6 290.8  64.6 0.002132 0.003680 0.000594 hargrave 2020-02-05 16:01:16 
ARM    156.0  67.2 156.0  67.2 8.87E-07 003.1 212.9  59.0 0.002123 0.004303 0.000295 hargrave 2020-02-05 16:02:15 
ARM    032.4  10.4 032.4  10.4 4.89E-07 004.8 191.8 -31.9 0.001733 0.003783 0.000829 hargrave 2020-02-05 16:03:14 
ARM    181.0  16.4 181.0  16.4 1.03E-06 002.8 323.0  54.7 0.002893 0.003803 0.001783 hargrave 2020-02-05 16:04:13 
ARM    183.6 -06.9 183.6 -06.9 3.62E-07 008.6 337.6  33.6 0.002817 0.004356 0.002128 hargrave 2020-02-05 16:06:55 
ARM    202.8 -07.2 202.8 -07.2 6.01E-07 003.6 000.7  35.7 0.002705 0.002969 0.001254 hargrave 2020-02-05 16:07:54 
ARM    348.6 -61.5 348.6 -61.5 8.15E-07 002.0 040.7 -66.0 0.001287 0.002701 0.000215 hargrave 2020-02-05 16:08:53 
ARM    116.2 -64.6 116.2 -64.6 1.42E-06 000.9 326.2 -39.8 0.002402 0.002593 0.001549 hargrave 2020-02-05 16:09:56 
ARM    046.0 -59.6 046.0 -59.6 1.63E-06 000.6 320.7 -71.2 0.000483 0.001836 0.002306 hargrave 2020-02-05 16:10:55 
ARM    069.5 -69.3 069.5 -69.3 1.61E-06 000.8 330.6 -58.0 0.002108 0.001711 0.001467 hargrave 2020-02-05 16:11:54 
ARM    343.4 -71.2 343.4 -71.2 1.90E-06 001.0 023.7 -59.7 0.003614 0.002213 0.002236 hargrave 2020-02-05 16:12:53 
ARM    157.4 -71.8 157.4 -71.8 1.78E-06 000.7 344.8 -32.9 0.003938 0.001827 0.001813 hargrave 2020-02-05 16:13:52 
ARM    303.0 -63.7 303.0 -63.7 1.22E-06 001.6 038.3 -45.4 0.003699 0.002425 0.002869 hargrave 2020-02-05 16:14:51 
ARM    164.6 -53.2 164.6 -53.2 8.54E-07 001.5 337.8 -15.2 0.002278 0.001006 0.002383 hargrave 2020-02-05 16:15:51 
ARM    104.6 -69.6 104.6 -69.6 2.66E-06 001.1 330.3 -45.8 0.003737 0.004401 0.002944 hargrave 2020-02-05 16:16:50 
ARM    157.3 -84.1 157.3 -84.1 1.68E-06 001.8 354.3 -42.6 0.004002 0.004079 0.003064 hargrave 2020-02-05 16:17:49 
ARM    100.4 -70.6 100.4 -70.6 2.93E-06 001.2 331.3 -47.4 0.004519 0.005700 0.003799 hargrave 2020-02-05 16:18:48 
ARM    068.6 -66.5 068.6 -66.5 2.07E-06 001.3 325.7 -59.1 0.002964 0.004482 0.001693 hargrave 2020-02-05 16:19:47 
ARM    290.4 -71.3 290.4 -71.3 1.51E-06 002.0 026.1 -43.3 0.003772 0.004400 0.000879 hargrave 2020-02-05 16:20:46 
ARM    003.2 -68.4 003.2 -68.4 1.92E-06 001.0 017.5 -66.5 0.003035 0.001434 0.002407 hargrave 2020-02-05 16:21:45 
ARM    072.7 -69.0 072.7 -69.0 2.35E-06 000.7 329.4 -56.9 0.002089 0.002714 0.002531 hargrave 2020-02-05 16:22:44 
ARM    101.2 -45.9 101.2 -45.9 3.53E-06 001.1 299.9 -38.0 0.002445 0.008886 0.003349 hargrave 2020-02-05 16:23:44 
ARM    071.7 -50.4 071.7 -50.4 2.54E-06 001.3 294.6 -57.8 0.002281 0.005873 0.002974 hargrave 2020-02-05 16:24:43 
ARM    106.6 -41.7 106.6 -41.7 3.76E-06 000.7 298.3 -32.5 0.000129 0.007784 0.003112 hargrave 2020-02-05 16:25:42 
AFz 10 106.4 -41.7 106.4 -41.7 3.76E-06 000.7 298.3 -32.5 0.000406 0.007813 0.003070 hargrave 2020-02-05 16:26:38 
AFz 20 106.4 -41.8 106.4 -41.8 3.75E-06 000.7 298.3 -32.6 0.000252 0.007685 0.003093 hargrave 2020-02-05 16:27:34 
AFz 30 106.3 -41.6 106.3 -41.6 3.77E-06 000.7 298.0 -32.5 0.000925 0.008120 0.002934 hargrave 2020-02-05 16:28:30 
AFz 40 106.2 -41.8 106.2 -41.8 3.78E-06 000.7 298.2 -32.7 0.000431 0.007967 0.003038 hargrave 2020-02-05 16:29:26 
AFz 50 105.7 -42.0 105.7 -42.0 3.76E-06 001.0 298.2 -33.2 0.001346 0.010513 0.003147 hargrave 2020-02-05 16:30:23 
AFz 60 105.9 -41.9 105.9 -41.9 3.78E-06 000.7 298.1 -32.9 0.000935 0.008211 0.003003 hargrave 2020-02-05 16:31:27 
AFz 70 106.7 -41.1 106.7 -41.1 3.75E-06 000.8 297.8 -32.1 0.000446 0.007671 0.003131 hargrave 2020-02-05 16:32:25 
AFz 80 106.0 -41.3 106.0 -41.3 3.80E-06 000.6 297.7 -32.6 0.000742 0.007938 0.003122 hargrave 2020-02-05 16:33:21 
AFz 90 107.1 -41.2 107.1 -41.2 3.57E-06 000.7 298.1 -31.8 0.000585 0.007419 0.002837 hargrave 2020-02-05 16:34:17 
AFz100 107.2 -41.6 107.2 -41.6 3.70E-06 000.7 298.5 -32.0 0.000495 0.007769 0.002986 hargrave 2020-02-05 16:35:13 
AFz120 100.9 -41.9 100.9 -41.9 3.79E-06 000.7 295.5 -36.0 0.000343 0.007581 0.002919 hargrave 2020-02-05 16:36:09 
AFz140 104.9 -39.5 104.9 -39.5 3.67E-06 000.7 295.4 -32.2 0.000662 0.007568 0.002943 hargrave 2020-02-05 16:37:05 
AFz160 101.6 -41.7 101.6 -41.7 3.72E-06 000.7 295.7 -35.5 0.000456 0.007402 0.003093 hargrave 2020-02-05 16:38:00 
AFz180 097.8 -44.2 097.8 -44.2 3.64E-06 000.7 296.5 -39.1 0.000380 0.007033 0.003031 hargrave 2020-02-05 16:38:56 
AFz200 101.1 -42.9 101.1 -42.9 3.82E-06 000.7 296.7 -36.5 0.000314 0.007585 0.003284 hargrave 2020-02-05 16:39:52 
AFz250 110.4 -36.5 110.4 -36.5 3.51E-06 000.6 295.8 -26.9 0.001121 0.007758 0.003314 hargrave 2020-02-05 16:40:48 
AFz300 111.8 -37.9 111.8 -37.9 3.18E-06 000.5 297.7 -27.0 0.003506 0.007032 0.002309 hargrave 2020-02-05 16:41:49 
AFz350 110.0 -36.4 110.0 -36.4 3.27E-06 000.7 295.4 -27.1 0.000700 0.006826 0.002910 hargrave 2020-02-05 16:42:45 
AFz400 103.0 -39.7 103.0 -39.7 3.49E-06 000.8 294.5 -33.4 0.001074 0.006888 0.002694 hargrave 2020-02-05 16:43:41 
AFz450 100.7 -37.0 100.7 -37.0 3.13E-06 000.6 290.6 -33.2 0.000703 0.006308 0.002699 hargrave 2020-02-05 16:44:37 
AFz500 091.8 -56.5 091.8 -56.5 2.51E-06 000.7 309.6 -47.8 0.001887 0.004629 0.002242 hargrave 2020-02-05 16:45:37 
AFz550 113.5 -71.4 113.5 -71.4 1.65E-06 001.7 334.0 -43.5 0.003392 0.005128 0.000848 hargrave 2020-02-05 16:46:33 
AFz600 101.8 -23.2 101.8 -23.2 2.15E-06 000.9 279.3 -23.7 0.001578 0.006967 0.002190 hargrave 2020-02-05 16:47:32 
AFz650 099.0 -39.0 099.0 -39.0 3.07E-06 000.5 291.6 -35.6 0.000877 0.005491 0.002503 hargrave 2020-02-05 16:48:28 
AFz700 115.5 -55.0 115.5 -55.0 2.00E-06 001.0 315.5 -35.2 0.003462 0.004971 0.002420 hargrave 2020-02-05 16:49:24 
AFz750 117.8 -50.3 117.8 -50.3 2.64E-06 001.1 311.9 -31.4 0.002878 0.006530 0.003253 hargrave 2020-02-05 16:50:20 
AFz800 098.6 -23.0 098.6 -23.0 2.93E-06 001.1 276.9 -25.7 0.002251 0.008691 0.002845 hargrave 2020-02-05 16:51:20 
AFz850 109.3 -48.0 109.3 -48.0 2.33E-06 001.4 305.8 -34.5 0.002521 0.007733 0.002273 hargrave 2020-02-05 16:52:16 
AFz900 140.7 -48.2 140.7 -48.2 1.84E-06 001.1 321.7 -19.2 0.002566 0.005092 0.001693 hargrave 2020-02-05 16:53:13 
AFz950 123.8 -41.5 123.8 -41.5 3.24E-06 001.2 307.5 -22.4 0.002777 0.009878 0.002973 hargrave 2020-02-05 16:54:09 
AFz000 158.3 -32.1 158.3 -32.1 2.23E-06 001.3 324.0  01.6 0.004971 0.007342 0.001967 hargrave 2020-02-05 16:55:05 
AFz050 197.5 -61.0 197.5 -61.0 2.85E-06 001.2 357.6 -18.1 0.009230 0.005908 0.001758 hargrave 2020-02-05 16:56:01 
AFz100 099.6 -71.4 099.6 -71.4 2.95E-06 000.9 332.4 -47.8 0.003149 0.004649 0.002437 hargrave 2020-02-05 16:56:57 
AFz150 107.9 -55.8 107.9 -55.8 1.99E-06 001.1 313.6 -39.4 0.002532 0.004544 0.002262 hargrave 2020-02-05 16:57:53 
AFz200 199.8 -58.7 199.8 -58.7 1.84E-06 001.3 358.7 -15.7 0.007101 0.003889 0.001993 hargrave 2020-02-05 16:58:49 
AFz250 032.4 -59.9 032.4 -59.9 3.71E-06 000.4 338.8 -75.8 0.001683 0.002500 0.002850 hargrave 2020-02-05 16:59:45 
AFz300 128.0 -37.9 128.0 -37.9 2.35E-06 000.9 307.2 -17.6 0.002599 0.006632 0.002806 hargrave 2020-02-05 17:00:41 
AFz500 136.8 -55.9 136.8 -55.9 2.51E-06 000.8 325.3 -26.5 0.003715 0.005532 0.002770 hargrave 2020-02-05 17:01:37 
ARM    113.8 -62.8 113.8 -62.8 2.94E-06 001.0 323.4 -39.9 0.002091 0.005739 0.003807 hargrave 2020-02-05 17:02:36 
ARM    126.3 -57.6 126.3 -57.6 2.33E-06 000.7 322.3 -31.9 0.003465 0.004553 0.002567 hargrave 2020-02-05 17:03:35 
ARM    138.5 -50.8 138.5 -50.8 3.15E-06 000.8 322.3 -22.0 0.003513 0.006195 0.004188 hargrave 2020-02-05 17:04:34 
ARM    051.6 -55.5 051.6 -55.5 6.57E-06 000.7 306.0 -69.9 0.002416 0.006896 0.005729 hargrave 2020-02-05 17:05:34 
ARM    028.5 -49.4 028.5 -49.4 2.80E-05 000.5 302.1 -85.2 0.014336 0.016089 0.013795 hargrave 2020-02-05 17:06:33 
ARM  1 025.2 -46.7 025.2 -46.7 5.35E-05 000.5 261.4 -87.9 0.031735 0.030003 0.023617 hargrave 2020-02-05 17:07:32 
ARM  1 025.0 -47.3 025.0 -47.3 7.44E-05 000.5 279.1 -88.1 0.043127 0.040920 0.031634 hargrave 2020-02-05 17:08:31 
ARM  1 024.8 -46.8 024.8 -46.8 9.78E-05 000.5 265.0 -88.2 0.058039 0.054941 0.040625 hargrave 2020-02-05 17:09:30 
ARM  1 024.9 -46.6 024.9 -46.6 1.21E-04 000.5 258.4 -88.1 0.073477 0.068015 0.050658 hargrave 2020-02-05 17:10:29 
ARM  1 024.8 -46.1 024.8 -46.1 1.43E-04 000.5 244.4 -88.0 0.088628 0.080482 0.058982 hargrave 2020-02-05 17:11:28 
ARM  1 024.6 -46.3 024.6 -46.3 1.97E-04 000.4 249.0 -88.2 0.110591 0.103395 0.081743 hargrave 2020-02-05 17:12:31 
ARM  2 024.6 -46.1 024.6 -46.1 2.50E-04 000.4 243.0 -88.1 0.144924 0.129335 0.101003 hargrave 2020-02-05 17:13:30 
ARM  2 024.5 -45.9 024.5 -45.9 3.05E-04 000.5 236.6 -88.1 0.179997 0.159246 0.123575 hargrave 2020-02-05 17:14:29 
ARM  2 024.5 -45.9 024.5 -45.9 3.60E-04 000.5 236.3 -88.1 0.215467 0.195945 0.149329 hargrave 2020-02-05 17:15:31 
ARM  2 024.3 -45.8 024.3 -45.8 4.65E-04 000.5 231.4 -88.1 0.281105 0.247158 0.186441 hargrave 2020-02-05 17:16:30 
ARM  3 024.2 -45.8 024.2 -45.8 5.68E-04 000.5 229.2 -88.1 0.345731 0.305414 0.229826 hargrave 2020-02-05 17:17:29 
ARM  4 024.2 -45.7 024.2 -45.7 6.71E-04 000.5 228.1 -88.1 0.424794 0.353356 0.273017 hargrave 2020-02-05 17:18:28 
ARM  4 024.2 -45.8 024.2 -45.8 7.72E-04 000.5 229.3 -88.1 0.451773 0.421525 0.316807 hargrave 2020-02-05 17:19:28 
ARM  4 024.2 -45.7 024.2 -45.7 8.73E-04 000.5 228.7 -88.1 0.503080 0.478410 0.355149 hargrave 2020-02-05 17:20:27 
ARM  5 024.3 -45.7 024.3 -45.7 9.73E-04 000.5 228.8 -88.1 0.551316 0.570264 0.396591 hargrave 2020-02-05 17:21:26 
