AX2- 9b mag compass orientation (IGRF corrected)
      0 317.2  35.0   0.0   0.0   1.0
NRM    125.6  12.0 125.6  12.0 4.55E-06 001.0 253.7  03.3 0.006436 0.004150 0.002734 hargrave 2020-02-06 05:21:42 
AF  10 125.5  11.7 125.5  11.7 4.52E-06 000.8 253.8  03.0 0.005344 0.004372 0.002619 hargrave 2020-02-06 05:23:01 
AF  20 125.3  10.6 125.3  10.6 4.41E-06 000.9 254.2  02.0 0.005638 0.004262 0.002561 hargrave 2020-02-06 05:24:21 
AF  30 124.8  10.1 124.8  10.1 4.20E-06 000.9 254.1  01.3 0.005233 0.004559 0.002540 hargrave 2020-02-06 05:25:41 
AF  40 127.1  10.1 127.1  10.1 4.06E-06 000.7 256.0  02.5 0.004056 0.006750 0.002468 hargrave 2020-02-06 05:27:01 
AF  50 127.2  09.4 127.2  09.4 3.84E-06 000.9 256.4  02.0 0.004860 0.004250 0.002468 hargrave 2020-02-06 05:28:21 
AF  60 127.5  09.5 127.5  09.5 3.90E-06 000.8 256.7  02.3 0.004364 0.004539 0.002306 hargrave 2020-02-06 05:29:40 
AF  70 129.9  10.1 129.9  10.1 3.69E-06 000.7 258.3  04.1 0.003738 0.004236 0.002256 hargrave 2020-02-06 05:31:03 
AF  80 132.8  06.6 132.8  06.6 3.61E-06 000.7 262.6  02.9 0.003677 0.004011 0.002573 hargrave 2020-02-06 05:32:23 
AF  90 133.6  07.0 133.6  07.0 3.44E-06 000.7 263.0  03.7 0.003150 0.004724 0.002193 hargrave 2020-02-06 05:33:42 
AF 100 132.7  10.6 132.7  10.6 3.02E-06 000.7 260.2  06.1 0.003333 0.005978 0.001889 hargrave 2020-02-06 05:35:05 
AF 120 127.0  10.7 127.0  10.7 2.94E-06 000.9 255.6  03.1 0.003392 0.005217 0.001986 hargrave 2020-02-06 05:36:25 
AF 140 141.0  10.8 141.0  10.8 2.52E-06 000.9 266.8  11.0 0.002717 0.005343 0.001781 hargrave 2020-02-06 05:37:48 
AF 160 152.6 -00.5 152.6 -00.5 1.57E-06 001.6 283.0  08.4 0.003720 0.006100 0.001361 hargrave 2020-02-06 05:39:08 
AF 180 181.4  11.8 181.4  11.8 1.68E-06 002.1 302.2  34.0 0.004316 0.005148 0.001406 hargrave 2020-02-06 05:40:27 
AF 200 164.0 -35.4 164.0 -35.4 1.45E-06 001.7 311.0 -15.3 0.003158 0.004290 0.002117 hargrave 2020-02-06 05:41:47 
AF 250 076.6 -63.8 076.6 -63.8 3.11E-06 001.2 312.6 -72.9 0.003836 0.005226 0.002400 hargrave 2020-02-06 05:43:10 
AF 300 063.9 -58.4 063.9 -58.4 5.49E-06 000.6 297.3 -80.3 0.003303 0.004594 0.003505 hargrave 2020-02-06 05:44:30 
AF 350 045.2 -66.6 045.2 -66.6 7.86E-06 000.6 003.8 -78.3 0.007595 0.001112 0.003838 hargrave 2020-02-06 05:45:49 
AF 400 031.1 -64.1 031.1 -64.1 9.76E-06 000.5 035.0 -77.8 0.008787 0.002169 0.004462 hargrave 2020-02-06 05:47:09 
AF 450 048.7 -77.1 048.7 -77.1 1.22E-05 000.6 359.1 -67.9 0.010909 0.006029 0.008834 hargrave 2020-02-06 05:48:28 
AF 500 050.9 -71.5 050.9 -71.5 1.36E-05 000.5 355.9 -73.4 0.011228 0.005861 0.007991 hargrave 2020-02-06 05:49:51 
AF 550 073.1 -74.2 073.1 -74.2 1.49E-05 000.6 341.4 -68.2 0.011858 0.009025 0.010594 hargrave 2020-02-06 05:51:11 
AF 600 048.1 -83.1 048.1 -83.1 1.46E-05 000.5 359.8 -61.9 0.012256 0.007496 0.009739 hargrave 2020-02-06 05:52:32 
AF 650 024.8 -84.3 024.8 -84.3 1.42E-05 001.0 004.4 -60.2 0.024598 0.008238 0.009560 hargrave 2020-02-06 05:53:52 
AF 700 299.3 -88.5 299.3 -88.5 1.57E-05 001.0 002.5 -54.5 0.027937 0.011346 0.012969 hargrave 2020-02-06 05:55:11 
AF 750 194.6 -83.4 194.6 -83.4 1.80E-05 001.0 354.6 -49.3 0.029172 0.019836 0.016055 hargrave 2020-02-06 05:56:30 
AF 800 353.4 -88.2 353.4 -88.2 2.15E-05 001.0 002.6 -56.0 0.034300 0.017475 0.018308 hargrave 2020-02-06 05:57:50 
AF 850 183.9 -88.3 183.9 -88.3 2.30E-05 001.0 358.0 -53.7 0.038686 0.022789 0.022158 hargrave 2020-02-06 05:59:10 
AF 900 196.8 -88.1 196.8 -88.1 2.73E-05 001.0 358.4 -53.4 0.045585 0.027394 0.025416 hargrave 2020-02-06 06:00:30 
AF 950 025.1 -86.9 025.1 -86.9 3.21E-05 001.0 002.2 -57.9 0.049238 0.028743 0.028067 hargrave 2020-02-06 06:01:53 
AF1000 068.2 -84.5 068.2 -84.5 3.37E-05 001.0 356.0 -60.1 0.049925 0.032771 0.029946 hargrave 2020-02-06 06:03:13 
AF1050 031.3 -83.4 031.3 -83.4 3.84E-05 000.9 003.8 -61.3 0.055558 0.027901 0.033226 hargrave 2020-02-06 06:04:37 
AF1100 049.8 -82.7 049.8 -82.7 3.95E-05 001.1 359.3 -62.2 0.062365 0.037982 0.035684 hargrave 2020-02-06 06:05:58 
AF1150 058.1 -80.5 058.1 -80.5 4.31E-05 000.9 355.9 -64.2 0.055789 0.034166 0.037543 hargrave 2020-02-06 06:07:19 
AF1200 052.5 -78.1 052.5 -78.1 4.61E-05 000.9 357.2 -66.9 0.057442 0.040146 0.038749 hargrave 2020-02-06 06:08:44 
AF1250 051.9 -76.6 051.9 -76.6 4.84E-05 000.9 357.0 -68.4 0.060183 0.037781 0.040647 hargrave 2020-02-06 06:10:05 
AF1300 049.7 -77.7 049.7 -77.7 5.37E-05 000.9 358.6 -67.3 0.074234 0.031845 0.044631 hargrave 2020-02-06 06:11:27 
ARM    050.2 -77.8 050.2 -77.8 5.38E-05 000.8 358.4 -67.2 0.073780 0.024589 0.044785 hargrave 2020-02-06 06:12:27 
ARM    050.1 -77.8 050.1 -77.8 5.38E-05 000.8 358.4 -67.2 0.073850 0.024318 0.044768 hargrave 2020-02-06 06:13:26 
ARM    050.1 -77.7 050.1 -77.7 5.37E-05 000.8 358.4 -67.3 0.073616 0.024555 0.044754 hargrave 2020-02-06 06:14:25 
ARM    050.1 -77.7 050.1 -77.7 5.37E-05 000.8 358.4 -67.3 0.073436 0.024602 0.044555 hargrave 2020-02-06 06:15:24 
ARM    050.3 -77.7 050.3 -77.7 5.36E-05 000.8 358.3 -67.3 0.073451 0.024653 0.044604 hargrave 2020-02-06 06:16:22 
ARM    050.2 -77.6 050.2 -77.6 5.35E-05 000.8 358.3 -67.4 0.072977 0.024467 0.044395 hargrave 2020-02-06 06:17:21 
ARM    050.5 -77.6 050.5 -77.6 5.34E-05 000.8 358.1 -67.4 0.072756 0.024133 0.044278 hargrave 2020-02-06 06:18:21 
ARM    051.0 -77.6 051.0 -77.6 5.30E-05 000.8 357.9 -67.3 0.072453 0.024158 0.044024 hargrave 2020-02-06 06:19:20 
ARM    051.4 -77.6 051.4 -77.6 5.28E-05 000.8 357.7 -67.3 0.073004 0.021330 0.043723 hargrave 2020-02-06 06:20:19 
ARM    052.1 -77.5 052.1 -77.5 5.24E-05 001.0 357.2 -67.5 0.075094 0.035039 0.043522 hargrave 2020-02-06 06:21:17 
ARM    053.8 -77.4 053.8 -77.4 5.18E-05 001.0 356.2 -67.5 0.074385 0.035387 0.043289 hargrave 2020-02-06 06:22:16 
ARM    057.8 -77.2 057.8 -77.2 5.03E-05 000.9 353.9 -67.5 0.064703 0.046808 0.042266 hargrave 2020-02-06 06:23:15 
ARM    063.6 -76.8 063.6 -76.8 4.85E-05 001.0 350.4 -67.4 0.061878 0.048160 0.041102 hargrave 2020-02-06 06:24:14 
ARM    067.3 -77.2 067.3 -77.2 4.62E-05 001.0 349.0 -66.6 0.060420 0.048311 0.039471 hargrave 2020-02-06 06:25:13 
ARM    071.0 -75.7 071.0 -75.7 4.52E-05 001.0 345.0 -67.4 0.058261 0.047896 0.038599 hargrave 2020-02-06 06:26:11 
ARM    086.5 -72.9 086.5 -72.9 4.14E-05 001.0 332.8 -66.0 0.052513 0.051108 0.035756 hargrave 2020-02-06 06:27:10 
ARM    097.2 -66.3 097.2 -66.3 3.70E-05 001.1 315.6 -63.9 0.045112 0.052091 0.032000 hargrave 2020-02-06 06:28:09 
ARM    102.8 -58.1 102.8 -58.1 3.48E-05 001.1 299.1 -60.1 0.039163 0.051834 0.028741 hargrave 2020-02-06 06:29:08 
ARM    102.8 -50.7 102.8 -50.7 3.37E-05 001.0 286.1 -57.0 0.036423 0.049051 0.026752 hargrave 2020-02-06 06:30:07 
ARM    107.9 -39.9 107.9 -39.9 3.12E-05 001.0 275.2 -47.8 0.037171 0.046293 0.025219 hargrave 2020-02-06 06:31:07 
ARM    107.1 -31.3 107.1 -31.3 3.33E-05 000.7 265.9 -42.1 0.024968 0.020781 0.025370 hargrave 2020-02-06 06:32:06 
ARM    094.1 -35.3 094.1 -35.3 4.42E-05 000.6 258.1 -52.4 0.031331 0.025217 0.025971 hargrave 2020-02-06 06:33:05 
ARM    108.5 -16.9 108.5 -16.9 3.70E-05 000.7 256.0 -30.1 0.030413 0.020586 0.026023 hargrave 2020-02-06 06:34:03 
ARM    104.9 -15.3 104.9 -15.3 4.11E-05 000.7 251.6 -30.8 0.035602 0.020027 0.028330 hargrave 2020-02-06 06:35:02 
ARM    109.6 -07.8 109.6 -07.8 4.20E-05 000.7 251.3 -22.0 0.042194 0.018956 0.030314 hargrave 2020-02-06 06:36:01 
ARM    107.3 -05.4 107.3 -05.4 4.59E-05 001.1 247.8 -21.2 0.067026 0.047145 0.033263 hargrave 2020-02-06 06:37:00 
ARM    109.7 -01.6 109.7 -01.6 4.79E-05 000.9 247.8 -16.7 0.066443 0.038634 0.035218 hargrave 2020-02-06 06:37:59 
ARM    107.9 -00.0 107.9 -00.0 5.09E-05 000.7 245.3 -16.3 0.065761 0.029115 0.036472 hargrave 2020-02-06 06:38:58 
ARM    110.8  04.7 110.8  04.7 5.38E-05 000.4 245.3 -10.8 0.013563 0.026678 0.039668 hargrave 2020-02-06 06:39:57 
ARM    109.0  00.3 109.0  00.3 5.63E-05 000.4 246.1 -15.4 0.013885 0.024490 0.039988 hargrave 2020-02-06 06:40:56 
ARM    110.2  05.4 110.2  05.4 5.73E-05 000.5 244.4 -10.5 0.009916 0.035264 0.042260 hargrave 2020-02-06 06:41:55 
ARM    109.7  02.0 109.7  02.0 5.89E-05 000.5 245.8 -13.7 0.016378 0.036145 0.042241 hargrave 2020-02-06 06:42:54 
ARM    112.6  06.7 112.6  06.7 5.99E-05 000.5 245.8 -08.1 0.016426 0.038022 0.043809 hargrave 2020-02-06 06:43:52 
ARM    108.0  02.0 108.0  02.0 6.26E-05 000.4 244.3 -14.6 0.008498 0.036689 0.044001 hargrave 2020-02-06 06:44:51 
ARM    111.3  06.1 111.3  06.1 6.32E-05 000.5 245.0 -09.3 0.013105 0.039590 0.045296 hargrave 2020-02-06 06:45:50 
ARM    109.4  05.7 109.4  05.7 6.50E-05 000.4 243.5 -10.6 0.016145 0.023396 0.046209 hargrave 2020-02-06 06:46:49 
ARM    107.5  02.0 107.5  02.0 6.79E-05 000.7 243.9 -14.8 0.060927 0.047589 0.046934 hargrave 2020-02-06 06:47:48 
AFz 10 107.6  02.0 107.6  02.0 6.78E-05 000.7 243.9 -14.8 0.057007 0.044888 0.046760 hargrave 2020-02-06 06:48:44 
AFz 20 107.6  02.0 107.6  02.0 6.78E-05 000.7 243.9 -14.8 0.058413 0.047094 0.047117 hargrave 2020-02-06 06:49:40 
AFz 30 107.6  01.9 107.6  01.9 6.77E-05 000.7 244.0 -14.8 0.047087 0.042422 0.047086 hargrave 2020-02-06 06:50:36 
AFz 40 107.7  01.9 107.7  01.9 6.78E-05 000.7 244.1 -14.8 0.057559 0.046462 0.046851 hargrave 2020-02-06 06:51:32 
AFz 50 107.6  02.0 107.6  02.0 6.80E-05 000.6 244.0 -14.8 0.028359 0.060138 0.046965 hargrave 2020-02-06 06:52:32 
AFz 60 107.7  02.0 107.7  02.0 6.78E-05 000.7 244.0 -14.7 0.055650 0.044213 0.046812 hargrave 2020-02-06 06:53:28 
AFz 70 107.6  02.0 107.6  02.0 6.78E-05 000.8 244.0 -14.8 0.064218 0.047486 0.046751 hargrave 2020-02-06 06:54:25 
AFz 80 107.6  02.0 107.6  02.0 6.78E-05 000.8 244.0 -14.8 0.063956 0.047728 0.046992 hargrave 2020-02-06 06:55:21 
AFz 90 107.6  01.9 107.6  01.9 6.78E-05 000.7 244.0 -14.8 0.059713 0.047509 0.046922 hargrave 2020-02-06 06:56:18 
AFz100 107.6  01.9 107.6  01.9 6.78E-05 000.5 244.0 -14.8 0.003033 0.059973 0.047370 hargrave 2020-02-06 06:57:18 
AFz120 107.8  02.0 107.8  02.0 6.77E-05 000.7 244.2 -14.6 0.063384 0.046924 0.047127 hargrave 2020-02-06 06:58:14 
AFz140 107.9  02.2 107.9  02.2 6.77E-05 000.8 244.2 -14.4 0.062291 0.047995 0.046471 hargrave 2020-02-06 06:59:11 
AFz160 107.9  02.2 107.9  02.2 6.75E-05 000.7 244.2 -14.4 0.063428 0.047002 0.046078 hargrave 2020-02-06 07:00:07 
AFz180 107.6  01.9 107.6  01.9 6.78E-05 000.8 244.0 -14.8 0.067104 0.048253 0.047064 hargrave 2020-02-06 07:01:03 
AFz200 107.6  01.6 107.6  01.6 6.78E-05 000.7 244.2 -15.1 0.056107 0.047075 0.046708 hargrave 2020-02-06 07:02:00 
AFz250 108.5  02.3 108.5  02.3 6.75E-05 000.7 244.6 -14.0 0.061059 0.047266 0.046817 hargrave 2020-02-06 07:02:56 
AFz300 107.9  01.5 107.9  01.5 6.80E-05 000.8 244.5 -15.0 0.064588 0.049216 0.047047 hargrave 2020-02-06 07:03:53 
AFz350 110.1  04.5 110.1  04.5 6.76E-05 000.8 244.8 -11.3 0.064939 0.047083 0.048017 hargrave 2020-02-06 07:04:49 
AFz400 112.4  07.0 112.4  07.0 6.66E-05 000.7 245.5 -08.0 0.048603 0.045660 0.047560 hargrave 2020-02-06 07:05:46 
AFz450 108.5  01.1 108.5  01.1 6.85E-05 000.7 245.2 -15.0 0.048781 0.049716 0.047873 hargrave 2020-02-06 07:06:43 
AFz500 111.9  05.7 111.9  05.7 6.75E-05 000.8 245.8 -09.4 0.065329 0.049010 0.048140 hargrave 2020-02-06 07:07:39 
AFz550 107.7  00.9 107.7  00.9 6.91E-05 000.8 244.7 -15.6 0.064496 0.049899 0.048634 hargrave 2020-02-06 07:08:35 
AFz600 108.9  02.2 108.9  02.2 6.85E-05 000.7 245.0 -13.9 0.062082 0.050060 0.048257 hargrave 2020-02-06 07:09:32 
AFz650 110.4  04.8 110.4  04.8 6.82E-05 000.8 245.0 -10.9 0.065607 0.049140 0.048327 hargrave 2020-02-06 07:10:28 
AFz700 107.5  01.5 107.5  01.5 6.83E-05 000.8 244.2 -15.3 0.064434 0.049560 0.048331 hargrave 2020-02-06 07:11:25 
AFz750 109.1  03.1 109.1  03.1 6.82E-05 000.8 244.7 -13.0 0.066919 0.048003 0.047813 hargrave 2020-02-06 07:12:21 
AFz800 108.3  01.1 108.3  01.1 6.77E-05 000.8 245.1 -15.2 0.063844 0.050085 0.046742 hargrave 2020-02-06 07:13:17 
AFz850 110.9  02.5 110.9  02.5 6.74E-05 000.7 246.6 -12.6 0.056550 0.049828 0.047483 hargrave 2020-02-06 07:14:14 
AFz900 110.0  03.5 110.0  03.5 6.85E-05 000.7 245.3 -12.2 0.061126 0.048409 0.048882 hargrave 2020-02-06 07:15:10 
AFz950 112.1  06.7 112.1  06.7 6.62E-05 000.8 245.3 -08.4 0.060486 0.049009 0.047171 hargrave 2020-02-06 07:16:07 
AFz000 110.3  04.9 110.3  04.9 6.66E-05 000.7 244.8 -10.8 0.049154 0.045092 0.046641 hargrave 2020-02-06 07:17:03 
AFz050 111.7  03.9 111.7  03.9 6.64E-05 000.7 246.5 -11.0 0.043552 0.049171 0.047358 hargrave 2020-02-06 07:18:00 
AFz100 109.8  03.2 109.8  03.2 6.73E-05 000.8 245.2 -12.6 0.059465 0.049021 0.047521 hargrave 2020-02-06 07:18:56 
AFz150 111.9  06.1 111.9  06.1 6.52E-05 000.8 245.5 -09.0 0.061093 0.048089 0.046555 hargrave 2020-02-06 07:19:53 
AFz200 112.4  07.3 112.4  07.3 6.70E-05 000.8 245.4 -07.7 0.073410 0.046525 0.048272 hargrave 2020-02-06 07:20:49 
AFz250 111.8  06.6 111.8  06.6 6.61E-05 000.8 245.2 -08.6 0.061084 0.048148 0.046937 hargrave 2020-02-06 07:21:46 
AFz300 110.8  06.8 110.8  06.8 6.73E-05 000.8 244.2 -09.0 0.072169 0.046231 0.047692 hargrave 2020-02-06 07:22:42 
AFz500 110.8  06.1 110.8  06.1 6.79E-05 000.7 244.6 -09.6 0.062252 0.048107 0.048463 hargrave 2020-02-06 07:23:38 
ARM    111.7  07.3 111.7  07.3 6.74E-05 000.7 244.7 -08.1 0.058560 0.043260 0.048916 hargrave 2020-02-06 07:24:38 
ARM    111.1  06.6 111.1  06.6 6.73E-05 000.8 244.6 -09.1 0.066959 0.046710 0.048224 hargrave 2020-02-06 07:25:37 
ARM    111.9  07.4 111.9  07.4 6.73E-05 000.6 244.8 -08.0 0.041604 0.053112 0.048973 hargrave 2020-02-06 07:26:40 
ARM    090.6 -23.5 090.6 -23.5 9.42E-05 000.6 243.2 -45.1 0.061768 0.064279 0.050282 hargrave 2020-02-06 07:27:39 
ARM    066.7 -43.9 066.7 -43.9 2.28E-04 000.4 236.7 -73.2 0.075533 0.115694 0.070947 hargrave 2020-02-06 07:28:39 
ARM  1 058.6 -48.0 058.6 -48.0 3.87E-04 000.3 230.1 -80.0 0.115112 0.134353 0.103384 hargrave 2020-02-06 07:29:39 
ARM  1 055.3 -49.4 055.3 -49.4 5.31E-04 000.3 225.0 -82.5 0.170991 0.194071 0.138349 hargrave 2020-02-06 07:30:39 
ARM  1 053.0 -50.2 053.0 -50.2 6.84E-04 000.3 219.1 -84.1 0.253972 0.219065 0.173691 hargrave 2020-02-06 07:31:38 
ARM  1 051.5 -50.7 051.5 -50.7 8.46E-04 000.3 213.1 -85.0 0.335876 0.299390 0.213141 hargrave 2020-02-06 07:32:37 
ARM  1 050.5 -51.0 050.5 -51.0 1.00E-03 000.3 208.1 -85.6 0.385980 0.362901 0.249985 hargrave 2020-02-06 07:33:37 
ARM  1 049.0 -51.5 049.0 -51.5 1.38E-03 000.3 198.0 -86.4 0.565842 0.507090 0.350218 hargrave 2020-02-06 07:35:26 
ARM  2 048.1 -51.8 048.1 -51.8 1.76E-03 000.3 189.9 -86.7 0.733975 0.641743 0.444162 hargrave 2020-02-06 07:36:25 
ARM  2 047.5 -51.9 047.5 -51.9 2.15E-03 000.3 183.9 -86.9 0.893461 0.840278 0.538889 hargrave 2020-02-06 07:37:25 
ARM  2 047.1 -52.0 047.1 -52.0 2.54E-03 000.3 179.1 -87.0 1.082775 0.961443 0.614183 hargrave 2020-02-06 07:38:24 
ARM  2 046.6 -52.2 046.6 -52.2 3.28E-03 000.3 172.5 -87.1 1.414693 1.248431 0.826949 hargrave 2020-02-06 07:39:23 
ARM  3 046.3 -52.2 046.3 -52.2 4.04E-03 000.3 168.4 -87.2 1.725611 1.543686 1.025764 hargrave 2020-02-06 07:40:26 
ARM  4 046.1 -52.3 046.1 -52.3 4.79E-03 000.3 165.7 -87.2 2.040067 1.822504 1.209308 hargrave 2020-02-06 07:41:26 
ARM  4 045.9 -52.3 045.9 -52.3 5.54E-03 000.3 163.4 -87.2 2.389639 2.103464 1.394108 hargrave 2020-02-06 07:42:25 
ARM  4 045.8 -52.3 045.8 -52.3 6.30E-03 000.3 161.7 -87.2 2.717859 2.410311 1.566158 hargrave 2020-02-06 07:43:24 
ARM  5 045.7 -52.4 045.7 -52.4 7.05E-03 000.3 160.6 -87.2 3.029410 2.681776 1.745405 hargrave 2020-02-06 07:44:24 
