AX2- 6b mag compass orientation (IGRF corrected)
      0  22.2  91.0   0.0   0.0   1.0
NRM    109.7  63.6 109.7  63.6 6.89E-07 001.2 178.8 -27.4 0.001605 0.001143 0.000454 hargrave 2020-02-05 22:08:30 
AF  10 114.7  64.3 114.7  64.3 6.92E-07 001.5 181.2 -26.7 0.001957 0.001236 0.000548 hargrave 2020-02-05 22:09:48 
AF  20 111.9  62.1 111.9  62.1 7.01E-07 001.7 179.8 -28.9 0.002112 0.001288 0.000716 hargrave 2020-02-05 22:11:08 
AF  30 114.5  63.4 114.5  63.4 7.26E-07 001.7 181.1 -27.6 0.002178 0.001310 0.000733 hargrave 2020-02-05 22:12:27 
AF  40 116.3  59.4 116.3  59.4 7.17E-07 001.6 182.4 -31.6 0.002137 0.001267 0.000568 hargrave 2020-02-05 22:13:46 
AF  50 122.8  60.8 122.8  60.8 7.38E-07 001.5 185.9 -29.6 0.002041 0.001246 0.000564 hargrave 2020-02-05 22:15:09 
AF  60 117.1  59.3 117.1  59.3 7.72E-07 001.2 182.9 -31.5 0.001639 0.001207 0.000679 hargrave 2020-02-05 22:16:29 
AF  70 129.0  57.0 129.0  57.0 7.83E-07 001.6 190.8 -32.4 0.002147 0.001199 0.000576 hargrave 2020-02-05 22:17:49 
AF  80 129.9  57.6 129.9  57.6 7.14E-07 001.7 191.1 -31.7 0.002216 0.001088 0.000632 hargrave 2020-02-05 22:19:11 
AF  90 130.7  59.0 130.7  59.0 6.68E-07 001.3 190.9 -30.2 0.001561 0.001009 0.000390 hargrave 2020-02-05 22:20:31 
AF 100 131.0  56.4 131.0  56.4 7.22E-07 001.6 192.2 -32.6 0.002147 0.001087 0.000529 hargrave 2020-02-05 22:21:54 
AF 120 138.6  54.5 138.6  54.5 8.16E-07 001.7 197.8 -32.3 0.002584 0.001105 0.000645 hargrave 2020-02-05 22:23:13 
AF 140 122.3  46.6 122.3  46.6 8.85E-07 001.2 189.5 -43.6 0.001890 0.000920 0.000468 hargrave 2020-02-05 22:24:33 
AF 160 119.4  52.6 119.4  52.6 1.00E-06 001.3 185.5 -38.0 0.002342 0.001446 0.000830 hargrave 2020-02-05 22:25:52 
AF 180 106.1  49.4 106.1  49.4 1.04E-06 001.1 174.7 -41.3 0.002072 0.001424 0.000805 hargrave 2020-02-05 22:27:12 
AF 200 093.9  46.3 093.9  46.3 8.73E-07 000.9 163.1 -41.9 0.001233 0.001289 0.000801 hargrave 2020-02-05 22:28:31 
AF 250 074.0  58.1 074.0  58.1 9.43E-07 001.4 158.8 -25.5 0.002360 0.002116 0.001083 hargrave 2020-02-05 22:29:50 
AF 300 105.9  33.1 105.9  33.1 9.67E-07 001.2 170.1 -57.4 0.002026 0.000827 0.000834 hargrave 2020-02-05 22:31:11 
AF 350 058.3  57.3 058.3  57.3 8.43E-07 001.4 152.5 -19.4 0.001350 0.002366 0.001566 hargrave 2020-02-05 22:32:30 
AF 400 078.1  57.6 078.1  57.6 8.93E-07 001.4 160.2 -27.3 0.001803 0.002470 0.001257 hargrave 2020-02-05 22:33:49 
AF 450 077.8  42.4 077.8  42.4 7.59E-07 001.4 147.9 -38.4 0.001556 0.002480 0.001018 hargrave 2020-02-05 22:35:09 
AF 500 049.3  20.7 049.3  20.7 3.54E-07 002.9 112.6 -25.6 0.001567 0.002590 0.000911 hargrave 2020-02-05 22:36:28 
AF 550 071.1  16.6 071.1  16.6 3.25E-07 003.8 113.5 -46.6 0.001555 0.002585 0.000658 hargrave 2020-02-05 22:37:47 
AF 600 033.2 -26.0 033.2 -26.0 6.25E-07 001.9 063.4 -09.4 0.001998 0.002135 0.000928 hargrave 2020-02-05 22:39:07 
AF 650 112.8  14.9 112.8  14.9 4.66E-07 002.7 182.5 -76.1 0.001488 0.001659 0.000381 hargrave 2020-02-05 22:40:26 
AF 700 021.7  00.7 021.7  00.7 7.67E-07 002.1 090.7  00.5 0.002520 0.003694 0.001043 hargrave 2020-02-05 22:41:45 
AF 750 290.8 -50.5 290.8 -50.5 1.07E-06 001.8 358.9  40.4 0.002800 0.002126 0.001169 hargrave 2020-02-05 22:43:05 
AF 800 307.6 -40.9 307.6 -40.9 4.06E-07 004.7 017.4  47.7 0.001666 0.002766 0.000840 hargrave 2020-02-05 22:44:25 
AF 850 291.3 -25.2 291.3 -25.2 1.49E-06 001.2 357.9  65.7 0.001946 0.002333 0.000328 hargrave 2020-02-05 22:45:45 
AF 900 301.8 -19.9 301.8 -19.9 9.35E-07 002.5 025.7  68.9 0.002344 0.003581 0.000460 hargrave 2020-02-05 22:47:04 
AF 950 287.9  02.3 287.9  02.3 1.82E-06 001.6 232.9  84.6 0.002746 0.004182 0.000287 hargrave 2020-02-05 22:48:24 
AF1000 323.9 -08.0 323.9 -08.0 1.60E-06 002.3 076.5  57.6 0.003623 0.005528 0.001449 hargrave 2020-02-05 22:49:44 
AF1050 314.4 -10.4 314.4 -10.4 2.00E-06 002.2 066.1  66.1 0.004526 0.006071 0.001550 hargrave 2020-02-05 22:51:04 
AF1100 303.9 -07.3 303.9 -07.3 1.22E-06 002.7 061.6  76.7 0.003172 0.004746 0.000958 hargrave 2020-02-05 22:52:24 
AF1150 313.7 -13.9 313.7 -13.9 1.87E-06 002.1 057.8  65.1 0.003673 0.005987 0.001868 hargrave 2020-02-05 22:53:44 
AF1200 307.8 -13.8 307.8 -13.8 1.46E-06 002.2 049.7  69.9 0.003075 0.004658 0.001190 hargrave 2020-02-05 22:55:05 
AF1250 295.0 -16.8 295.0 -16.8 1.67E-06 001.9 009.7  73.9 0.003353 0.004450 0.000930 hargrave 2020-02-05 22:56:26 
AF1300 298.4 -07.8 298.4 -07.8 1.74E-06 001.8 042.0  80.8 0.002924 0.004747 0.001605 hargrave 2020-02-05 22:57:52 
ARM    298.4 -07.7 298.4 -07.7 1.74E-06 001.8 042.2  80.9 0.002939 0.004768 0.001672 hargrave 2020-02-05 22:58:51 
ARM    298.4 -07.7 298.4 -07.7 1.74E-06 001.8 042.6  80.8 0.002977 0.004753 0.001578 hargrave 2020-02-05 22:59:50 
ARM    298.6 -07.8 298.6 -07.8 1.75E-06 001.8 042.7  80.7 0.003017 0.004770 0.001551 hargrave 2020-02-05 23:00:49 
ARM    298.7 -07.9 298.7 -07.9 1.75E-06 001.8 043.0  80.5 0.003012 0.004717 0.001625 hargrave 2020-02-05 23:01:47 
ARM    298.9 -08.0 298.9 -08.0 1.74E-06 002.0 043.3  80.3 0.003297 0.004935 0.001663 hargrave 2020-02-05 23:02:46 
ARM    299.5 -08.3 299.5 -08.3 1.72E-06 001.8 044.9  79.7 0.002908 0.004678 0.001593 hargrave 2020-02-05 23:03:45 
ARM    299.2 -08.5 299.2 -08.5 1.72E-06 001.9 042.7  79.8 0.002977 0.004674 0.001693 hargrave 2020-02-05 23:04:43 
ARM    299.2 -08.4 299.2 -08.4 1.73E-06 001.9 043.1  79.8 0.003258 0.004869 0.001650 hargrave 2020-02-05 23:05:42 
ARM    299.4 -08.6 299.4 -08.6 1.71E-06 001.9 043.1  79.6 0.003188 0.004757 0.001811 hargrave 2020-02-05 23:06:41 
ARM    298.9 -09.3 298.9 -09.3 1.67E-06 001.8 038.7  79.3 0.002801 0.004387 0.001563 hargrave 2020-02-05 23:07:40 
ARM    297.9 -10.4 297.9 -10.4 1.60E-06 001.7 031.0  79.0 0.002347 0.004104 0.001413 hargrave 2020-02-05 23:08:39 
ARM    298.7 -09.6 298.7 -09.6 1.75E-06 001.5 036.9  79.3 0.002518 0.003918 0.001582 hargrave 2020-02-05 23:09:38 
ARM    300.6 -12.5 300.6 -12.5 1.65E-06 001.7 035.5  75.8 0.002810 0.003919 0.001602 hargrave 2020-02-05 23:10:37 
ARM    300.7 -16.4 300.7 -16.4 1.63E-06 001.5 028.2  72.4 0.002634 0.003435 0.001490 hargrave 2020-02-05 23:11:36 
ARM    302.9 -19.9 302.9 -19.9 1.59E-06 001.6 028.2  68.4 0.002938 0.003333 0.001528 hargrave 2020-02-05 23:12:34 
ARM    314.6 -24.1 314.6 -24.1 1.67E-06 001.2 041.5  58.3 0.002564 0.002373 0.001608 hargrave 2020-02-05 23:13:33 
ARM    318.7 -26.3 318.7 -26.3 1.55E-06 001.1 042.9  54.1 0.002316 0.001733 0.001322 hargrave 2020-02-05 23:14:32 
ARM    335.1 -37.0 335.1 -37.0 1.14E-06 001.4 042.6  36.5 0.002379 0.001573 0.001320 hargrave 2020-02-05 23:15:30 
ARM    327.7 -38.3 327.7 -38.3 1.71E-06 001.5 036.8  40.5 0.004005 0.002395 0.001364 hargrave 2020-02-05 23:16:29 
ARM    349.8 -50.8 349.8 -50.8 1.49E-06 001.4 034.8  20.6 0.003293 0.001923 0.001011 hargrave 2020-02-05 23:17:28 
ARM    018.5 -49.8 018.5 -49.8 1.35E-06 001.6 040.2  03.1 0.002794 0.001996 0.001514 hargrave 2020-02-05 23:18:27 
ARM    072.4 -38.5 072.4 -38.5 1.72E-06 001.6 038.4 -36.2 0.002878 0.003597 0.001109 hargrave 2020-02-05 23:19:25 
ARM    045.3 -54.0 045.3 -54.0 1.13E-06 001.6 033.6 -12.5 0.001132 0.002931 0.000971 hargrave 2020-02-05 23:20:25 
ARM    075.5 -31.7 075.5 -31.7 1.34E-06 001.0 043.4 -42.3 0.001124 0.002015 0.000744 hargrave 2020-02-05 23:21:24 
ARM    059.4 -38.4 059.4 -38.4 1.51E-06 001.8 044.7 -27.6 0.002957 0.003619 0.000919 hargrave 2020-02-05 23:22:22 
ARM    065.2 -39.5 065.2 -39.5 1.89E-06 001.5 041.1 -31.0 0.003142 0.003922 0.000904 hargrave 2020-02-05 23:23:21 
ARM    070.4 -34.4 070.4 -34.4 2.11E-06 001.5 043.7 -37.3 0.003482 0.004240 0.001259 hargrave 2020-02-05 23:24:20 
ARM    074.9 -32.9 074.9 -32.9 2.14E-06 001.4 042.6 -41.1 0.002899 0.004180 0.001135 hargrave 2020-02-05 23:25:19 
ARM    072.8 -28.0 072.8 -28.0 1.65E-06 001.3 049.3 -42.4 0.001841 0.003212 0.000734 hargrave 2020-02-05 23:26:18 
ARM    046.3 -30.3 046.3 -30.3 1.70E-06 001.3 057.1 -20.1 0.002496 0.002720 0.001118 hargrave 2020-02-05 23:27:16 
ARM    071.6 -28.0 071.6 -28.0 2.28E-06 001.3 050.0 -41.4 0.003026 0.004222 0.001475 hargrave 2020-02-05 23:28:15 
ARM    073.9 -21.6 073.9 -21.6 2.13E-06 001.0 056.5 -46.3 0.001848 0.003517 0.000694 hargrave 2020-02-05 23:29:14 
ARM    079.3 -34.2 079.3 -34.2 1.91E-06 001.5 038.1 -43.2 0.002364 0.005031 0.000446 hargrave 2020-02-05 23:30:12 
ARM    088.6 -32.7 088.6 -32.7 1.74E-06 002.0 031.3 -49.6 0.002601 0.005830 0.000444 hargrave 2020-02-05 23:31:11 
ARM    068.6 -22.6 068.6 -22.6 1.65E-06 001.1 058.2 -41.4 0.001090 0.003590 0.000435 hargrave 2020-02-05 23:32:09 
ARM    065.4 -32.7 065.4 -32.7 1.75E-06 001.5 048.1 -34.5 0.002301 0.004398 0.000472 hargrave 2020-02-05 23:33:08 
ARM    057.2 -40.4 057.2 -40.4 1.77E-06 001.8 043.6 -25.1 0.003173 0.004653 0.000791 hargrave 2020-02-05 23:34:07 
AFz 10 057.2 -40.4 057.2 -40.4 1.77E-06 001.9 043.6 -25.2 0.003572 0.004796 0.000920 hargrave 2020-02-05 23:35:02 
AFz 20 057.0 -40.4 057.0 -40.4 1.77E-06 001.9 043.6 -25.1 0.003587 0.004769 0.000856 hargrave 2020-02-05 23:35:58 
AFz 30 057.1 -40.4 057.1 -40.4 1.77E-06 001.9 043.6 -25.1 0.003578 0.004800 0.000901 hargrave 2020-02-05 23:36:54 
AFz 40 057.5 -40.2 057.5 -40.2 1.78E-06 001.8 043.7 -25.5 0.003249 0.004716 0.000853 hargrave 2020-02-05 23:37:49 
AFz 50 057.4 -40.4 057.4 -40.4 1.76E-06 001.9 043.5 -25.3 0.003532 0.004641 0.000853 hargrave 2020-02-05 23:38:45 
AFz 60 057.6 -40.4 057.6 -40.4 1.76E-06 001.9 043.4 -25.4 0.003546 0.004793 0.000802 hargrave 2020-02-05 23:39:40 
AFz 70 057.2 -40.6 057.2 -40.6 1.76E-06 001.8 043.4 -25.1 0.003234 0.004687 0.000723 hargrave 2020-02-05 23:40:36 
AFz 80 057.4 -40.4 057.4 -40.4 1.76E-06 001.9 043.5 -25.3 0.003486 0.004648 0.000812 hargrave 2020-02-05 23:41:31 
AFz 90 057.1 -40.6 057.1 -40.6 1.77E-06 001.8 043.4 -25.0 0.003162 0.004640 0.000880 hargrave 2020-02-05 23:42:27 
AFz100 057.4 -40.5 057.4 -40.5 1.75E-06 001.8 043.4 -25.3 0.003201 0.004838 0.000821 hargrave 2020-02-05 23:43:22 
AFz120 058.0 -40.7 058.0 -40.7 1.74E-06 001.9 042.9 -25.6 0.003553 0.004795 0.000828 hargrave 2020-02-05 23:44:18 
AFz140 057.1 -41.0 057.1 -41.0 1.74E-06 001.9 043.0 -24.8 0.003531 0.004692 0.000740 hargrave 2020-02-05 23:45:14 
AFz160 056.4 -40.2 056.4 -40.2 1.75E-06 001.9 044.0 -24.7 0.003605 0.004740 0.000769 hargrave 2020-02-05 23:46:09 
AFz180 051.5 -43.4 051.5 -43.4 1.77E-06 001.9 042.4 -20.1 0.003804 0.004813 0.000856 hargrave 2020-02-05 23:47:05 
AFz200 052.0 -42.8 052.0 -42.8 1.73E-06 001.9 042.8 -20.6 0.003341 0.004842 0.000851 hargrave 2020-02-05 23:48:00 
AFz250 066.6 -36.4 066.6 -36.4 1.90E-06 001.8 043.6 -33.5 0.003495 0.004695 0.001146 hargrave 2020-02-05 23:48:56 
AFz300 061.6 -37.0 061.6 -37.0 1.96E-06 001.6 045.4 -29.7 0.003495 0.004502 0.001009 hargrave 2020-02-05 23:49:52 
AFz350 048.5 -41.6 048.5 -41.6 1.75E-06 001.9 045.0 -18.7 0.003660 0.004637 0.000863 hargrave 2020-02-05 23:50:47 
AFz400 055.0 -41.2 055.0 -41.2 1.94E-06 001.9 043.5 -23.3 0.003729 0.005286 0.000828 hargrave 2020-02-05 23:51:43 
AFz450 062.7 -42.0 062.7 -42.0 1.94E-06 001.8 039.8 -28.1 0.003300 0.005223 0.000960 hargrave 2020-02-05 23:52:39 
AFz500 068.5 -37.0 068.5 -37.0 1.99E-06 001.7 042.1 -34.5 0.003310 0.005193 0.001037 hargrave 2020-02-05 23:53:35 
AFz550 066.4 -32.2 066.4 -32.2 1.98E-06 001.6 048.2 -35.5 0.003430 0.004647 0.000887 hargrave 2020-02-05 23:54:31 
AFz600 074.1 -34.3 074.1 -34.3 1.75E-06 001.8 041.6 -39.8 0.002704 0.004897 0.001158 hargrave 2020-02-05 23:55:27 
AFz650 078.7 -24.1 078.7 -24.1 2.26E-06 001.2 050.1 -48.9 0.002472 0.004296 0.000779 hargrave 2020-02-05 23:56:22 
AFz700 081.7 -22.4 081.7 -22.4 2.63E-06 001.2 049.8 -52.2 0.002787 0.004859 0.001010 hargrave 2020-02-05 23:57:18 
AFz750 094.6 -19.6 094.6 -19.6 3.56E-06 001.0 039.0 -63.1 0.002956 0.005487 0.001995 hargrave 2020-02-05 23:58:14 
AFz800 074.1 -25.2 074.1 -25.2 2.64E-06 001.1 051.8 -44.8 0.003029 0.003917 0.001000 hargrave 2020-02-05 23:59:09 
AFz850 068.9 -33.2 068.9 -33.2 2.19E-06 001.4 045.8 -36.8 0.003117 0.004784 0.000934 hargrave 2020-02-06 00:00:05 
AFz900 084.7 -25.2 084.7 -25.2 2.96E-06 001.2 043.5 -52.7 0.003342 0.005040 0.001286 hargrave 2020-02-06 00:01:01 
AFz950 051.3 -34.5 051.3 -34.5 1.89E-06 001.6 051.5 -23.1 0.003208 0.004499 0.000526 hargrave 2020-02-06 00:01:57 
AFz000 070.6 -15.8 070.6 -15.8 2.30E-06 000.9 066.0 -45.6 0.002101 0.002891 0.000408 hargrave 2020-02-06 00:02:53 
AFz050 088.4 -26.9 088.4 -26.9 2.42E-06 001.4 037.7 -53.9 0.002558 0.005657 0.001046 hargrave 2020-02-06 00:03:49 
AFz100 061.0 -35.9 061.0 -35.9 2.12E-06 001.6 046.6 -29.8 0.003814 0.004506 0.000919 hargrave 2020-02-06 00:04:44 
AFz150 065.6 -31.3 065.6 -31.3 1.98E-06 001.4 049.6 -35.3 0.002784 0.003909 0.000782 hargrave 2020-02-06 00:05:40 
AFz200 087.6 -32.1 087.6 -32.1 2.67E-06 001.6 032.9 -49.5 0.003817 0.006418 0.001580 hargrave 2020-02-06 00:06:37 
AFz250 071.7 -30.2 071.7 -30.2 1.98E-06 001.3 047.5 -40.4 0.001860 0.004454 0.000731 hargrave 2020-02-06 00:07:33 
AFz300 100.2 -31.8 100.2 -31.8 2.43E-06 001.7 018.1 -55.3 0.002626 0.006649 0.001462 hargrave 2020-02-06 00:08:29 
AFz500 092.4 -41.0 092.4 -41.0 1.86E-06 002.1 020.9 -44.3 0.002460 0.006317 0.001080 hargrave 2020-02-06 00:09:24 
ARM    091.2 -43.0 091.2 -43.0 2.17E-06 002.1 020.6 -42.1 0.003121 0.007321 0.001180 hargrave 2020-02-06 00:10:23 
ARM    093.4 -45.2 093.4 -45.2 2.34E-06 002.1 017.5 -40.8 0.003778 0.007574 0.001642 hargrave 2020-02-06 00:11:22 
ARM    091.5 -50.9 091.5 -50.9 1.94E-06 002.3 015.8 -35.2 0.003198 0.007089 0.001586 hargrave 2020-02-06 00:12:21 
ARM    109.4 -10.4 109.4 -10.4 8.01E-06 000.8 013.8 -78.2 0.005241 0.008998 0.003684 hargrave 2020-02-06 00:13:20 
ARM    111.4 -01.3 111.4 -01.3 2.93E-05 000.4 018.3 -87.6 0.013433 0.015008 0.010048 hargrave 2020-02-06 00:14:19 
ARM  1 111.9 -00.2 111.9 -00.2 5.11E-05 000.4 014.1 -88.8 0.021991 0.022177 0.017076 hargrave 2020-02-06 00:15:18 
ARM  1 112.1  00.4 112.1  00.4 7.33E-05 000.3 010.2 -89.4 0.032408 0.030716 0.023375 hargrave 2020-02-06 00:16:17 
ARM  1 112.3  00.6 112.3  00.6 9.52E-05 000.3 350.7 -89.6 0.041759 0.038411 0.030613 hargrave 2020-02-06 00:17:15 
ARM  1 112.4  00.8 112.4  00.8 1.17E-04 000.4 314.9 -89.7 0.056836 0.060869 0.035873 hargrave 2020-02-06 00:18:15 
ARM  1 112.5  00.8 112.5  00.8 1.39E-04 000.4 299.8 -89.7 0.064460 0.065306 0.044627 hargrave 2020-02-06 00:19:14 
ARM  1 112.5  01.0 112.5  01.0 1.93E-04 000.3 263.6 -89.7 0.084405 0.080650 0.061602 hargrave 2020-02-06 00:20:13 
ARM  2 112.6  01.1 112.6  01.1 2.46E-04 000.3 250.1 -89.6 0.105725 0.097036 0.077777 hargrave 2020-02-06 00:21:12 
ARM  2 112.7  01.2 112.7  01.2 2.99E-04 000.3 250.2 -89.5 0.127633 0.115046 0.095668 hargrave 2020-02-06 00:22:11 
ARM  2 112.7  01.3 112.7  01.3 3.53E-04 000.3 241.1 -89.5 0.150582 0.133287 0.113055 hargrave 2020-02-06 00:23:10 
ARM  2 112.7  01.3 112.7  01.3 4.56E-04 000.3 239.6 -89.5 0.193472 0.169774 0.145514 hargrave 2020-02-06 00:24:09 
ARM  3 112.7  01.3 112.7  01.3 5.60E-04 000.3 239.8 -89.4 0.238400 0.207715 0.178417 hargrave 2020-02-06 00:25:08 
ARM  4 112.7  01.4 112.7  01.4 6.63E-04 000.3 236.3 -89.4 0.282842 0.245481 0.210384 hargrave 2020-02-06 00:26:06 
ARM  4 112.8  01.4 112.8  01.4 7.64E-04 000.3 236.8 -89.3 0.327444 0.282579 0.243402 hargrave 2020-02-06 00:27:05 
ARM  4 112.8  01.4 112.8  01.4 8.65E-04 000.3 236.2 -89.3 0.370374 0.319167 0.275706 hargrave 2020-02-06 00:28:04 
ARM  5 112.7  01.4 112.7  01.4 9.58E-04 000.3 233.9 -89.3 0.414422 0.360218 0.326072 hargrave 2020-02-06 00:29:53 
