AX2- 7b mag compass orientation (IGRF corrected)
      0 298.2  39.0   0.0   0.0   1.0
NRM    042.4  39.5 042.4  39.5 1.52E-06 004.4 190.9  01.3 0.010937 0.011802 0.000447 hargrave 2020-02-06 00:32:13 
AF  10 044.4  35.2 044.4  35.2 1.68E-06 004.0 193.2 -02.6 0.010869 0.011889 0.000310 hargrave 2020-02-06 00:33:31 
AF  20 050.8  34.9 050.8  34.9 1.73E-06 003.7 198.4 -01.8 0.010878 0.011891 0.000468 hargrave 2020-02-06 00:34:51 
AF  30 055.8  33.6 055.8  33.6 1.66E-06 003.9 202.7 -02.0 0.011267 0.011988 0.000367 hargrave 2020-02-06 00:36:10 
AF  40 055.6  23.0 055.6  23.0 1.72E-06 003.6 205.7 -12.2 0.010455 0.011609 0.000656 hargrave 2020-02-06 00:37:29 
AF  50 062.2  23.9 062.2  23.9 1.64E-06 003.6 211.2 -09.3 0.010064 0.011541 0.000744 hargrave 2020-02-06 00:38:49 
AF  60 061.4  24.4 061.4  24.4 1.94E-06 003.0 210.3 -09.1 0.009983 0.011199 0.001218 hargrave 2020-02-06 00:40:08 
AF  70 065.8  19.7 065.8  19.7 2.33E-06 002.3 216.0 -12.0 0.009823 0.010869 0.001684 hargrave 2020-02-06 00:41:27 
AF  80 051.9  22.4 051.9  22.4 2.08E-06 002.8 202.5 -13.6 0.010046 0.010709 0.000760 hargrave 2020-02-06 00:42:48 
AF  90 060.6  37.7 060.6  37.7 1.90E-06 003.1 205.1  03.1 0.010076 0.010959 0.000387 hargrave 2020-02-06 00:44:07 
AF 100 046.1  47.5 046.1  47.5 2.21E-06 002.7 192.2  09.7 0.010331 0.010587 0.000373 hargrave 2020-02-06 00:45:27 
AF 120 044.2  36.3 044.2  36.3 2.65E-06 002.4 192.8 -01.6 0.010306 0.011076 0.001066 hargrave 2020-02-06 00:46:46 
AF 140 057.9  27.9 057.9  27.9 2.36E-06 002.8 206.2 -06.8 0.011213 0.012080 0.000757 hargrave 2020-02-06 00:48:06 
AF 160 051.9  31.9 051.9  31.9 2.13E-06 002.8 200.0 -04.5 0.011468 0.010392 0.000911 hargrave 2020-02-06 00:49:25 
AF 180 051.6  27.3 051.6  27.3 2.23E-06 003.1 200.9 -09.1 0.012502 0.011424 0.000853 hargrave 2020-02-06 00:50:45 
AF 200 033.8  07.6 033.8  07.6 2.73E-06 002.4 186.5 -31.2 0.011590 0.009810 0.000672 hargrave 2020-02-06 00:52:04 
AF 250 001.8  36.1 001.8  36.1 3.11E-06 001.8 158.9  00.2 0.009115 0.007966 0.003213 hargrave 2020-02-06 00:53:24 
AF 300 053.3  31.0 053.3  31.0 4.41E-06 001.4 201.4 -05.0 0.008792 0.011191 0.001363 hargrave 2020-02-06 00:54:43 
AF 350 040.9  25.5 040.9  25.5 2.40E-06 003.2 191.7 -12.7 0.004647 0.013738 0.002226 hargrave 2020-02-06 00:56:04 
AF 400 358.8  47.9 358.8  47.9 2.54E-06 003.2 160.3  12.0 0.007796 0.012937 0.003625 hargrave 2020-02-06 00:57:27 
AF 450 323.2  39.1 323.2  39.1 1.71E-06 003.9 132.9  16.5 0.006967 0.012293 0.003206 hargrave 2020-02-06 00:58:47 
AF 500 012.1 -08.1 012.1 -08.1 1.68E-06 004.9 157.1 -45.1 0.004414 0.013941 0.004650 hargrave 2020-02-06 01:00:10 
AF 550 297.7 -09.7 297.7 -09.7 2.33E-06 002.6 083.5 -07.2 0.009144 0.013534 0.006136 hargrave 2020-02-06 01:01:30 
AF 600 246.8  15.2 246.8  15.2 5.24E-06 002.3 055.1  42.7 0.013545 0.015847 0.007478 hargrave 2020-02-06 01:02:49 
AF 650 223.6  11.1 223.6  11.1 8.55E-06 001.9 023.1  48.2 0.016324 0.020990 0.009134 hargrave 2020-02-06 01:04:13 
AF 700 226.2  05.4 226.2  05.4 1.09E-05 001.8 024.5  42.0 0.023697 0.023426 0.008875 hargrave 2020-02-06 01:05:32 
AF 750 226.2  14.7 226.2  14.7 1.12E-05 001.9 028.2  50.9 0.022734 0.027493 0.009995 hargrave 2020-02-06 01:06:52 
AF 800 227.7  13.6 227.7  13.6 1.39E-05 001.7 029.8  49.4 0.026417 0.027518 0.013604 hargrave 2020-02-06 01:08:16 
AF 850 218.8  21.0 218.8  21.0 1.81E-05 001.4 019.5  58.9 0.027602 0.030460 0.017433 hargrave 2020-02-06 01:09:37 
AF 900 208.6  10.7 208.6  10.7 1.72E-05 001.6 000.6  49.7 0.027200 0.043569 0.008621 hargrave 2020-02-06 01:10:57 
AF 950 219.0  18.2 219.0  18.2 2.20E-05 001.5 018.6  56.1 0.037073 0.038848 0.021676 hargrave 2020-02-06 01:12:18 
AF1000 210.8  12.4 210.8  12.4 2.13E-05 001.4 004.1  51.4 0.033943 0.042677 0.007072 hargrave 2020-02-06 01:13:38 
AF1050 211.4  14.3 211.4  14.3 2.37E-05 001.3 005.3  53.2 0.035832 0.045677 0.007341 hargrave 2020-02-06 01:14:59 
AF1100 209.0  11.8 209.0  11.8 2.40E-05 001.5 001.3  50.8 0.036495 0.054312 0.009393 hargrave 2020-02-06 01:16:20 
AF1150 205.0  14.3 205.0  14.3 2.51E-05 001.4 354.8  53.2 0.031301 0.054579 0.006980 hargrave 2020-02-06 01:17:42 
AF1200 207.5  14.6 207.5  14.6 2.72E-05 001.4 358.9  53.6 0.036560 0.056009 0.008150 hargrave 2020-02-06 01:19:03 
AF1250 211.3  15.2 211.3  15.2 3.03E-05 001.2 005.1  54.1 0.040634 0.054007 0.012036 hargrave 2020-02-06 01:20:29 
AF1300 213.2  11.8 213.2  11.8 2.99E-05 001.4 007.8  50.5 0.045531 0.060170 0.013278 hargrave 2020-02-06 01:21:52 
ARM    213.2  11.8 213.2  11.8 2.99E-05 001.4 007.7  50.6 0.046027 0.061333 0.013212 hargrave 2020-02-06 01:22:53 
ARM    213.3  11.8 213.3  11.8 2.99E-05 001.4 007.8  50.5 0.046729 0.061612 0.013472 hargrave 2020-02-06 01:23:53 
ARM    213.3  11.8 213.3  11.8 2.99E-05 001.4 007.8  50.6 0.046792 0.061409 0.013530 hargrave 2020-02-06 01:24:52 
ARM    213.3  11.7 213.3  11.7 2.99E-05 001.4 007.9  50.5 0.047254 0.061264 0.013496 hargrave 2020-02-06 01:25:51 
ARM    213.4  11.9 213.4  11.9 2.98E-05 001.5 008.1  50.6 0.048019 0.061287 0.013502 hargrave 2020-02-06 01:26:51 
ARM    213.5  11.7 213.5  11.7 2.97E-05 001.5 008.1  50.5 0.048122 0.060950 0.013383 hargrave 2020-02-06 01:27:50 
ARM    213.3  11.8 213.3  11.8 2.98E-05 001.5 007.9  50.6 0.048386 0.061295 0.013499 hargrave 2020-02-06 01:28:50 
ARM    213.4  12.4 213.4  12.4 2.98E-05 001.5 008.0  51.2 0.048932 0.060717 0.013491 hargrave 2020-02-06 01:29:49 
ARM    213.4  12.1 213.4  12.1 2.94E-05 001.5 008.1  50.9 0.047976 0.059810 0.013114 hargrave 2020-02-06 01:30:49 
ARM    213.3  12.9 213.3  12.9 2.95E-05 001.5 008.0  51.7 0.048360 0.060108 0.013394 hargrave 2020-02-06 01:31:48 
ARM    213.5  13.9 213.5  13.9 2.95E-05 001.4 008.5  52.7 0.047113 0.059057 0.013333 hargrave 2020-02-06 01:32:47 
ARM    213.2  14.2 213.2  14.2 2.89E-05 001.4 008.1  53.0 0.045937 0.058533 0.012780 hargrave 2020-02-06 01:33:47 
ARM    212.4  13.2 212.4  13.2 2.80E-05 001.5 006.7  52.0 0.044666 0.058267 0.011936 hargrave 2020-02-06 01:34:46 
ARM    212.1  15.5 212.1  15.5 2.93E-05 001.4 006.5  54.4 0.045431 0.058305 0.011716 hargrave 2020-02-06 01:35:45 
ARM    210.3  15.4 210.3  15.4 2.82E-05 001.5 003.4  54.4 0.043849 0.059724 0.010692 hargrave 2020-02-06 01:36:45 
ARM    207.5  19.9 207.5  19.9 2.89E-05 001.3 358.8  58.9 0.039373 0.057955 0.008849 hargrave 2020-02-06 01:37:44 
ARM    202.1  19.4 202.1  19.4 2.58E-05 001.4 349.1  58.0 0.032926 0.056359 0.006425 hargrave 2020-02-06 01:38:43 
ARM    195.3  08.3 195.3  08.3 1.78E-05 001.7 341.5  46.0 0.024761 0.053608 0.007376 hargrave 2020-02-06 01:39:43 
ARM    183.0  12.3 183.0  12.3 1.77E-05 001.6 323.1  46.2 0.018101 0.050462 0.008629 hargrave 2020-02-06 01:40:42 
ARM    173.7  10.1 173.7  10.1 1.43E-05 001.5 313.0  40.3 0.011885 0.043384 0.006421 hargrave 2020-02-06 01:41:42 
ARM    145.8 -06.3 145.8 -06.3 1.26E-05 001.1 295.9  11.8 0.009686 0.044287 0.003614 hargrave 2020-02-06 01:42:41 
ARM    137.6  06.8 137.6  06.8 1.60E-05 000.9 281.0  17.4 0.014944 0.046762 0.005953 hargrave 2020-02-06 01:43:40 
ARM    128.1  01.9 128.1  01.9 1.84E-05 000.9 276.5  07.7 0.021011 0.049438 0.009337 hargrave 2020-02-06 01:44:40 
ARM    102.9 -25.0 102.9 -25.0 2.50E-05 000.9 275.2 -28.6 0.028826 0.035215 0.016889 hargrave 2020-02-06 01:45:39 
ARM    108.2 -18.1 108.2 -18.1 2.70E-05 000.8 274.1 -20.2 0.026896 0.039660 0.020422 hargrave 2020-02-06 01:46:38 
ARM    101.0 -21.5 101.0 -21.5 3.39E-05 001.2 271.0 -27.3 0.066929 0.049104 0.024828 hargrave 2020-02-06 01:47:38 
ARM    103.5 -16.8 103.5 -16.8 3.77E-05 000.9 269.6 -22.2 0.048570 0.039097 0.031780 hargrave 2020-02-06 01:48:38 
ARM    102.8 -14.0 102.8 -14.0 4.13E-05 001.0 267.1 -20.5 0.062718 0.018933 0.036911 hargrave 2020-02-06 01:50:27 
ARM    104.8 -14.9 104.8 -14.9 4.26E-05 001.0 269.2 -19.9 0.059493 0.020788 0.039362 hargrave 2020-02-06 01:51:26 
ARM    101.8 -15.5 101.8 -15.5 4.86E-05 001.2 267.3 -22.3 0.086532 0.050851 0.043715 hargrave 2020-02-06 01:52:25 
ARM    103.8 -11.4 103.8 -11.4 4.90E-05 000.7 266.1 -17.8 0.026793 0.035501 0.044271 hargrave 2020-02-06 01:53:25 
ARM    109.3 -09.8 109.3 -09.8 5.01E-05 000.6 269.3 -13.2 0.018671 0.027742 0.044826 hargrave 2020-02-06 01:54:24 
ARM    107.4 -14.2 107.4 -14.2 5.53E-05 000.6 270.8 -17.8 0.033742 0.033502 0.050065 hargrave 2020-02-06 01:55:23 
ARM    105.1 -14.8 105.1 -14.8 5.89E-05 000.6 269.5 -19.7 0.035932 0.011654 0.054102 hargrave 2020-02-06 01:56:23 
ARM    104.4 -14.0 104.4 -14.0 5.82E-05 000.7 268.3 -19.5 0.052388 0.013871 0.054351 hargrave 2020-02-06 01:57:22 
ARM    110.5 -07.0 110.5 -07.0 5.94E-05 000.8 268.5 -10.3 0.063562 0.010115 0.053850 hargrave 2020-02-06 01:58:22 
ARM    110.0 -10.1 110.0 -10.1 6.24E-05 000.9 270.1 -13.0 0.070431 0.023701 0.056770 hargrave 2020-02-06 01:59:22 
AFz 10 109.7 -09.9 109.7 -09.9 6.24E-05 000.7 269.7 -13.0 0.054656 0.009931 0.057475 hargrave 2020-02-06 02:00:19 
AFz 20 109.7 -09.9 109.7 -09.9 6.24E-05 000.7 269.7 -13.0 0.056725 0.010304 0.057252 hargrave 2020-02-06 02:01:15 
AFz 30 109.7 -09.9 109.7 -09.9 6.24E-05 000.7 269.7 -13.0 0.055903 0.009835 0.057479 hargrave 2020-02-06 02:02:12 
AFz 40 109.7 -09.9 109.7 -09.9 6.24E-05 000.7 269.7 -13.0 0.055594 0.009895 0.057431 hargrave 2020-02-06 02:03:08 
AFz 50 109.7 -09.9 109.7 -09.9 6.24E-05 000.8 269.7 -13.0 0.060138 0.009753 0.057443 hargrave 2020-02-06 02:04:04 
AFz 60 109.7 -09.8 109.7 -09.8 6.24E-05 000.7 269.7 -12.9 0.052787 0.009788 0.057541 hargrave 2020-02-06 02:05:00 
AFz 70 109.6 -09.9 109.6 -09.9 6.25E-05 000.7 269.7 -13.0 0.054028 0.009829 0.057320 hargrave 2020-02-06 02:05:56 
AFz 80 109.7 -09.7 109.7 -09.7 6.24E-05 000.7 269.6 -12.9 0.053099 0.009783 0.057283 hargrave 2020-02-06 02:06:53 
AFz 90 109.9 -09.7 109.9 -09.7 6.24E-05 000.7 269.7 -12.7 0.055578 0.009674 0.057534 hargrave 2020-02-06 02:07:49 
AFz100 109.9 -09.6 109.9 -09.6 6.23E-05 000.8 269.7 -12.6 0.058354 0.009761 0.057674 hargrave 2020-02-06 02:08:45 
AFz120 109.7 -09.8 109.7 -09.8 6.24E-05 000.7 269.6 -12.9 0.051561 0.010465 0.057274 hargrave 2020-02-06 02:09:42 
AFz140 109.6 -09.9 109.6 -09.9 6.25E-05 000.7 269.6 -13.1 0.050140 0.009735 0.057369 hargrave 2020-02-06 02:10:38 
AFz160 109.4 -09.8 109.4 -09.8 6.26E-05 000.7 269.4 -13.1 0.043139 0.010248 0.057518 hargrave 2020-02-06 02:11:35 
AFz180 109.6 -09.8 109.6 -09.8 6.25E-05 000.7 269.6 -13.0 0.047008 0.010763 0.057272 hargrave 2020-02-06 02:12:31 
AFz200 109.2 -10.3 109.2 -10.3 6.23E-05 000.7 269.6 -13.7 0.047226 0.010151 0.057232 hargrave 2020-02-06 02:13:28 
AFz250 111.1 -08.9 111.1 -08.9 6.13E-05 000.8 270.1 -11.4 0.064172 0.032445 0.055495 hargrave 2020-02-06 02:14:24 
AFz300 111.1 -08.0 111.1 -08.0 6.19E-05 000.7 269.5 -10.7 0.044812 0.009397 0.056799 hargrave 2020-02-06 02:15:21 
AFz350 111.6 -07.6 111.6 -07.6 6.15E-05 000.7 269.7 -10.1 0.053334 0.009961 0.056553 hargrave 2020-02-06 02:16:17 
AFz400 110.8 -09.6 110.8 -09.6 6.02E-05 000.7 270.4 -12.1 0.051803 0.033420 0.055997 hargrave 2020-02-06 02:17:13 
AFz450 113.2 -07.3 113.2 -07.3 6.00E-05 000.7 270.7 -08.8 0.048251 0.033310 0.054959 hargrave 2020-02-06 02:18:10 
AFz500 110.0 -10.3 110.0 -10.3 6.08E-05 000.8 270.2 -13.1 0.060552 0.030436 0.056065 hargrave 2020-02-06 02:19:06 
AFz550 110.2 -09.1 110.2 -09.1 6.08E-05 000.7 269.5 -12.1 0.042101 0.010092 0.055770 hargrave 2020-02-06 02:20:03 
AFz600 110.9 -08.0 110.9 -08.0 6.09E-05 000.7 269.4 -10.8 0.040217 0.010405 0.056141 hargrave 2020-02-06 02:20:59 
AFz650 113.9 -05.5 113.9 -05.5 6.19E-05 000.8 270.1 -07.0 0.063611 0.030198 0.057122 hargrave 2020-02-06 02:21:56 
AFz700 113.7 -03.7 113.7 -03.7 6.07E-05 000.9 268.8 -05.7 0.077366 0.009328 0.056747 hargrave 2020-02-06 02:22:52 
AFz750 102.1 -16.3 102.1 -16.3 6.47E-05 000.8 268.1 -22.7 0.066846 0.014692 0.059233 hargrave 2020-02-06 02:23:49 
AFz800 108.6 -09.7 108.6 -09.7 6.38E-05 000.9 268.7 -13.6 0.084042 0.010038 0.059089 hargrave 2020-02-06 02:24:45 
AFz850 107.2 -13.6 107.2 -13.6 6.37E-05 000.6 270.2 -17.5 0.062867 0.030156 0.031476 hargrave 2020-02-06 02:25:42 
AFz900 108.3 -11.5 108.3 -11.5 6.47E-05 000.7 269.6 -15.1 0.055324 0.011356 0.060363 hargrave 2020-02-06 02:26:38 
AFz950 106.6 -10.5 106.6 -10.5 6.37E-05 000.8 267.7 -15.5 0.066827 0.012038 0.057957 hargrave 2020-02-06 02:27:35 
AFz000 104.0 -13.6 104.0 -13.6 6.45E-05 000.8 267.8 -19.5 0.067530 0.012962 0.060209 hargrave 2020-02-06 02:28:31 
AFz050 106.7 -11.1 106.7 -11.1 6.32E-05 000.8 268.1 -15.9 0.068244 0.011686 0.057521 hargrave 2020-02-06 02:29:28 
AFz100 106.8 -12.6 106.8 -12.6 6.32E-05 000.6 269.2 -16.9 0.039491 0.009572 0.057115 hargrave 2020-02-06 02:30:24 
AFz150 108.7 -10.7 108.7 -10.7 6.18E-05 000.6 269.5 -14.2 0.040373 0.008632 0.055671 hargrave 2020-02-06 02:31:21 
AFz200 110.9 -10.4 110.9 -10.4 6.20E-05 000.7 271.0 -12.6 0.047057 0.029719 0.055942 hargrave 2020-02-06 02:32:17 
AFz250 109.5 -09.7 109.5 -09.7 6.27E-05 000.7 269.4 -13.0 0.042273 0.008678 0.058758 hargrave 2020-02-06 02:33:14 
AFz300 111.1 -05.9 111.1 -05.9 6.41E-05 000.8 268.2 -09.0 0.067138 0.007776 0.057296 hargrave 2020-02-06 02:34:11 
AFz500 107.8 -09.8 107.8 -09.8 6.41E-05 000.8 268.2 -14.2 0.072113 0.009910 0.059932 hargrave 2020-02-06 02:35:07 
ARM    108.4 -10.0 108.4 -10.0 6.52E-05 001.0 268.7 -13.9 0.090344 0.008744 0.059670 hargrave 2020-02-06 02:36:07 
ARM    109.2 -08.8 109.2 -08.8 6.48E-05 000.9 268.6 -12.5 0.080739 0.008162 0.059004 hargrave 2020-02-06 02:37:06 
ARM    108.5 -09.7 108.5 -09.7 6.41E-05 000.9 268.6 -13.6 0.077799 0.009326 0.058418 hargrave 2020-02-06 02:38:06 
ARM    072.0 -39.3 072.0 -39.3 1.15E-04 000.6 266.2 -57.6 0.083579 0.039867 0.081013 hargrave 2020-02-06 02:39:05 
ARM    042.6 -48.1 042.6 -48.1 3.50E-04 000.4 258.2 -80.2 0.169955 0.150391 0.152785 hargrave 2020-02-06 02:40:04 
ARM  1 036.0 -48.7 036.0 -48.7 6.19E-04 000.3 248.0 -84.5 0.277058 0.231618 0.235561 hargrave 2020-02-06 02:41:04 
ARM  1 033.3 -48.8 033.3 -48.8 8.72E-04 000.3 238.4 -86.0 0.373973 0.349103 0.313916 hargrave 2020-02-06 02:42:03 
ARM  1 032.0 -48.9 032.0 -48.9 1.12E-03 000.3 230.7 -86.7 0.488997 0.454970 0.388476 hargrave 2020-02-06 02:43:03 
ARM  1 031.1 -48.9 031.1 -48.9 1.38E-03 000.3 222.5 -87.2 0.595955 0.522259 0.466296 hargrave 2020-02-06 02:44:02 
ARM  1 030.5 -48.9 030.5 -48.9 1.65E-03 000.3 216.0 -87.5 0.721931 0.626814 0.547867 hargrave 2020-02-06 02:45:02 
ARM  1 029.5 -48.9 029.5 -48.9 2.29E-03 000.3 202.4 -87.8 0.998770 0.881364 0.747482 hargrave 2020-02-06 02:46:02 
ARM  2 029.0 -48.9 029.0 -48.9 2.93E-03 000.3 194.5 -87.9 1.285458 1.146887 0.943584 hargrave 2020-02-06 02:47:01 
ARM  2 028.7 -48.9 028.7 -48.9 3.57E-03 000.3 188.3 -87.9 1.578777 1.401575 1.141388 hargrave 2020-02-06 02:48:01 
ARM  2 028.5 -48.9 028.5 -48.9 4.22E-03 000.3 184.6 -87.9 1.884332 1.636537 1.299224 hargrave 2020-02-06 02:49:00 
ARM  2 028.1 -48.9 028.1 -48.9 5.47E-03 000.3 179.0 -87.9 2.465934 2.163624 1.708072 hargrave 2020-02-06 02:50:00 
ARM  3 028.0 -48.9 028.0 -48.9 6.73E-03 000.3 175.9 -87.9 3.018261 2.676541 2.059860 hargrave 2020-02-06 02:50:59 
ARM  4 027.8 -48.9 027.8 -48.9 8.00E-03 000.3 173.5 -87.9 3.607690 3.198983 2.438304 hargrave 2020-02-06 02:51:59 
ARM  4 027.8 -48.9 027.8 -48.9 9.26E-03 000.3 172.1 -87.9 4.145166 3.667959 2.808949 hargrave 2020-02-06 02:52:58 
ARM  4 027.7 -48.9 027.7 -48.9 1.05E-02 000.3 170.8 -87.9 4.730949 4.149058 3.169222 hargrave 2020-02-06 02:53:57 
ARM  5 027.6 -48.9 027.6 -48.9 1.18E-02 000.3 169.8 -87.9 5.310093 4.634588 3.745763 hargrave 2020-02-06 02:54:57 
