AX2- 4b mag compass orientation (IGRF corrected)
      0   8.2 105.0   0.0   0.0   1.0
NRM    318.6  34.2 318.6  34.2 4.16E-06 001.5 142.8  27.5 0.009719 0.007886 0.003060 hargrave 2020-02-05 17:23:47 
AF  10 318.2  36.0 318.2  36.0 4.11E-06 001.4 144.5  26.5 0.009472 0.007771 0.003227 hargrave 2020-02-05 17:25:09 
AF  20 323.1  35.4 323.1  35.4 4.08E-06 001.5 140.9  24.1 0.009398 0.008093 0.002962 hargrave 2020-02-05 17:26:32 
AF  30 322.0  36.2 322.0  36.2 4.06E-06 001.5 142.3  24.2 0.009124 0.008088 0.003221 hargrave 2020-02-05 17:27:52 
AF  40 325.9  36.1 325.9  36.1 4.29E-06 001.5 139.9  21.9 0.009678 0.008639 0.003424 hargrave 2020-02-05 17:29:13 
AF  50 324.4  32.6 324.4  32.6 4.59E-06 001.5 137.8  25.1 0.009894 0.009121 0.003717 hargrave 2020-02-05 17:30:32 
AF  60 325.9  30.2 325.9  30.2 4.90E-06 001.5 134.9  25.6 0.009734 0.009306 0.004206 hargrave 2020-02-05 17:31:51 
AF  70 328.8  28.3 328.8  28.3 5.43E-06 001.4 131.6  24.6 0.010225 0.010295 0.004203 hargrave 2020-02-05 17:33:11 
AF  80 326.5  26.6 326.5  26.6 5.25E-06 001.5 131.3  27.3 0.009894 0.010268 0.004321 hargrave 2020-02-05 17:34:34 
AF  90 333.0  22.2 333.0  22.2 4.92E-06 001.7 123.6  24.7 0.012131 0.009466 0.004959 hargrave 2020-02-05 17:35:53 
AF 100 333.9  20.9 333.9  20.9 4.78E-06 001.7 122.0  24.6 0.011727 0.009205 0.004708 hargrave 2020-02-05 17:37:13 
AF 120 345.4  06.1 345.4  06.1 5.17E-06 001.9 102.4  20.2 0.015405 0.009511 0.005344 hargrave 2020-02-05 17:38:32 
AF 140 350.3 -01.6 350.3 -01.6 5.31E-06 002.2 093.2  17.7 0.019288 0.008468 0.005257 hargrave 2020-02-05 17:39:51 
AF 160 336.5 -03.8 336.5 -03.8 5.51E-06 002.1 094.8  31.6 0.018370 0.007752 0.006295 hargrave 2020-02-05 17:41:14 
AF 180 314.4 -04.7 314.4 -04.7 6.77E-06 001.6 102.3  52.9 0.017190 0.007208 0.006689 hargrave 2020-02-05 17:42:39 
AF 200 351.9  27.9 351.9  27.9 3.41E-06 002.2 121.3  06.8 0.014177 0.003196 0.005055 hargrave 2020-02-05 17:43:58 
AF 250 304.1  11.9 304.1  11.9 5.88E-06 001.1 134.9  52.8 0.014338 0.006999 0.006681 hargrave 2020-02-05 17:45:18 
AF 300 295.8 -04.9 295.8 -04.9 1.04E-05 001.4 118.4  70.0 0.022378 0.017575 0.007315 hargrave 2020-02-05 17:46:38 
AF 350 301.2 -19.5 301.2 -19.5 1.70E-05 001.2 075.0  67.6 0.031766 0.015671 0.009783 hargrave 2020-02-05 17:48:01 
AF 400 291.5 -25.3 291.5 -25.3 2.16E-05 001.0 048.4  73.9 0.037282 0.014676 0.008642 hargrave 2020-02-05 17:49:21 
AF 450 292.7 -32.8 292.7 -32.8 2.30E-05 001.3 033.9  67.9 0.045986 0.026681 0.008408 hargrave 2020-02-05 17:50:40 
AF 500 289.1 -38.0 289.1 -38.0 3.04E-05 001.1 020.6  65.1 0.049301 0.035952 0.010436 hargrave 2020-02-05 17:52:00 
AF 550 286.2 -33.0 286.2 -33.0 3.36E-05 001.1 020.5  70.6 0.054371 0.037196 0.010056 hargrave 2020-02-05 17:53:19 
AF 600 285.5 -29.7 285.5 -29.7 3.93E-05 001.1 023.3  73.9 0.059136 0.044487 0.008436 hargrave 2020-02-05 17:54:43 
AF 650 281.8 -30.9 281.8 -30.9 3.79E-05 001.0 011.0  73.7 0.051062 0.041296 0.009887 hargrave 2020-02-05 17:56:04 
AF 700 272.2 -30.6 272.2 -30.6 4.07E-05 001.0 341.6  73.5 0.047823 0.057912 0.016090 hargrave 2020-02-05 17:57:23 
AF 750 281.9 -28.3 281.9 -28.3 4.66E-05 000.9 013.8  76.2 0.056761 0.050586 0.009550 hargrave 2020-02-05 17:58:43 
AF 800 278.7 -33.6 278.7 -33.6 4.87E-05 000.9 001.2  71.4 0.057414 0.058937 0.013016 hargrave 2020-02-05 18:00:06 
AF 850 278.5 -32.0 278.5 -32.0 5.32E-05 000.9 000.9  73.0 0.060869 0.067210 0.012511 hargrave 2020-02-05 18:01:30 
AF 900 280.4 -24.5 280.4 -24.5 5.07E-05 000.8 012.0  80.3 0.056631 0.050036 0.010660 hargrave 2020-02-05 18:02:53 
AF 950 275.8 -30.5 275.8 -30.5 5.73E-05 001.0 352.4  74.3 0.066897 0.073637 0.012416 hargrave 2020-02-05 18:04:13 
AF1000 280.8 -23.1 280.8 -23.1 5.55E-05 000.8 016.7  81.5 0.063673 0.051141 0.008743 hargrave 2020-02-05 18:05:33 
AF1050 280.5 -27.3 280.5 -27.3 5.89E-05 000.8 009.7  77.5 0.060263 0.054638 0.008895 hargrave 2020-02-05 18:06:57 
AF1100 277.6 -26.6 277.6 -26.6 5.76E-05 000.9 357.3  78.4 0.063787 0.063520 0.010895 hargrave 2020-02-05 18:08:18 
AF1150 280.9 -24.7 280.9 -24.7 6.23E-05 000.8 014.5  80.0 0.066549 0.057463 0.006791 hargrave 2020-02-05 18:09:42 
AF1200 277.1 -28.1 277.1 -28.1 6.32E-05 000.9 355.8  76.9 0.069344 0.073354 0.013969 hargrave 2020-02-05 18:11:07 
AF1250 276.7 -28.9 276.7 -28.9 6.82E-05 000.8 354.5  76.0 0.066651 0.069524 0.014160 hargrave 2020-02-05 18:12:30 
AF1300 280.4 -28.6 280.4 -28.6 6.50E-05 000.8 008.0  76.3 0.071294 0.059323 0.015454 hargrave 2020-02-05 18:13:55 
ARM    280.4 -28.6 280.4 -28.6 6.50E-05 000.8 008.0  76.3 0.071447 0.059601 0.015510 hargrave 2020-02-05 18:14:55 
ARM    280.4 -28.6 280.4 -28.6 6.50E-05 000.8 008.1  76.3 0.071480 0.058109 0.015545 hargrave 2020-02-05 18:15:53 
ARM    280.4 -28.6 280.4 -28.6 6.50E-05 000.8 008.2  76.3 0.071418 0.056616 0.015577 hargrave 2020-02-05 18:16:51 
ARM    280.4 -28.6 280.4 -28.6 6.50E-05 000.8 008.1  76.2 0.072001 0.058314 0.015552 hargrave 2020-02-05 18:17:49 
ARM    280.4 -28.7 280.4 -28.7 6.50E-05 000.8 008.1  76.2 0.071479 0.058399 0.015531 hargrave 2020-02-05 18:18:48 
ARM    280.4 -28.8 280.4 -28.8 6.49E-05 000.8 008.1  76.1 0.069753 0.060196 0.015647 hargrave 2020-02-05 18:19:46 
ARM    280.4 -28.9 280.4 -28.9 6.48E-05 000.8 008.1  76.0 0.072123 0.058617 0.015771 hargrave 2020-02-05 18:20:44 
ARM    280.5 -29.0 280.5 -29.0 6.45E-05 000.8 008.2  75.8 0.072261 0.058860 0.015761 hargrave 2020-02-05 18:21:42 
ARM    280.6 -29.2 280.6 -29.2 6.42E-05 000.8 008.4  75.6 0.072611 0.058151 0.016038 hargrave 2020-02-05 18:22:40 
ARM    280.8 -29.4 280.8 -29.4 6.35E-05 000.8 008.9  75.4 0.071874 0.055970 0.016042 hargrave 2020-02-05 18:23:38 
ARM    281.0 -29.8 281.0 -29.8 6.22E-05 000.8 009.5  75.0 0.071929 0.056659 0.016011 hargrave 2020-02-05 18:24:36 
ARM    282.2 -30.6 282.2 -30.6 5.94E-05 000.8 012.5  74.0 0.071448 0.053704 0.015442 hargrave 2020-02-05 18:25:34 
ARM    283.3 -31.3 283.3 -31.3 5.65E-05 000.8 015.2  73.0 0.068750 0.050565 0.014515 hargrave 2020-02-05 18:26:33 
ARM    284.8 -32.2 284.8 -32.2 5.45E-05 000.9 018.1  71.7 0.072776 0.050163 0.014600 hargrave 2020-02-05 18:27:31 
ARM    287.7 -33.9 287.7 -33.9 4.85E-05 000.9 022.8  69.3 0.070964 0.041384 0.014485 hargrave 2020-02-05 18:28:29 
ARM    296.3 -34.5 296.3 -34.5 4.05E-05 001.1 036.7  64.6 0.070312 0.032536 0.013469 hargrave 2020-02-05 18:29:28 
ARM    309.7 -32.7 309.7 -32.7 3.53E-05 001.2 052.5  56.4 0.066557 0.037339 0.011710 hargrave 2020-02-05 18:30:26 
ARM    316.4 -27.8 316.4 -27.8 3.48E-05 001.0 063.6  52.4 0.037086 0.054368 0.010641 hargrave 2020-02-05 18:31:24 
ARM    325.5 -18.2 325.5 -18.2 3.54E-05 000.6 079.1  44.7 0.018910 0.054698 0.010330 hargrave 2020-02-05 18:32:23 
ARM    351.1 -10.6 351.1 -10.6 3.00E-05 000.8 083.7  19.1 0.042737 0.038050 0.010260 hargrave 2020-02-05 18:33:21 
ARM    359.3 -09.7 359.3 -09.7 3.19E-05 000.8 082.8  11.0 0.040480 0.032833 0.027346 hargrave 2020-02-05 18:34:19 
ARM    006.6  03.4 006.6  03.4 3.66E-05 000.6 093.7  00.7 0.020793 0.063282 0.032263 hargrave 2020-02-05 18:35:17 
ARM    031.5  06.1 031.5  06.1 4.32E-05 001.0 090.1 -24.1 0.065875 0.057847 0.031614 hargrave 2020-02-05 18:36:16 
ARM    019.8  09.6 019.8  09.6 5.02E-05 000.8 096.5 -13.6 0.041330 0.085242 0.039392 hargrave 2020-02-05 18:37:14 
ARM    009.3  03.3 009.3  03.3 4.61E-05 000.5 092.9 -01.9 0.018811 0.064368 0.038132 hargrave 2020-02-05 18:38:12 
ARM    010.6  03.2 010.6  03.2 5.02E-05 000.9 092.5 -03.2 0.066711 0.064469 0.042308 hargrave 2020-02-05 18:39:11 
ARM    015.8  05.0 015.8  05.0 5.40E-05 000.7 093.0 -08.6 0.044202 0.067903 0.043781 hargrave 2020-02-05 18:40:09 
ARM    022.0  05.1 022.0  05.1 5.71E-05 000.8 091.4 -14.7 0.065853 0.064363 0.043112 hargrave 2020-02-05 18:41:07 
ARM    013.0  05.2 013.0  05.2 5.85E-05 000.9 093.9 -06.0 0.070385 0.067240 0.048354 hargrave 2020-02-05 18:42:05 
ARM    022.3  03.9 022.3  03.9 6.39E-05 000.8 090.2 -14.7 0.072046 0.071471 0.048379 hargrave 2020-02-05 18:43:04 
ARM    020.1  03.0 020.1  03.0 6.50E-05 000.8 089.9 -12.2 0.071490 0.068480 0.053241 hargrave 2020-02-05 18:44:03 
ARM    015.7 -00.2 015.7 -00.2 6.63E-05 000.8 087.9 -07.2 0.073324 0.074162 0.057307 hargrave 2020-02-05 18:45:01 
ARM    013.5 -00.6 013.5 -00.6 6.54E-05 000.8 088.1 -04.9 0.074988 0.072930 0.055202 hargrave 2020-02-05 18:45:59 
ARM    019.3  03.8 019.3  03.8 6.76E-05 000.7 090.9 -11.7 0.053154 0.077687 0.053941 hargrave 2020-02-05 18:46:57 
ARM    022.7  00.1 022.7  00.1 7.11E-05 000.8 086.3 -14.0 0.078122 0.081453 0.057799 hargrave 2020-02-05 18:47:56 
ARM    019.2  03.6 019.2  03.6 6.90E-05 000.8 090.6 -11.5 0.079097 0.081026 0.058805 hargrave 2020-02-05 18:48:54 
ARM    035.4  05.7 035.4  05.7 7.38E-05 000.8 088.6 -27.7 0.083954 0.081854 0.053552 hargrave 2020-02-05 18:49:52 
AFz 10 035.4  05.6 035.4  05.6 7.38E-05 000.8 088.5 -27.7 0.078601 0.082329 0.054006 hargrave 2020-02-05 18:50:47 
AFz 20 035.3  05.7 035.3  05.7 7.38E-05 000.8 088.6 -27.6 0.083388 0.082232 0.054035 hargrave 2020-02-05 18:51:42 
AFz 30 035.3  05.7 035.3  05.7 7.38E-05 000.8 088.6 -27.6 0.084206 0.082260 0.053908 hargrave 2020-02-05 18:52:37 
AFz 40 035.3  05.7 035.3  05.7 7.38E-05 000.8 088.6 -27.6 0.085110 0.082485 0.053952 hargrave 2020-02-05 18:53:32 
AFz 50 035.2  05.7 035.2  05.7 7.38E-05 000.8 088.6 -27.5 0.083630 0.082513 0.053800 hargrave 2020-02-05 18:54:27 
AFz 60 035.3  05.7 035.3  05.7 7.37E-05 000.8 088.6 -27.6 0.084116 0.081591 0.053765 hargrave 2020-02-05 18:55:22 
AFz 70 035.2  05.7 035.2  05.7 7.37E-05 000.7 088.7 -27.5 0.071992 0.081894 0.054149 hargrave 2020-02-05 18:56:18 
AFz 80 035.2  05.7 035.2  05.7 7.37E-05 000.8 088.6 -27.5 0.083910 0.081879 0.054070 hargrave 2020-02-05 18:57:13 
AFz 90 035.2  05.6 035.2  05.6 7.36E-05 000.8 088.6 -27.5 0.083366 0.082262 0.053713 hargrave 2020-02-05 18:58:08 
AFz100 035.3  05.7 035.3  05.7 7.36E-05 000.8 088.6 -27.6 0.084240 0.082261 0.053644 hargrave 2020-02-05 18:59:03 
AFz120 035.0  05.6 035.0  05.6 7.36E-05 000.8 088.6 -27.3 0.083419 0.082262 0.053706 hargrave 2020-02-05 18:59:58 
AFz140 035.4  05.8 035.4  05.8 7.36E-05 000.8 088.7 -27.7 0.084781 0.082184 0.053653 hargrave 2020-02-05 19:00:53 
AFz160 035.3  05.6 035.3  05.6 7.32E-05 000.8 088.6 -27.6 0.083996 0.082105 0.053245 hargrave 2020-02-05 19:01:48 
AFz180 035.2  05.5 035.2  05.5 7.34E-05 000.8 088.5 -27.5 0.083312 0.081783 0.053851 hargrave 2020-02-05 19:02:43 
AFz200 034.4  05.6 034.4  05.6 7.28E-05 000.8 088.7 -26.7 0.085291 0.081031 0.053928 hargrave 2020-02-05 19:03:38 
AFz250 034.8  05.8 034.8  05.8 7.31E-05 000.9 088.9 -27.2 0.095790 0.081410 0.054841 hargrave 2020-02-05 19:04:33 
AFz300 036.0  07.0 036.0  07.0 7.37E-05 000.8 089.8 -28.6 0.079283 0.079686 0.053679 hargrave 2020-02-05 19:05:28 
AFz350 036.3  06.1 036.3  06.1 7.52E-05 000.7 088.8 -28.7 0.069553 0.080831 0.054350 hargrave 2020-02-05 19:06:24 
AFz400 032.2  04.3 032.2  04.3 7.49E-05 000.8 087.9 -24.2 0.081891 0.082753 0.058681 hargrave 2020-02-05 19:07:20 
AFz450 031.8  05.4 031.8  05.4 7.65E-05 000.8 089.2 -24.1 0.080499 0.079457 0.058718 hargrave 2020-02-05 19:08:15 
AFz500 029.8  04.2 029.8  04.2 7.45E-05 000.6 088.5 -21.9 0.042795 0.081990 0.056349 hargrave 2020-02-05 19:09:10 
AFz550 033.9  06.6 033.9  06.6 7.70E-05 000.7 090.0 -26.5 0.071522 0.082544 0.058000 hargrave 2020-02-05 19:10:06 
AFz600 030.2  04.5 030.2  04.5 7.27E-05 000.8 088.7 -22.4 0.086891 0.085870 0.057389 hargrave 2020-02-05 19:11:01 
AFz650 023.1  02.9 023.1  02.9 7.22E-05 000.7 089.0 -15.1 0.079382 0.079834 0.044633 hargrave 2020-02-05 19:11:56 
AFz700 019.4  05.1 019.4  05.1 7.12E-05 000.9 092.1 -12.1 0.098944 0.086764 0.058982 hargrave 2020-02-05 19:12:51 
AFz750 021.4  02.4 021.4  02.4 7.43E-05 000.7 088.9 -13.4 0.074098 0.078289 0.062270 hargrave 2020-02-05 19:13:46 
AFz800 011.6  01.1 011.6  01.1 6.93E-05 000.6 090.2 -03.6 0.046559 0.080056 0.059847 hargrave 2020-02-05 19:14:41 
AFz850 028.4  03.9 028.4  03.9 7.00E-05 000.8 088.5 -20.5 0.087390 0.086005 0.053428 hargrave 2020-02-05 19:15:37 
AFz900 047.6  08.5 047.6  08.5 9.13E-05 000.7 088.5 -40.1 0.089712 0.086476 0.054034 hargrave 2020-02-05 19:16:32 
AFz950 025.7  04.7 025.7  04.7 7.30E-05 000.6 090.1 -18.1 0.053130 0.079256 0.056329 hargrave 2020-02-05 19:17:27 
AFz000 030.1  05.0 030.1  05.0 7.60E-05 000.8 089.3 -22.5 0.078688 0.079904 0.057611 hargrave 2020-02-05 19:18:23 
AFz050 034.3  01.6 034.3  01.6 8.18E-05 000.8 084.5 -25.6 0.107663 0.056298 0.045846 hargrave 2020-02-05 19:19:18 
AFz100 021.2  03.7 021.2  03.7 7.11E-05 000.8 090.3 -13.5 0.073658 0.090316 0.060408 hargrave 2020-02-05 19:20:13 
AFz150 016.3  03.5 016.3  03.5 7.15E-05 000.8 091.3 -08.7 0.085038 0.086754 0.059738 hargrave 2020-02-05 19:21:08 
AFz200 016.7 -00.2 016.7 -00.2 7.44E-05 000.9 087.6 -08.1 0.099313 0.067449 0.063488 hargrave 2020-02-05 19:22:03 
AFz250 010.8 -01.1 010.8 -01.1 7.51E-05 001.0 088.3 -02.3 0.111581 0.078490 0.066581 hargrave 2020-02-05 19:22:59 
AFz300 015.0 -00.6 015.0 -00.6 7.03E-05 000.9 087.6 -06.4 0.082556 0.077338 0.062869 hargrave 2020-02-05 19:23:54 
AFz500 013.7 -00.6 013.7 -00.6 7.18E-05 000.8 088.0 -05.2 0.081682 0.077542 0.061744 hargrave 2020-02-05 19:24:49 
ARM    014.0 -00.1 014.0 -00.1 7.24E-05 000.8 088.4 -05.6 0.083621 0.082952 0.063248 hargrave 2020-02-05 19:25:47 
ARM    015.6 -01.2 015.6 -01.2 7.35E-05 000.9 086.9 -06.9 0.096360 0.067652 0.063401 hargrave 2020-02-05 19:26:45 
ARM    015.9  00.3 015.9  00.3 7.49E-05 000.9 088.3 -07.5 0.096313 0.071328 0.064948 hargrave 2020-02-05 19:27:44 
ARM    067.8  09.7 067.8  09.7 1.37E-04 000.5 083.4 -59.9 0.096572 0.084352 0.041803 hargrave 2020-02-05 19:28:42 
ARM    091.9  12.4 091.9  12.4 4.87E-04 000.4 067.7 -83.3 0.242080 0.189751 0.122681 hargrave 2020-02-05 19:29:40 
ARM  1 095.7  12.5 095.7  12.5 8.83E-04 000.3 044.8 -86.6 0.366060 0.311051 0.256267 hargrave 2020-02-05 19:30:38 
ARM  1 097.2  12.6 097.2  12.6 1.26E-03 000.3 022.6 -87.4 0.539959 0.463879 1.080085 hargrave 2020-02-05 19:31:36 
ARM  1 098.0  12.6 098.0  12.6 1.64E-03 000.3 004.8 -87.6 0.662368 0.636235 0.522039 hargrave 2020-02-05 19:32:34 
ARM  1 098.5  12.6 098.5  12.6 2.03E-03 000.3 352.8 -87.6 0.808016 0.742298 0.710214 hargrave 2020-02-05 19:33:32 
ARM  1 098.8  12.6 098.8  12.6 2.43E-03 000.3 345.7 -87.5 0.992036 0.882749 0.800353 hargrave 2020-02-05 19:34:31 
ARM  1 099.3  12.7 099.3  12.7 3.38E-03 000.3 335.6 -87.4 1.358288 1.229928 1.095766 hargrave 2020-02-05 19:35:29 
ARM  2 099.6  12.7 099.6  12.7 4.33E-03 000.3 330.3 -87.3 1.741696 1.595393 1.456592 hargrave 2020-02-05 19:36:27 
ARM  2 099.7  12.7 099.7  12.7 5.31E-03 000.3 327.2 -87.2 2.117517 1.956845 1.762026 hargrave 2020-02-05 19:37:25 
ARM  2 099.9  12.7 099.9  12.7 6.29E-03 000.3 324.9 -87.2 2.504902 2.317209 2.278829 hargrave 2020-02-05 19:38:23 
ARM  2 100.0  12.7 100.0  12.7 8.17E-03 000.3 322.5 -87.1 3.243202 3.039740 2.737069 hargrave 2020-02-05 19:39:21 
ARM  3 100.1  12.7 100.1  12.7 1.01E-02 000.3 321.0 -87.0 4.014583 3.778940 3.869555 hargrave 2020-02-05 19:40:20 
ARM  4 100.2  12.7 100.2  12.7 1.20E-02 000.3 320.0 -87.0 4.807037 4.544207 4.072306 hargrave 2020-02-05 19:41:18 
ARM  4 100.3  12.7 100.3  12.7 1.38E-02 000.3 319.1 -86.9 5.520201 5.235663 4.688416 hargrave 2020-02-05 19:42:16 
ARM  4 100.3  12.7 100.3  12.7 1.57E-02 000.3 318.7 -86.9 6.260613 5.937659 5.281616 hargrave 2020-02-05 19:43:15 
ARM  5 100.3  12.7 100.3  12.7 1.76E-02 000.3 318.2 -86.9 6.998764 6.683002 5.836310 hargrave 2020-02-05 19:44:13 
