AX2- 1b mag compass orientation (IGRF corrected)
      0 318.2  64.0   0.0   0.0   1.0
NRM    136.6 -58.9 136.6 -58.9 2.07E-06 003.7 325.9 -22.9 0.009322 0.014197 0.000624 hargrave 2020-02-05 10:08:53 
AF  10 130.9 -58.9 130.9 -58.9 2.13E-06 003.5 325.3 -25.7 0.010076 0.013648 0.000392 hargrave 2020-02-05 10:10:15 
AF  20 127.2 -50.9 127.2 -50.9 2.10E-06 003.7 316.2 -26.6 0.009678 0.013791 0.000196 hargrave 2020-02-05 10:11:35 
AF  30 147.5 -54.7 147.5 -54.7 2.01E-06 003.7 323.6 -15.9 0.008883 0.013000 0.000275 hargrave 2020-02-05 10:12:55 
AF  40 152.1 -61.1 152.1 -61.1 2.21E-06 003.0 330.8 -16.2 0.008550 0.012338 0.000856 hargrave 2020-02-05 10:14:15 
AF  50 160.9 -52.8 160.9 -52.8 1.67E-06 004.0 325.7 -08.0 0.008974 0.011994 0.001207 hargrave 2020-02-05 10:15:35 
AF  60 153.8 -42.1 153.8 -42.1 2.02E-06 003.4 314.0 -06.5 0.008824 0.012844 0.001070 hargrave 2020-02-05 10:16:54 
AF  70 154.8 -57.0 154.8 -57.0 2.60E-06 002.8 327.6 -13.1 0.009206 0.013953 0.001356 hargrave 2020-02-05 10:18:14 
AF  80 150.7 -75.8 150.7 -75.8 2.73E-06 002.7 345.1 -22.2 0.009062 0.012864 0.001699 hargrave 2020-02-05 10:19:34 
AF  90 080.9 -76.9 080.9 -76.9 3.10E-06 002.3 351.2 -36.8 0.010286 0.011729 0.001956 hargrave 2020-02-05 10:20:53 
AF 100 116.3 -82.2 116.3 -82.2 2.84E-06 002.2 351.7 -28.7 0.011847 0.010122 0.002372 hargrave 2020-02-05 10:22:14 
AF 120 211.5 -82.8 211.5 -82.8 4.43E-06 001.8 357.8 -19.1 0.012451 0.013477 0.002878 hargrave 2020-02-05 10:23:34 
AF 140 241.5 -69.7 241.5 -69.7 4.11E-06 001.8 004.6 -06.1 0.012156 0.011721 0.003103 hargrave 2020-02-05 10:24:54 
AF 160 207.0 -29.1 207.0 -29.1 3.88E-06 002.0 338.3  31.3 0.009235 0.013425 0.001761 hargrave 2020-02-05 10:26:13 
AF 180 250.3 -65.9 250.3 -65.9 4.22E-06 001.9 008.9 -03.4 0.014985 0.011757 0.003630 hargrave 2020-02-05 10:27:33 
AF 200 239.1 -69.5 239.1 -69.5 4.60E-06 001.8 003.8 -05.8 0.013473 0.013447 0.001921 hargrave 2020-02-05 10:28:53 
AF 250 279.8 -29.5 279.8 -29.5 3.02E-06 002.1 045.1  15.7 0.010270 0.005766 0.002200 hargrave 2020-02-05 10:30:13 
AF 300 029.7 -70.6 029.7 -70.6 3.79E-06 002.2 008.5 -44.2 0.009503 0.012861 0.003067 hargrave 2020-02-05 10:31:32 
AF 350 314.4 -50.1 314.4 -50.1 5.54E-06 001.7 042.1 -17.3 0.015926 0.008190 0.001947 hargrave 2020-02-05 10:32:52 
AF 400 009.6 -27.7 009.6 -27.7 5.97E-06 001.1 078.3 -55.7 0.009073 0.005916 0.003760 hargrave 2020-02-05 10:34:12 
AF 450 054.9 -08.8 054.9 -08.8 8.10E-06 000.9 201.6 -71.7 0.011095 0.007254 0.001553 hargrave 2020-02-05 10:35:33 
AF 500 047.2 -25.4 047.2 -25.4 6.84E-06 000.2 122.1 -89.0 0.002525 0.001105 0.000835 hargrave 2020-02-05 10:36:52 
AF 550 100.6 -38.4 100.6 -38.4 4.48E-06 001.2 299.3 -44.6 0.007741 0.007747 0.003019 hargrave 2020-02-05 10:38:12 
AF 600 028.4 -23.8 028.4 -23.8 4.97E-06 001.4 092.8 -71.9 0.010116 0.007523 0.001141 hargrave 2020-02-05 10:39:31 
AF 650 002.1 -68.5 002.1 -68.5 3.26E-06 001.2 020.1 -39.5 0.006638 0.004172 0.003295 hargrave 2020-02-05 10:40:51 
AF 700 055.3 -67.7 055.3 -67.7 6.12E-06 001.2 356.0 -48.1 0.007915 0.011746 0.005151 hargrave 2020-02-05 10:42:11 
AF 750 063.2 -40.5 063.2 -40.5 5.69E-06 001.7 322.9 -70.9 0.010994 0.013203 0.003913 hargrave 2020-02-05 10:43:31 
AF 800 061.1 -34.6 061.1 -34.6 2.70E-06 002.6 310.6 -76.0 0.007940 0.009675 0.001106 hargrave 2020-02-05 10:44:50 
AF 850 123.8 -27.5 123.8 -27.5 4.16E-06 002.2 290.4 -23.6 0.012658 0.020707 0.004678 hargrave 2020-02-05 10:46:10 
AF 900 055.3  08.7 055.3  08.7 3.71E-06 001.8 192.2 -54.6 0.012911 0.008164 0.003121 hargrave 2020-02-05 10:47:30 
AF 950 181.8 -22.2 181.8 -22.2 2.85E-06 003.4 312.7  24.1 0.013687 0.015981 0.002465 hargrave 2020-02-05 10:48:51 
AF1000 025.4  18.7 025.4  18.7 2.87E-06 002.4 151.3 -40.1 0.005541 0.011172 0.001864 hargrave 2020-02-05 10:50:11 
AF1050 114.9  74.9 114.9  74.9 5.77E-06 001.3 194.7  19.3 0.010162 0.012710 0.002710 hargrave 2020-02-05 10:51:32 
AF1100 007.9  52.7 007.9  52.7 5.05E-06 001.7 156.9 -03.8 0.007641 0.014340 0.001877 hargrave 2020-02-05 10:52:53 
AF1150 154.2  46.4 154.2  46.4 4.32E-06 001.1 229.5  29.2 0.009919 0.006082 0.002179 hargrave 2020-02-05 10:54:13 
AF1200 145.7  16.7 145.7  16.7 1.72E-06 001.8 257.9  13.8 0.005987 0.011815 0.001387 hargrave 2020-02-05 10:55:35 
AF1250 218.5  42.6 218.5  42.6 3.11E-06 001.9 203.1  71.6 0.005225 0.009290 0.001793 hargrave 2020-02-05 10:56:56 
AF1300 263.6  59.8 263.6  59.8 2.31E-06 003.5 154.0  48.4 0.006560 0.012307 0.002560 hargrave 2020-02-05 10:58:19 
ARM    263.0  60.2 263.0  60.2 2.29E-06 003.5 154.7  48.4 0.006550 0.012466 0.002542 hargrave 2020-02-05 10:59:19 
ARM    264.2  61.2 264.2  61.2 2.31E-06 003.5 155.4  47.3 0.006410 0.012406 0.002736 hargrave 2020-02-05 11:00:18 
ARM    264.7  60.5 264.7  60.5 2.27E-06 003.6 154.2  47.5 0.006516 0.012486 0.002630 hargrave 2020-02-05 11:01:18 
ARM    271.0  61.1 271.0  61.1 2.25E-06 003.4 152.6  44.6 0.006119 0.012098 0.002640 hargrave 2020-02-05 11:02:17 
ARM    270.6  60.2 270.6  60.2 2.17E-06 003.5 151.5  45.3 0.005839 0.011757 0.002630 hargrave 2020-02-05 11:03:16 
ARM    275.4  57.3 275.4  57.3 2.15E-06 003.6 146.4  44.3 0.006147 0.012083 0.002578 hargrave 2020-02-05 11:04:15 
ARM    271.4  59.6 271.4  59.6 2.16E-06 003.7 150.5  45.2 0.006638 0.012405 0.002502 hargrave 2020-02-05 11:05:13 
ARM    258.3  53.6 258.3  53.6 2.26E-06 003.4 149.1  54.5 0.006309 0.011808 0.002418 hargrave 2020-02-05 11:06:12 
ARM    264.5  54.5 264.5  54.5 2.12E-06 003.5 146.9  51.0 0.006357 0.011517 0.002285 hargrave 2020-02-05 11:07:11 
ARM    284.9  60.5 284.9  60.5 1.73E-06 004.2 148.2  38.6 0.006163 0.011326 0.002221 hargrave 2020-02-05 11:08:10 
ARM    330.3  49.6 330.3  49.6 1.06E-06 006.2 139.6  12.2 0.006212 0.011426 0.001864 hargrave 2020-02-05 11:09:09 
ARM    301.4  27.8 301.4  27.8 7.35E-07 008.6 110.0  25.8 0.007554 0.011834 0.001550 hargrave 2020-02-05 11:11:43 
ARM    251.2  51.7 251.2  51.7 1.35E-06 005.6 152.1  58.9 0.006307 0.011640 0.001651 hargrave 2020-02-05 11:12:42 
ARM    242.9  18.0 242.9  18.0 2.87E-06 003.1 062.6  74.2 0.009289 0.013070 0.001128 hargrave 2020-02-05 11:13:41 
ARM    207.4  09.2 207.4  09.2 3.54E-06 002.4 306.7  64.1 0.007568 0.013427 0.000895 hargrave 2020-02-05 11:14:40 
ARM    227.7  23.1 227.7  23.1 5.25E-06 001.8 350.2  87.0 0.009916 0.013792 0.001863 hargrave 2020-02-05 11:15:39 
ARM    028.3 -54.4 028.3 -54.4 1.71E-06 003.6 021.9 -58.0 0.008222 0.008412 0.002069 hargrave 2020-02-05 11:16:39 
ARM    136.5 -50.4 136.5 -50.4 1.64E-06 002.0 317.0 -20.8 0.005371 0.007022 0.001026 hargrave 2020-02-05 11:17:38 
ARM    306.2 -54.6 306.2 -54.6 2.78E-06 001.9 035.8 -14.4 0.011925 0.004145 0.003556 hargrave 2020-02-05 11:18:36 
ARM    059.9 -49.3 059.9 -49.3 7.87E-06 000.7 341.8 -65.0 0.008990 0.007085 0.003346 hargrave 2020-02-05 11:19:36 
ARM    348.2 -42.9 348.2 -42.9 6.25E-06 001.5 054.6 -38.8 0.019320 0.005163 0.004785 hargrave 2020-02-05 11:20:35 
ARM    286.0 -50.8 286.0 -50.8 3.79E-06 001.9 032.3 -02.1 0.017982 0.006398 0.005548 hargrave 2020-02-05 11:21:34 
ARM    355.7 -34.8 355.7 -34.8 1.03E-05 001.4 065.7 -44.3 0.027768 0.009490 0.008685 hargrave 2020-02-05 11:22:33 
ARM    006.6 -25.6 006.6 -25.6 8.59E-06 001.2 081.1 -52.7 0.018162 0.010539 0.008347 hargrave 2020-02-05 11:23:32 
ARM    020.3 -22.4 020.3 -22.4 1.36E-05 001.0 092.1 -64.4 0.019077 0.014496 0.009549 hargrave 2020-02-05 11:24:31 
ARM    024.8 -34.9 024.8 -34.9 1.98E-05 000.7 060.5 -68.0 0.022117 0.009641 0.010087 hargrave 2020-02-05 11:25:31 
ARM    012.7 -31.0 012.7 -31.0 1.69E-05 000.9 072.5 -58.5 0.027123 0.012607 0.010939 hargrave 2020-02-05 11:26:30 
ARM    032.0 -33.3 032.0 -33.3 1.76E-05 000.6 058.6 -74.2 0.017383 0.005860 0.009268 hargrave 2020-02-05 11:27:29 
ARM    007.7 -17.9 007.7 -17.9 1.52E-05 001.0 093.9 -51.8 0.023010 0.015272 0.010042 hargrave 2020-02-05 11:28:28 
ARM    005.0 -11.5 005.0 -11.5 1.56E-05 001.0 101.3 -46.8 0.020225 0.019217 0.013523 hargrave 2020-02-05 11:29:28 
ARM    008.6 -31.3 008.6 -31.3 2.07E-05 001.0 071.9 -55.0 0.035580 0.014868 0.014041 hargrave 2020-02-05 11:30:27 
ARM    009.4 -25.5 009.4 -25.5 2.36E-05 001.0 082.2 -55.2 0.039930 0.018933 0.015576 hargrave 2020-02-05 11:31:26 
ARM    006.0 -25.7 006.0 -25.7 1.82E-05 001.2 080.8 -52.2 0.037534 0.019584 0.012382 hargrave 2020-02-05 11:32:25 
ARM    349.9 -10.1 349.9 -10.1 1.90E-05 001.2 094.8 -32.8 0.033688 0.028775 0.017258 hargrave 2020-02-05 11:33:23 
ARM    004.0 -22.0 004.0 -22.0 1.87E-05 001.1 086.0 -49.6 0.032036 0.021544 0.010751 hargrave 2020-02-05 11:34:22 
ARM    012.6 -24.5 012.6 -24.5 3.34E-05 000.8 084.8 -57.9 0.039671 0.027074 0.019011 hargrave 2020-02-05 11:35:21 
ARM    356.3 -04.6 356.3 -04.6 1.95E-05 001.3 104.1 -36.0 0.029982 0.036479 0.014055 hargrave 2020-02-05 11:36:21 
AFz 10 356.3 -04.6 356.3 -04.6 1.95E-05 001.3 104.2 -36.0 0.029801 0.037046 0.013940 hargrave 2020-02-05 11:37:18 
AFz 20 356.3 -04.6 356.3 -04.6 1.95E-05 001.3 104.1 -36.1 0.029963 0.036887 0.014085 hargrave 2020-02-05 11:38:14 
AFz 30 356.4 -04.5 356.4 -04.5 1.95E-05 001.3 104.3 -36.0 0.030840 0.036809 0.014104 hargrave 2020-02-05 11:39:09 
AFz 40 356.4 -04.5 356.4 -04.5 1.96E-05 001.3 104.3 -36.1 0.029510 0.037200 0.014111 hargrave 2020-02-05 11:40:05 
AFz 50 356.2 -04.5 356.2 -04.5 1.96E-05 001.3 104.2 -35.9 0.030535 0.036873 0.014010 hargrave 2020-02-05 11:41:01 
AFz 60 356.4 -04.0 356.4 -04.0 1.96E-05 001.3 104.8 -35.8 0.030664 0.037446 0.014305 hargrave 2020-02-05 11:41:57 
AFz 70 356.9 -03.6 356.9 -03.6 1.96E-05 001.3 105.6 -36.0 0.029236 0.037952 0.014049 hargrave 2020-02-05 11:42:53 
AFz 80 356.6 -03.7 356.6 -03.7 1.96E-05 001.3 105.3 -35.8 0.029963 0.038064 0.014324 hargrave 2020-02-05 11:43:49 
AFz 90 357.0 -03.0 357.0 -03.0 1.94E-05 001.3 106.3 -35.8 0.028420 0.037776 0.014016 hargrave 2020-02-05 11:44:45 
AFz100 356.4 -04.0 356.4 -04.0 1.93E-05 001.3 104.9 -35.8 0.030134 0.037427 0.013936 hargrave 2020-02-05 11:45:40 
AFz120 355.1 -01.4 355.1 -01.4 1.83E-05 001.4 106.8 -33.4 0.028970 0.037818 0.013389 hargrave 2020-02-05 11:46:36 
AFz140 359.0 -06.7 359.0 -06.7 1.97E-05 001.3 103.4 -39.3 0.030325 0.036840 0.013689 hargrave 2020-02-05 11:47:32 
AFz160 000.6 -06.7 000.6 -06.7 1.89E-05 001.3 104.4 -40.7 0.028548 0.035021 0.012459 hargrave 2020-02-05 11:48:28 
AFz180 000.5 -07.7 000.5 -07.7 1.94E-05 001.3 103.2 -41.2 0.029760 0.034975 0.012629 hargrave 2020-02-05 11:49:23 
AFz200 003.9 -09.5 003.9 -09.5 2.00E-05 001.2 103.1 -45.0 0.028340 0.033341 0.012779 hargrave 2020-02-05 11:50:19 
AFz250 358.8 -03.8 358.8 -03.8 2.03E-05 001.3 106.6 -37.8 0.027674 0.038127 0.015118 hargrave 2020-02-05 11:51:15 
AFz300 356.6 -01.6 356.6 -01.6 1.83E-05 001.4 107.5 -34.8 0.027415 0.038429 0.014811 hargrave 2020-02-05 11:52:11 
AFz350 358.5 -07.1 358.5 -07.1 1.87E-05 001.3 102.7 -39.2 0.028634 0.032904 0.012645 hargrave 2020-02-05 11:53:07 
AFz400 359.8 -09.4 359.8 -09.4 1.97E-05 001.3 100.8 -41.3 0.030338 0.035993 0.013963 hargrave 2020-02-05 11:54:03 
AFz450 002.0 -09.9 002.0 -09.9 1.97E-05 001.2 101.5 -43.5 0.029142 0.032359 0.013440 hargrave 2020-02-05 11:54:59 
AFz500 357.6 -13.0 357.6 -13.0 1.96E-05 001.3 095.3 -40.9 0.032711 0.032931 0.016215 hargrave 2020-02-05 11:55:55 
AFz550 354.7 -05.5 354.7 -05.5 1.64E-05 001.4 102.2 -35.0 0.027374 0.032767 0.012823 hargrave 2020-02-05 11:56:51 
AFz600 359.5 -18.1 359.5 -18.1 2.19E-05 001.2 089.7 -44.4 0.039489 0.029396 0.016587 hargrave 2020-02-05 11:57:47 
AFz650 012.2 -24.8 012.2 -24.8 2.24E-05 001.0 084.0 -57.6 0.034788 0.025055 0.010990 hargrave 2020-02-05 11:58:43 
AFz700 012.4 -23.1 012.4 -23.1 2.76E-05 000.9 087.3 -57.4 0.035759 0.025997 0.016906 hargrave 2020-02-05 11:59:40 
AFz750 017.8 -18.1 017.8 -18.1 2.29E-05 000.8 099.5 -60.8 0.022648 0.022211 0.011995 hargrave 2020-02-05 12:00:36 
AFz800 021.8 -20.9 021.8 -20.9 3.45E-05 000.7 096.3 -65.3 0.024186 0.034087 0.017804 hargrave 2020-02-05 12:01:32 
AFz850 005.9 -12.5 005.9 -12.5 2.16E-05 001.1 100.5 -48.0 0.026408 0.034512 0.013339 hargrave 2020-02-05 12:02:28 
AFz900 354.5 -17.3 354.5 -17.3 1.82E-05 001.4 088.5 -39.7 0.039164 0.026651 0.012136 hargrave 2020-02-05 12:03:24 
AFz950 348.3 -11.4 348.3 -11.4 1.83E-05 001.4 092.5 -31.9 0.037399 0.030068 0.012952 hargrave 2020-02-05 12:04:20 
AFz000 355.8  00.1 355.8  00.1 1.74E-05 001.3 108.8 -33.2 0.024320 0.034756 0.013930 hargrave 2020-02-05 12:05:16 
AFz050 356.4 -14.5 356.4 -14.5 2.04E-05 001.3 092.8 -40.4 0.036217 0.034035 0.014492 hargrave 2020-02-05 12:06:12 
AFz100 348.7 -14.8 348.7 -14.8 1.85E-05 001.5 089.0 -33.6 0.043903 0.028647 0.012854 hargrave 2020-02-05 12:07:08 
AFz150 011.3 -16.3 011.3 -16.3 1.65E-05 001.2 098.4 -54.4 0.023738 0.025139 0.011409 hargrave 2020-02-05 12:08:04 
AFz200 012.6 -13.2 012.6 -13.2 2.47E-05 001.0 104.0 -54.3 0.025476 0.033278 0.015279 hargrave 2020-02-05 12:09:00 
AFz250 000.1 -13.1 000.1 -13.1 1.40E-05 001.3 096.4 -43.2 0.026148 0.018225 0.009687 hargrave 2020-02-05 12:09:56 
AFz300 002.2 -15.5 002.2 -15.5 1.85E-05 001.1 094.4 -46.0 0.028102 0.024638 0.013865 hargrave 2020-02-05 12:10:52 
AFz500 355.4 -07.3 355.4 -07.3 2.05E-05 001.2 100.6 -36.5 0.029597 0.034288 0.015626 hargrave 2020-02-05 12:11:49 
ARM    356.1 -09.5 356.1 -09.5 2.20E-05 001.1 098.6 -38.1 0.032721 0.033480 0.016580 hargrave 2020-02-05 12:12:48 
ARM    359.8 -09.5 359.8 -09.5 1.96E-05 001.2 100.6 -41.4 0.028468 0.034477 0.014157 hargrave 2020-02-05 12:13:47 
ARM    358.9 -09.2 358.9 -09.2 2.07E-05 001.2 100.5 -40.4 0.029010 0.035031 0.015663 hargrave 2020-02-05 12:14:46 
ARM    035.5 -23.8 035.5 -23.8 5.74E-05 000.3 097.9 -78.2 0.016057 0.028612 0.015958 hargrave 2020-02-05 12:15:45 
ARM    045.1 -27.7 045.1 -27.7 2.12E-04 000.2 056.8 -86.8 0.053246 0.071126 0.026782 hargrave 2020-02-05 12:16:43 
ARM  1 047.4 -27.8 047.4 -27.8 3.91E-04 000.3 021.7 -88.1 0.127041 0.144404 0.042696 hargrave 2020-02-05 12:17:42 
ARM  1 048.1 -28.2 048.1 -28.2 5.69E-04 000.3 002.5 -87.8 0.166913 0.193329 0.059481 hargrave 2020-02-05 12:18:42 
ARM  1 048.5 -28.2 048.5 -28.2 7.39E-04 000.3 354.0 -87.8 0.224085 0.291787 0.073155 hargrave 2020-02-05 12:19:41 
ARM  1 048.7 -28.3 048.7 -28.3 9.07E-04 000.3 349.5 -87.7 0.269642 0.357456 0.091646 hargrave 2020-02-05 12:20:40 
ARM  1 048.9 -28.2 048.9 -28.2 1.08E-03 000.3 343.9 -87.7 0.316628 0.419053 0.103265 hargrave 2020-02-05 12:21:38 
ARM  1 049.2 -28.4 049.2 -28.4 1.51E-03 000.3 340.5 -87.5 0.463261 0.560968 0.145978 hargrave 2020-02-05 12:22:37 
ARM  2 049.2 -28.3 049.2 -28.3 1.93E-03 000.3 339.0 -87.5 0.578293 0.686990 0.184800 hargrave 2020-02-05 12:23:36 
ARM  2 049.4 -28.4 049.4 -28.4 2.36E-03 000.3 336.6 -87.4 0.729560 0.827842 0.224117 hargrave 2020-02-05 12:24:35 
ARM  2 049.4 -28.5 049.4 -28.5 2.78E-03 000.3 336.3 -87.3 0.873559 0.967553 0.267017 hargrave 2020-02-05 12:25:34 
ARM  2 049.5 -28.4 049.5 -28.4 3.62E-03 000.3 334.8 -87.3 1.135189 1.238798 0.345463 hargrave 2020-02-05 12:26:33 
ARM  3 049.5 -28.5 049.5 -28.5 4.44E-03 000.3 334.5 -87.2 1.365340 1.522646 0.421966 hargrave 2020-02-05 12:27:32 
ARM  4 049.6 -28.5 049.6 -28.5 5.26E-03 000.3 333.6 -87.2 1.624785 1.798475 0.497654 hargrave 2020-02-05 12:28:31 
ARM  4 049.6 -28.5 049.6 -28.5 6.08E-03 000.3 333.4 -87.2 1.895445 2.096331 0.575497 hargrave 2020-02-05 12:29:30 
ARM  4 049.6 -28.5 049.6 -28.5 6.89E-03 000.3 333.2 -87.2 2.118501 2.337497 0.658522 hargrave 2020-02-05 12:30:29 
ARM  5 049.7 -28.5 049.7 -28.5 7.70E-03 000.3 332.9 -87.2 2.369589 2.635243 0.736143 hargrave 2020-02-05 12:31:27 
