AX2- 2b mag compass orientation (IGRF corrected)
      0 318.2  64.0   0.0   0.0   1.0
NRM    039.6  51.8 039.6  51.8 3.11E-06 001.5 174.6 -11.8 0.004168 0.007928 0.002647 hargrave 2020-02-05 12:33:16 
AF  10 044.2  53.1 044.2  53.1 3.15E-06 001.5 177.6 -10.9 0.004307 0.007507 0.002818 hargrave 2020-02-05 12:34:38 
AF  20 045.5  53.5 045.5  53.5 3.05E-06 001.5 178.4 -10.4 0.004524 0.007680 0.002689 hargrave 2020-02-05 12:35:57 
AF  30 049.9  56.5 049.9  56.5 3.13E-06 001.5 181.0 -07.5 0.004242 0.007774 0.002817 hargrave 2020-02-05 12:37:17 
AF  40 062.7  52.6 062.7  52.6 3.31E-06 001.5 188.9 -10.4 0.004166 0.007318 0.003028 hargrave 2020-02-05 12:38:37 
AF  50 057.6  50.8 057.6  50.8 3.45E-06 001.6 186.1 -12.8 0.005544 0.008455 0.003173 hargrave 2020-02-05 12:39:56 
AF  60 048.8  54.8 048.8  54.8 3.16E-06 001.6 180.4 -09.1 0.004110 0.007971 0.002972 hargrave 2020-02-05 12:41:16 
AF  70 031.1  57.8 031.1  57.8 3.18E-06 001.5 170.9 -05.0 0.003917 0.008380 0.003125 hargrave 2020-02-05 12:42:35 
AF  80 017.2  61.1 017.2  61.1 3.33E-06 001.4 165.6  00.7 0.003190 0.008413 0.003204 hargrave 2020-02-05 12:43:55 
AF  90 052.4  65.1 052.4  65.1 2.86E-06 001.7 181.8  01.2 0.004515 0.007627 0.002906 hargrave 2020-02-05 12:45:14 
AF 100 033.3  68.2 033.3  68.2 2.85E-06 001.6 174.5  04.8 0.003645 0.007501 0.002888 hargrave 2020-02-05 12:46:34 
AF 120 345.9  72.0 345.9  72.0 2.58E-06 001.4 163.4  16.7 0.002350 0.006719 0.002144 hargrave 2020-02-05 12:47:53 
AF 140 017.3  69.1 017.3  69.1 2.58E-06 001.5 169.3  07.8 0.002821 0.006909 0.002287 hargrave 2020-02-05 12:49:14 
AF 160 025.1  71.6 025.1  71.6 2.29E-06 001.2 172.8  09.0 0.002541 0.004486 0.002045 hargrave 2020-02-05 12:50:33 
AF 180 354.6  47.5 354.6  47.5 2.80E-06 001.2 147.0 -02.1 0.001617 0.005963 0.002588 hargrave 2020-02-05 12:51:53 
AF 200 347.8  56.4 347.8  56.4 3.36E-06 001.2 151.0  06.9 0.002136 0.008089 0.003005 hargrave 2020-02-05 12:53:12 
AF 250 345.4  72.1 345.4  72.1 2.24E-06 001.2 163.4  16.9 0.002112 0.004460 0.002247 hargrave 2020-02-05 12:54:32 
AF 300 234.6  79.5 234.6  79.5 1.74E-06 001.1 178.5  36.5 0.002377 0.002778 0.001377 hargrave 2020-02-05 12:55:52 
AF 350 054.4  20.8 054.4  20.8 1.85E-06 001.3 187.9 -42.8 0.003326 0.002584 0.001353 hargrave 2020-02-05 12:57:14 
AF 400 144.0  43.0 144.0  43.0 2.88E-06 001.3 231.4  21.4 0.005511 0.003207 0.002262 hargrave 2020-02-05 12:58:34 
AF 450 147.7  43.6 147.7  43.6 1.49E-06 001.3 231.5  24.2 0.003477 0.001158 0.000565 hargrave 2020-02-05 12:59:54 
AF 500 091.9  45.8 091.9  45.8 1.90E-06 001.3 209.1 -08.0 0.004856 0.002447 0.000673 hargrave 2020-02-05 13:01:13 
AF 550 085.5  32.5 085.5  32.5 2.00E-06 001.3 213.3 -21.6 0.004687 0.002253 0.001264 hargrave 2020-02-05 13:02:33 
AF 600 107.4  12.3 107.4  12.3 2.98E-06 001.2 243.9 -20.9 0.006450 0.003428 0.002251 hargrave 2020-02-05 13:03:52 
AF 650 073.0  05.5 073.0  05.5 7.65E-07 001.2 220.9 -50.4 0.001098 0.001546 0.000381 hargrave 2020-02-05 13:05:12 
AF 700 051.6 -04.3 051.6 -04.3 2.79E-06 001.0 189.0 -68.0 0.003485 0.003390 0.000747 hargrave 2020-02-05 13:06:31 
AF 750 077.8 -42.3 077.8 -42.3 2.26E-06 000.9 311.5 -60.8 0.001464 0.004104 0.000838 hargrave 2020-02-05 13:07:51 
AF 800 183.5  32.0 183.5  32.0 2.29E-06 001.1 250.4  50.7 0.004198 0.001688 0.000555 hargrave 2020-02-05 13:09:11 
AF 850 166.9  37.8 166.9  37.8 8.41E-07 001.5 240.9  37.6 0.002054 0.000838 0.000508 hargrave 2020-02-05 13:10:31 
AF 900 171.1  59.3 171.1  59.3 2.27E-06 000.9 213.3  38.8 0.002629 0.002224 0.001437 hargrave 2020-02-05 13:11:50 
AF 950 244.2  55.8 244.2  55.8 1.24E-06 001.1 163.0  58.0 0.001722 0.001135 0.001203 hargrave 2020-02-05 13:13:10 
AF1000 258.2 -31.2 258.2 -31.2 3.39E-06 001.7 028.4  26.0 0.008474 0.006108 0.002055 hargrave 2020-02-05 13:14:30 
AF1050 238.4 -08.6 238.4 -08.6 3.23E-06 001.4 017.3  54.0 0.008626 0.002716 0.000487 hargrave 2020-02-05 13:15:52 
AF1100 196.1  17.2 196.1  17.2 3.20E-06 001.1 280.0  59.0 0.003440 0.005391 0.002908 hargrave 2020-02-05 13:17:12 
AF1150 187.7  19.4 187.7  19.4 4.33E-06 000.6 271.4  52.2 0.004249 0.001640 0.002418 hargrave 2020-02-05 13:18:33 
AF1200 205.7  04.3 205.7  04.3 4.36E-06 000.9 311.5  59.4 0.005600 0.005353 0.001701 hargrave 2020-02-05 13:19:54 
AF1250 216.8  25.9 216.8  25.9 6.55E-06 000.6 268.1  79.7 0.004598 0.005571 0.001573 hargrave 2020-02-05 13:21:16 
AF1300 242.3  26.5 242.3  26.5 6.42E-06 000.8 095.3  77.4 0.006833 0.006188 0.002237 hargrave 2020-02-05 13:22:38 
ARM    242.3  26.5 242.3  26.5 6.41E-06 000.8 095.2  77.3 0.007002 0.006265 0.002367 hargrave 2020-02-05 13:23:38 
ARM    242.3  26.5 242.3  26.5 6.41E-06 000.8 095.2  77.3 0.006917 0.006140 0.002319 hargrave 2020-02-05 13:24:37 
ARM    242.1  26.6 242.1  26.6 6.42E-06 000.8 095.7  77.5 0.006894 0.006073 0.002127 hargrave 2020-02-05 13:25:36 
ARM    241.8  26.5 241.8  26.5 6.34E-06 000.9 095.2  77.8 0.007492 0.006600 0.002310 hargrave 2020-02-05 13:26:35 
ARM    242.2  26.6 242.2  26.6 6.37E-06 000.9 095.9  77.5 0.007578 0.006598 0.002173 hargrave 2020-02-05 13:27:33 
ARM    242.6  26.4 242.6  26.4 6.40E-06 000.9 094.8  77.1 0.006838 0.006681 0.002231 hargrave 2020-02-05 13:28:32 
ARM    243.2  25.8 243.2  25.8 6.49E-06 000.9 092.6  76.5 0.007766 0.006563 0.002070 hargrave 2020-02-05 13:29:31 
ARM    244.2  25.5 244.2  25.5 6.47E-06 000.9 091.4  75.6 0.008159 0.006638 0.002206 hargrave 2020-02-05 13:30:30 
ARM    241.9  25.5 241.9  25.5 6.85E-06 000.9 090.8  77.6 0.007959 0.006706 0.002039 hargrave 2020-02-05 13:31:29 
ARM    243.2  26.5 243.2  26.5 6.91E-06 000.8 095.3  76.5 0.007369 0.006258 0.002210 hargrave 2020-02-05 13:32:28 
ARM    241.8  24.5 241.8  24.5 6.74E-06 000.9 085.8  77.6 0.008081 0.006624 0.002325 hargrave 2020-02-05 13:33:27 
ARM    245.5  24.4 245.5  24.4 6.51E-06 000.9 087.8  74.3 0.008580 0.006707 0.002332 hargrave 2020-02-05 13:34:25 
ARM    250.5  25.9 250.5  25.9 6.21E-06 000.9 094.6  70.0 0.007567 0.006100 0.002240 hargrave 2020-02-05 13:35:24 
ARM    249.2  20.3 249.2  20.3 6.06E-06 001.0 077.8  69.9 0.009241 0.006320 0.001907 hargrave 2020-02-05 13:36:23 
ARM    251.4  24.3 251.4  24.3 6.04E-06 000.9 090.5  69.0 0.008011 0.005832 0.002111 hargrave 2020-02-05 13:37:22 
ARM    256.5  26.7 256.5  26.7 6.09E-06 000.9 097.9  64.7 0.007491 0.006383 0.002132 hargrave 2020-02-05 13:38:21 
ARM    248.3  26.6 248.3  26.6 5.85E-06 000.9 096.3  72.0 0.007814 0.005496 0.001716 hargrave 2020-02-05 13:39:20 
ARM    253.4  24.6 253.4  24.6 5.41E-06 001.1 092.1  67.2 0.007956 0.006026 0.001456 hargrave 2020-02-05 13:40:19 
ARM    254.5  27.8 254.5  27.8 4.97E-06 001.0 100.4  66.5 0.006906 0.004937 0.002131 hargrave 2020-02-05 13:41:19 
ARM    261.7  29.2 261.7  29.2 4.60E-06 001.1 104.0  60.3 0.006407 0.005656 0.001832 hargrave 2020-02-05 13:42:17 
ARM    255.2  17.9 255.2  17.9 4.51E-06 001.2 077.5  63.7 0.007667 0.005129 0.001542 hargrave 2020-02-05 13:43:16 
ARM    266.0 -01.1 266.0 -01.1 4.50E-06 001.5 059.3  44.6 0.011063 0.004921 0.002204 hargrave 2020-02-05 13:44:15 
ARM    263.1  20.9 263.1  20.9 3.94E-06 001.1 088.4  57.7 0.006338 0.004247 0.000946 hargrave 2020-02-05 13:45:14 
ARM    230.9  16.3 230.9  16.3 3.37E-06 001.1 015.0  79.9 0.005331 0.004352 0.000748 hargrave 2020-02-05 13:46:13 
ARM    283.6 -28.1 283.6 -28.1 2.00E-06 001.9 048.4  14.1 0.007426 0.003407 0.000559 hargrave 2020-02-05 13:47:12 
ARM    284.2 -03.5 284.2 -03.5 2.78E-06 002.0 070.1  28.4 0.009448 0.004028 0.001930 hargrave 2020-02-05 13:48:11 
ARM    295.1 -27.2 295.1 -27.2 1.77E-06 002.4 055.5  06.5 0.007509 0.003979 0.001025 hargrave 2020-02-05 13:49:10 
ARM    333.6 -29.5 333.6 -29.5 2.61E-06 001.7 067.9 -25.0 0.008330 0.002954 0.000910 hargrave 2020-02-05 13:50:09 
ARM    359.1 -15.2 359.1 -15.2 1.02E-06 003.5 093.2 -43.0 0.005166 0.004091 0.000858 hargrave 2020-02-05 13:51:07 
ARM    009.4 -58.6 009.4 -58.6 2.68E-06 001.6 029.0 -47.6 0.007385 0.004220 0.002140 hargrave 2020-02-05 13:52:06 
ARM    290.3 -22.5 290.3 -22.5 3.38E-06 001.8 056.9  12.7 0.011231 0.003911 0.001751 hargrave 2020-02-05 13:53:06 
ARM    001.6 -07.9 001.6 -07.9 2.15E-06 002.1 103.7 -42.2 0.006635 0.005188 0.000714 hargrave 2020-02-05 13:54:05 
ARM    017.2 -25.9 017.2 -25.9 5.76E-06 000.6 083.3 -62.2 0.006298 0.001855 0.003267 hargrave 2020-02-05 13:55:04 
ARM    000.8 -33.5 000.8 -33.5 3.52E-06 001.1 068.0 -48.5 0.006280 0.003013 0.001858 hargrave 2020-02-05 13:56:03 
ARM    342.6 -28.6 342.6 -28.6 4.06E-06 001.3 071.3 -32.4 0.009714 0.001534 0.003337 hargrave 2020-02-05 13:57:02 
ARM    353.8 -08.9 353.8 -08.9 5.46E-06 001.2 098.0 -35.8 0.010426 0.007548 0.003350 hargrave 2020-02-05 13:58:00 
ARM    003.8 -18.7 003.8 -18.7 4.38E-06 001.0 090.7 -48.5 0.007554 0.003115 0.002182 hargrave 2020-02-05 13:58:59 
AFz 10 003.6 -18.6 003.6 -18.6 4.37E-06 001.1 090.8 -48.3 0.008063 0.003210 0.002278 hargrave 2020-02-05 13:59:55 
AFz 20 003.5 -18.7 003.5 -18.7 4.37E-06 001.0 090.6 -48.2 0.007445 0.003168 0.002359 hargrave 2020-02-05 14:00:51 
AFz 30 003.7 -18.4 003.7 -18.4 4.36E-06 001.0 091.1 -48.3 0.007495 0.003185 0.002102 hargrave 2020-02-05 14:01:47 
AFz 40 003.8 -18.4 003.8 -18.4 4.39E-06 001.1 091.1 -48.4 0.008032 0.003201 0.002310 hargrave 2020-02-05 14:02:42 
AFz 50 003.7 -17.9 003.7 -17.9 4.37E-06 001.0 091.8 -48.1 0.007298 0.003258 0.002483 hargrave 2020-02-05 14:03:38 
AFz 60 001.7 -16.8 001.7 -16.8 4.23E-06 001.1 092.4 -45.9 0.007390 0.003403 0.002371 hargrave 2020-02-05 14:04:35 
AFz 70 000.2 -17.7 000.2 -17.7 4.22E-06 001.2 090.4 -44.9 0.008352 0.003339 0.002189 hargrave 2020-02-05 14:05:31 
AFz 80 000.6 -17.6 000.6 -17.6 4.26E-06 001.1 090.9 -45.2 0.007619 0.003251 0.002396 hargrave 2020-02-05 14:06:26 
AFz 90 000.7 -17.5 000.7 -17.5 3.90E-06 001.1 091.0 -45.3 0.007253 0.002830 0.002249 hargrave 2020-02-05 14:07:22 
AFz100 001.1 -18.0 001.1 -18.0 3.99E-06 001.1 090.5 -45.8 0.007287 0.002969 0.002422 hargrave 2020-02-05 14:08:18 
AFz120 001.9 -15.9 001.9 -15.9 4.03E-06 001.2 093.8 -45.9 0.007842 0.003799 0.001959 hargrave 2020-02-05 14:09:14 
AFz140 000.2 -15.5 000.2 -15.5 4.15E-06 001.1 093.3 -44.1 0.007662 0.003830 0.002192 hargrave 2020-02-05 14:10:09 
AFz160 354.2 -11.2 354.2 -11.2 3.69E-06 001.4 095.6 -37.1 0.008392 0.004347 0.001771 hargrave 2020-02-05 14:11:05 
AFz180 005.8 -17.5 005.8 -17.5 4.09E-06 001.1 093.4 -49.9 0.007661 0.003107 0.001976 hargrave 2020-02-05 14:12:01 
AFz200 354.4 -15.8 354.4 -15.8 4.15E-06 001.3 090.3 -39.1 0.009452 0.003746 0.002314 hargrave 2020-02-05 14:12:56 
AFz250 358.7 -17.1 358.7 -17.1 3.96E-06 001.3 090.6 -43.4 0.008458 0.003592 0.002119 hargrave 2020-02-05 14:13:52 
AFz300 354.6 -18.1 354.6 -18.1 3.66E-06 001.3 087.6 -40.1 0.008297 0.003526 0.002359 hargrave 2020-02-05 14:14:48 
AFz350 340.2 -14.5 340.2 -14.5 3.64E-06 001.5 085.8 -25.8 0.009178 0.003609 0.003058 hargrave 2020-02-05 14:15:44 
AFz400 006.9 -09.3 006.9 -09.3 3.50E-06 001.2 105.5 -47.5 0.006193 0.004122 0.002166 hargrave 2020-02-05 14:16:39 
AFz450 348.4 -15.8 348.4 -15.8 4.58E-06 001.4 087.8 -33.7 0.011021 0.004607 0.003674 hargrave 2020-02-05 14:17:35 
AFz500 359.1 -02.7 359.1 -02.7 3.91E-06 001.2 107.9 -37.5 0.006337 0.005804 0.002918 hargrave 2020-02-05 14:18:31 
AFz550 350.9  21.8 350.9  21.8 3.23E-06 001.7 125.4 -16.7 0.006162 0.008166 0.002253 hargrave 2020-02-05 14:19:27 
AFz600 351.9 -00.1 351.9 -00.1 4.17E-06 001.1 106.2 -30.0 0.006592 0.005903 0.002671 hargrave 2020-02-05 14:20:23 
AFz650 352.5  19.4 352.5  19.4 2.82E-06 001.6 124.3 -19.4 0.005392 0.006568 0.001626 hargrave 2020-02-05 14:21:19 
AFz700 354.4 -08.1 354.4 -08.1 3.89E-06 001.4 099.2 -36.0 0.008241 0.005903 0.002305 hargrave 2020-02-05 14:22:15 
AFz750 328.3  06.5 328.3  06.5 2.58E-06 001.7 100.3 -06.2 0.006480 0.004401 0.002361 hargrave 2020-02-05 14:23:11 
AFz800 357.9  28.2 357.9  28.2 4.53E-06 001.3 134.8 -17.4 0.003178 0.010776 0.002779 hargrave 2020-02-05 14:24:07 
AFz850 327.0  29.6 327.0  29.6 3.77E-06 001.6 120.4  05.6 0.006863 0.009191 0.002144 hargrave 2020-02-05 14:25:03 
AFz900 342.2 -07.0 342.2 -07.0 5.60E-06 001.3 094.2 -24.6 0.012125 0.004775 0.004486 hargrave 2020-02-05 14:25:59 
AFz950 016.0 -10.1 016.0 -10.1 5.19E-06 000.9 111.6 -55.6 0.006503 0.005979 0.002734 hargrave 2020-02-05 14:26:55 
AFz000 352.3 -13.7 352.3 -13.7 4.30E-06 001.3 091.8 -36.4 0.009341 0.003259 0.002354 hargrave 2020-02-05 14:27:51 
AFz050 353.7 -02.4 353.7 -02.4 6.24E-06 001.1 104.9 -32.7 0.009479 0.008904 0.003997 hargrave 2020-02-05 14:28:47 
AFz100 350.1  06.6 350.1  06.6 3.00E-06 001.2 111.6 -24.9 0.004721 0.004961 0.002259 hargrave 2020-02-05 14:29:43 
AFz150 353.8 -13.6 353.8 -13.6 2.57E-06 002.1 092.7 -37.7 0.009139 0.004869 0.002141 hargrave 2020-02-05 14:30:39 
AFz200 330.2  04.3 330.2  04.3 3.60E-06 001.5 099.2 -08.8 0.008500 0.005566 0.003654 hargrave 2020-02-05 14:31:35 
AFz250 354.6  00.4 354.6  00.4 5.06E-06 001.3 108.3 -32.1 0.009117 0.007642 0.003621 hargrave 2020-02-05 14:32:31 
AFz300 347.3  02.6 347.3  02.6 6.46E-06 001.2 106.2 -24.7 0.009740 0.010986 0.003948 hargrave 2020-02-05 14:33:27 
AFz500 358.4  05.3 358.4  05.3 4.86E-06 001.3 115.6 -32.5 0.006628 0.010367 0.002641 hargrave 2020-02-05 14:34:23 
ARM    356.1  13.4 356.1  13.4 5.24E-06 001.3 121.4 -25.8 0.005581 0.012615 0.002272 hargrave 2020-02-05 14:35:21 
ARM    007.1  15.8 007.1  15.8 4.97E-06 001.2 131.7 -32.2 0.003998 0.012078 0.001897 hargrave 2020-02-05 14:36:24 
ARM    002.5 -12.1 002.5 -12.1 5.33E-06 001.0 099.0 -44.9 0.008375 0.006203 0.002931 hargrave 2020-02-05 14:37:22 
ARM    027.3 -16.9 027.3 -16.9 1.30E-05 000.5 111.0 -68.6 0.005472 0.009811 0.002939 hargrave 2020-02-05 14:38:21 
ARM    043.5 -25.7 043.5 -25.7 5.58E-05 000.3 093.2 -85.8 0.015373 0.021211 0.006930 hargrave 2020-02-05 14:39:20 
ARM  1 046.1 -25.6 046.1 -25.6 1.00E-04 000.3 101.3 -88.0 0.033045 0.036616 0.009938 hargrave 2020-02-05 14:40:22 
ARM  1 046.9 -26.4 046.9 -26.4 1.45E-04 000.3 072.0 -88.8 0.052554 0.060842 0.017723 hargrave 2020-02-05 14:41:21 
ARM  1 047.4 -26.5 047.4 -26.5 1.88E-04 000.3 054.3 -89.1 0.062167 0.079526 0.023235 hargrave 2020-02-05 14:42:20 
ARM  1 047.5 -26.7 047.5 -26.7 2.32E-04 000.3 044.1 -89.1 0.078431 0.095177 0.028555 hargrave 2020-02-05 14:43:18 
ARM  1 047.7 -26.6 047.7 -26.6 2.76E-04 000.4 036.1 -89.2 0.124743 0.140513 0.042407 hargrave 2020-02-05 14:45:07 
ARM  1 048.0 -26.8 048.0 -26.8 3.85E-04 000.4 013.7 -89.2 0.162179 0.192463 0.047743 hargrave 2020-02-05 14:46:06 
ARM  2 048.1 -26.8 048.1 -26.8 4.92E-04 000.4 008.9 -89.2 0.199854 0.228468 0.060299 hargrave 2020-02-05 14:47:04 
ARM  2 048.2 -27.0 048.2 -27.0 6.02E-04 000.4 000.5 -89.0 0.224083 0.302569 0.067192 hargrave 2020-02-05 14:48:07 
ARM  2 048.2 -27.0 048.2 -27.0 7.10E-04 000.4 002.1 -89.0 0.302191 0.324890 0.087402 hargrave 2020-02-05 14:49:06 
ARM  2 048.3 -27.0 048.3 -27.0 9.20E-04 000.4 355.6 -89.0 0.335364 0.452525 0.102881 hargrave 2020-02-05 14:50:08 
ARM  3 048.3 -27.1 048.3 -27.1 1.13E-03 000.4 353.1 -88.9 0.464415 0.550425 0.138721 hargrave 2020-02-05 14:51:07 
ARM  4 048.4 -27.1 048.4 -27.1 1.34E-03 000.4 350.7 -88.9 0.549503 0.681255 0.166346 hargrave 2020-02-05 14:52:06 
ARM  4 048.4 -27.1 048.4 -27.1 1.55E-03 000.4 350.5 -88.9 0.661256 0.732021 0.190444 hargrave 2020-02-05 14:53:05 
ARM  4 048.4 -27.1 048.4 -27.1 1.75E-03 000.4 349.4 -88.9 0.726261 0.811272 0.215335 hargrave 2020-02-05 14:54:03 
ARM  5 048.4 -27.1 048.4 -27.1 1.96E-03 000.3 349.4 -88.9 0.756699 0.871545 0.242696 hargrave 2020-02-05 14:55:02 
