AX2- 8b mag compass orientation (IGRF corrected)
      0 302.2  35.0   0.0   0.0   1.0
NRM    079.3  04.5 079.3  04.5 3.51E-06 001.2 230.5 -18.9 0.007615 0.003605 0.002568 hargrave 2020-02-06 02:57:17 
AF  10 078.8  04.1 078.8  04.1 3.51E-06 001.2 230.3 -19.5 0.007501 0.003813 0.002660 hargrave 2020-02-06 02:58:37 
AF  20 078.0  02.8 078.0  02.8 3.46E-06 001.2 230.2 -21.1 0.007320 0.003814 0.002557 hargrave 2020-02-06 02:59:57 
AF  30 079.7  01.5 079.7  01.5 3.53E-06 001.2 232.4 -21.5 0.007423 0.003848 0.002570 hargrave 2020-02-06 03:01:17 
AF  40 078.9  02.4 078.9  02.4 3.63E-06 001.2 231.2 -21.0 0.007573 0.003877 0.002926 hargrave 2020-02-06 03:02:37 
AF  50 080.6  02.0 080.6  02.0 3.74E-06 001.2 233.0 -20.6 0.007935 0.004034 0.002702 hargrave 2020-02-06 03:03:57 
AF  60 081.4  02.7 081.4  02.7 3.76E-06 001.3 233.4 -19.6 0.008031 0.003911 0.003175 hargrave 2020-02-06 03:05:20 
AF  70 081.5  04.1 081.5  04.1 3.84E-06 001.2 232.9 -18.3 0.008046 0.003205 0.003081 hargrave 2020-02-06 03:06:40 
AF  80 083.0  02.8 083.0  02.8 3.90E-06 001.3 234.9 -18.8 0.008565 0.004209 0.002938 hargrave 2020-02-06 03:08:01 
AF  90 082.6  05.0 082.6  05.0 3.72E-06 001.2 233.4 -17.0 0.007377 0.004095 0.002985 hargrave 2020-02-06 03:09:21 
AF 100 081.7  01.4 081.7  01.4 3.56E-06 001.2 234.3 -20.6 0.007211 0.003934 0.002772 hargrave 2020-02-06 03:10:41 
AF 120 079.5 -00.7 079.5 -00.7 2.99E-06 001.2 233.2 -23.5 0.005680 0.003235 0.002431 hargrave 2020-02-06 03:12:01 
AF 140 082.4  00.9 082.4  00.9 3.05E-06 001.1 235.2 -20.7 0.005446 0.002648 0.002050 hargrave 2020-02-06 03:13:21 
AF 160 083.9  01.5 083.9  01.5 2.93E-06 001.2 236.3 -19.5 0.005565 0.002398 0.002419 hargrave 2020-02-06 03:14:41 
AF 180 089.5  09.6 089.5  09.6 3.07E-06 001.2 237.3 -09.7 0.006214 0.003872 0.002769 hargrave 2020-02-06 03:16:01 
AF 200 085.1  07.6 085.1  07.6 2.63E-06 001.0 234.4 -13.5 0.004494 0.001882 0.001613 hargrave 2020-02-06 03:17:21 
AF 250 079.5  06.7 079.5  06.7 2.74E-06 001.1 229.7 -16.9 0.005157 0.003494 0.002249 hargrave 2020-02-06 03:18:45 
AF 300 092.5  25.5 092.5  25.5 2.20E-06 001.4 231.9  05.5 0.004923 0.003966 0.002710 hargrave 2020-02-06 03:20:09 
AF 350 049.6  08.0 049.6  08.0 1.56E-06 001.3 199.1 -25.3 0.002936 0.001986 0.001583 hargrave 2020-02-06 03:21:29 
AF 400 009.1 -24.2 009.1 -24.2 1.26E-06 000.9 141.6 -54.8 0.002576 0.001150 0.001303 hargrave 2020-02-06 03:22:49 
AF 450 047.1 -30.3 047.1 -30.3 1.71E-06 001.8 209.4 -63.1 0.003597 0.004201 0.001730 hargrave 2020-02-06 03:24:09 
AF 500 343.2 -44.5 343.2 -44.5 2.53E-06 000.8 088.0 -57.4 0.002334 0.002144 0.002241 hargrave 2020-02-06 03:25:33 
AF 550 355.0 -37.1 355.0 -37.1 1.88E-06 000.9 109.9 -59.2 0.002165 0.001428 0.002680 hargrave 2020-02-06 03:26:54 
AF 600 315.9 -31.3 315.9 -31.3 1.78E-06 001.1 081.0 -32.8 0.003461 0.000690 0.001169 hargrave 2020-02-06 03:28:17 
AF 650 273.1 -37.6 273.1 -37.6 1.91E-06 001.5 046.2 -16.2 0.004585 0.001643 0.002538 hargrave 2020-02-06 03:29:37 
AF 700 286.8 -21.6 286.8 -21.6 5.57E-07 003.8 065.3 -09.2 0.002925 0.002016 0.002058 hargrave 2020-02-06 03:30:58 
AF 750 333.8 -53.0 333.8 -53.0 9.53E-07 002.8 068.7 -56.6 0.002422 0.002618 0.003353 hargrave 2020-02-06 03:32:18 
AF 800 243.3 -15.6 243.3 -15.6 9.49E-07 003.7 030.9  14.7 0.004580 0.005893 0.002969 hargrave 2020-02-06 03:33:41 
AF 850 321.0 -80.4 321.0 -80.4 2.18E-06 001.4 016.8 -57.0 0.002097 0.004019 0.003947 hargrave 2020-02-06 03:35:06 
AF 900 209.2 -47.8 209.2 -47.8 2.58E-06 002.3 357.9 -12.9 0.005741 0.007278 0.007030 hargrave 2020-02-06 03:36:30 
AF 950 228.5 -63.1 228.5 -63.1 3.08E-06 002.5 008.3 -28.8 0.007561 0.009961 0.007192 hargrave 2020-02-06 03:37:54 
AF1000 241.5 -57.1 241.5 -57.1 3.37E-06 002.0 017.0 -24.6 0.009741 0.007913 0.005591 hargrave 2020-02-06 03:39:18 
AF1050 199.5 -32.0 199.5 -32.0 2.84E-06 002.4 349.3  02.3 0.007665 0.010753 0.006572 hargrave 2020-02-06 03:40:39 
AF1100 222.0 -37.9 222.0 -37.9 2.22E-06 002.5 007.7 -03.2 0.005142 0.008716 0.004040 hargrave 2020-02-06 03:42:04 
AF1150 208.0 -51.1 208.0 -51.1 2.50E-06 002.2 357.2 -16.1 0.004808 0.007654 0.005500 hargrave 2020-02-06 03:43:25 
AF1200 235.5 -37.5 235.5 -37.5 3.03E-06 001.9 018.4 -04.6 0.007467 0.008545 0.004886 hargrave 2020-02-06 03:44:50 
AF1250 210.2 -22.0 210.2 -22.0 3.30E-06 002.1 358.1  13.0 0.009293 0.011022 0.005395 hargrave 2020-02-06 03:46:16 
AF1300 222.1 -18.2 222.1 -18.2 4.12E-06 001.8 009.8  16.3 0.010328 0.010730 0.005469 hargrave 2020-02-06 03:47:43 
ARM    222.1 -18.2 222.1 -18.2 4.12E-06 001.8 009.8  16.3 0.010950 0.011212 0.005528 hargrave 2020-02-06 03:48:43 
ARM    222.1 -18.1 222.1 -18.1 4.12E-06 001.8 009.8  16.5 0.010378 0.010805 0.005528 hargrave 2020-02-06 03:49:43 
ARM    222.2 -18.1 222.2 -18.1 4.12E-06 001.9 009.9  16.4 0.011029 0.011241 0.005521 hargrave 2020-02-06 03:50:42 
ARM    222.3 -18.1 222.3 -18.1 4.12E-06 001.8 010.0  16.4 0.011038 0.011179 0.005476 hargrave 2020-02-06 03:51:41 
ARM    222.4 -18.6 222.4 -18.6 4.09E-06 001.9 010.0  15.9 0.011009 0.011118 0.005442 hargrave 2020-02-06 03:52:41 
ARM    222.0 -17.1 222.0 -17.1 4.08E-06 001.8 009.8  17.4 0.010759 0.010975 0.005381 hargrave 2020-02-06 03:53:40 
ARM    222.8 -17.1 222.8 -17.1 4.10E-06 001.8 010.6  17.3 0.010954 0.010772 0.005332 hargrave 2020-02-06 03:54:39 
ARM    222.7 -15.4 222.7 -15.4 4.05E-06 001.8 010.7  19.0 0.010716 0.010653 0.005270 hargrave 2020-02-06 03:55:38 
ARM    223.4 -16.1 223.4 -16.1 3.97E-06 001.8 011.4  18.3 0.010639 0.010477 0.005242 hargrave 2020-02-06 03:56:38 
ARM    222.3 -14.2 222.3 -14.2 3.86E-06 001.8 010.4  20.2 0.010479 0.010120 0.004919 hargrave 2020-02-06 03:57:37 
ARM    223.0 -19.0 223.0 -19.0 3.62E-06 001.9 010.6  15.4 0.010171 0.009976 0.005172 hargrave 2020-02-06 03:58:36 
ARM    226.1 -19.6 226.1 -19.6 3.47E-06 001.9 013.5  14.5 0.009715 0.009272 0.005147 hargrave 2020-02-06 03:59:35 
ARM    225.6 -18.2 225.6 -18.2 3.34E-06 001.9 013.2  15.9 0.009410 0.008917 0.004992 hargrave 2020-02-06 04:00:34 
ARM    222.8 -10.1 222.8 -10.1 3.24E-06 001.9 011.4  24.3 0.008973 0.008963 0.004450 hargrave 2020-02-06 04:01:33 
ARM    223.7 -01.8 223.7 -01.8 3.54E-06 001.7 013.6  32.4 0.009471 0.008523 0.003940 hargrave 2020-02-06 04:02:32 
ARM    224.1 -07.2 224.1 -07.2 2.94E-06 001.9 013.3  27.0 0.008741 0.008229 0.003735 hargrave 2020-02-06 04:03:32 
ARM    215.1 -08.4 215.1 -08.4 2.80E-06 002.3 003.2  26.6 0.009324 0.010095 0.003925 hargrave 2020-02-06 04:04:32 
ARM    216.8 -23.1 216.8 -23.1 2.49E-06 002.3 004.3  11.8 0.008363 0.008647 0.004274 hargrave 2020-02-06 04:05:31 
ARM    013.9 -78.7 013.9 -78.7 3.17E-06 001.6 008.5 -65.5 0.005444 0.005662 0.004865 hargrave 2020-02-06 04:06:30 
ARM    202.9 -57.9 202.9 -57.9 2.19E-06 002.8 354.6 -23.2 0.008458 0.008635 0.004962 hargrave 2020-02-06 04:07:29 
ARM    156.3 -81.0 156.3 -81.0 1.96E-06 003.2 348.5 -49.3 0.006745 0.008328 0.004355 hargrave 2020-02-06 04:08:28 
ARM    119.0 -66.8 119.0 -66.8 2.27E-06 003.1 322.3 -49.9 0.007052 0.010106 0.004510 hargrave 2020-02-06 04:09:27 
ARM    101.6 -49.2 101.6 -49.2 2.39E-06 002.2 291.8 -48.8 0.005120 0.008407 0.002685 hargrave 2020-02-06 04:10:26 
ARM    106.5 -03.9 106.5 -03.9 2.65E-06 001.7 259.2 -12.2 0.007004 0.009976 0.002983 hargrave 2020-02-06 04:11:25 
ARM    073.6 -32.5 073.6 -32.5 4.32E-06 001.7 249.4 -53.4 0.008438 0.010224 0.003876 hargrave 2020-02-06 04:12:24 
ARM    080.2 -29.2 080.2 -29.2 4.76E-06 001.6 253.0 -47.3 0.009604 0.010594 0.004455 hargrave 2020-02-06 04:13:23 
ARM    080.2 -12.0 080.2 -12.0 5.40E-06 001.4 240.2 -33.0 0.012358 0.008816 0.004755 hargrave 2020-02-06 04:14:22 
ARM    071.4 -29.3 071.4 -29.3 8.05E-06 001.3 243.6 -52.0 0.012504 0.012728 0.006850 hargrave 2020-02-06 04:15:23 
ARM    073.3 -26.6 073.3 -26.6 8.34E-06 001.1 243.3 -48.9 0.014685 0.009452 0.006178 hargrave 2020-02-06 04:16:22 
ARM    074.0 -14.5 074.0 -14.5 8.29E-06 001.2 235.3 -38.3 0.017451 0.009052 0.006310 hargrave 2020-02-06 04:17:21 
ARM    075.0 -11.4 075.0 -11.4 8.54E-06 001.3 234.5 -35.0 0.018629 0.007445 0.006593 hargrave 2020-02-06 04:18:20 
ARM    069.8 -20.7 069.8 -20.7 8.54E-06 001.1 234.7 -45.6 0.015736 0.008131 0.005258 hargrave 2020-02-06 04:19:19 
ARM    075.3 -19.4 075.3 -19.4 8.93E-06 001.2 239.9 -41.9 0.016947 0.008479 0.006911 hargrave 2020-02-06 04:20:18 
ARM    085.6 -13.9 085.6 -13.9 7.94E-06 001.4 246.7 -32.0 0.017339 0.012476 0.006755 hargrave 2020-02-06 04:21:17 
ARM    086.2 -11.6 086.2 -11.6 7.75E-06 001.3 245.8 -29.6 0.016740 0.008801 0.006842 hargrave 2020-02-06 04:22:16 
ARM    084.2 -10.8 084.2 -10.8 8.29E-06 001.3 243.4 -30.0 0.017807 0.011438 0.006947 hargrave 2020-02-06 04:23:15 
ARM    084.1 -10.4 084.1 -10.4 8.29E-06 001.2 243.0 -29.8 0.018157 0.007971 0.005679 hargrave 2020-02-06 04:24:15 
AFz 10 084.1 -10.4 084.1 -10.4 8.28E-06 001.2 243.0 -29.7 0.017967 0.007982 0.005678 hargrave 2020-02-06 04:25:11 
AFz 20 084.1 -10.4 084.1 -10.4 8.28E-06 001.2 243.1 -29.7 0.018021 0.007947 0.005554 hargrave 2020-02-06 04:26:07 
AFz 30 084.1 -10.4 084.1 -10.4 8.27E-06 001.3 243.0 -29.8 0.018732 0.008120 0.005747 hargrave 2020-02-06 04:27:03 
AFz 40 084.1 -10.3 084.1 -10.3 8.28E-06 001.2 243.0 -29.6 0.017931 0.008142 0.005639 hargrave 2020-02-06 04:27:59 
AFz 50 084.1 -10.4 084.1 -10.4 8.29E-06 001.2 243.0 -29.8 0.018610 0.008195 0.005788 hargrave 2020-02-06 04:28:54 
AFz 60 083.8 -10.6 083.8 -10.6 8.30E-06 001.2 242.9 -30.0 0.017978 0.008115 0.005724 hargrave 2020-02-06 04:29:50 
AFz 70 084.3 -10.3 084.3 -10.3 8.26E-06 001.2 243.2 -29.6 0.018050 0.007376 0.005573 hargrave 2020-02-06 04:30:46 
AFz 80 083.9 -10.7 083.9 -10.7 8.30E-06 001.2 243.0 -30.1 0.018630 0.007944 0.005813 hargrave 2020-02-06 04:31:42 
AFz 90 084.3 -10.3 084.3 -10.3 8.23E-06 001.2 243.1 -29.5 0.018719 0.007998 0.005629 hargrave 2020-02-06 04:32:38 
AFz100 084.1 -10.4 084.1 -10.4 8.21E-06 001.3 243.0 -29.7 0.018964 0.007426 0.005596 hargrave 2020-02-06 04:33:34 
AFz120 084.9 -09.7 084.9 -09.7 8.09E-06 001.2 243.4 -28.7 0.018508 0.007414 0.005590 hargrave 2020-02-06 04:34:30 
AFz140 083.9 -10.6 083.9 -10.6 8.09E-06 001.2 243.0 -30.0 0.018466 0.006906 0.005800 hargrave 2020-02-06 04:35:26 
AFz160 083.4 -11.6 083.4 -11.6 8.12E-06 001.2 243.1 -31.1 0.018204 0.007187 0.005676 hargrave 2020-02-06 04:36:22 
AFz180 083.4 -10.7 083.4 -10.7 8.33E-06 001.2 242.5 -30.3 0.018933 0.007051 0.005830 hargrave 2020-02-06 04:37:18 
AFz200 086.5 -06.4 086.5 -06.4 8.00E-06 001.3 243.0 -25.0 0.018836 0.007020 0.005732 hargrave 2020-02-06 04:38:14 
AFz250 089.7 -02.1 089.7 -02.1 7.81E-06 001.2 243.5 -19.8 0.018140 0.008332 0.006049 hargrave 2020-02-06 04:39:10 
AFz300 083.9 -09.3 083.9 -09.3 8.19E-06 001.1 242.2 -28.9 0.016724 0.006686 0.005481 hargrave 2020-02-06 04:40:06 
AFz350 083.7 -09.1 083.7 -09.1 8.24E-06 001.2 241.9 -28.8 0.018210 0.006983 0.005907 hargrave 2020-02-06 04:41:03 
AFz400 081.9 -10.5 081.9 -10.5 7.99E-06 001.2 241.0 -30.9 0.018011 0.006367 0.005976 hargrave 2020-02-06 04:41:58 
AFz450 082.3 -11.1 082.3 -11.1 7.80E-06 001.1 241.7 -31.3 0.015910 0.007176 0.006761 hargrave 2020-02-06 04:42:55 
AFz500 078.1 -20.0 078.1 -20.0 9.23E-06 001.2 243.2 -40.9 0.018928 0.008147 0.007152 hargrave 2020-02-06 04:43:51 
AFz550 084.1 -11.7 084.1 -11.7 8.36E-06 001.2 243.9 -30.8 0.017270 0.007964 0.007374 hargrave 2020-02-06 04:44:47 
AFz600 081.5 -11.9 081.5 -11.9 8.52E-06 001.2 241.4 -32.4 0.018125 0.007654 0.006520 hargrave 2020-02-06 04:45:43 
AFz650 077.7 -21.3 077.7 -21.3 9.36E-06 001.1 243.9 -42.2 0.017422 0.007400 0.007258 hargrave 2020-02-06 04:46:39 
AFz700 081.2 -11.7 081.2 -11.7 9.14E-06 001.2 241.0 -32.4 0.019201 0.007774 0.006508 hargrave 2020-02-06 04:47:35 
AFz750 080.9 -13.7 080.9 -13.7 9.18E-06 001.2 241.9 -34.2 0.020242 0.006804 0.006960 hargrave 2020-02-06 04:48:31 
AFz800 081.8 -17.3 081.8 -17.3 7.90E-06 001.1 245.2 -36.8 0.014811 0.007953 0.006051 hargrave 2020-02-06 04:49:27 
AFz850 086.3 -18.8 086.3 -18.8 9.40E-06 001.3 250.6 -35.6 0.021323 0.011511 0.007599 hargrave 2020-02-06 04:50:24 
AFz900 081.0 -15.5 081.0 -15.5 8.99E-06 001.1 243.1 -35.7 0.017500 0.007635 0.007639 hargrave 2020-02-06 04:51:20 
AFz950 092.7 -13.4 092.7 -13.4 9.60E-06 001.1 252.9 -27.7 0.018432 0.010842 0.008163 hargrave 2020-02-06 04:52:17 
AFz000 086.1 -15.7 086.1 -15.7 1.00E-05 001.2 248.3 -33.1 0.020176 0.009896 0.008096 hargrave 2020-02-06 04:53:13 
AFz050 084.9 -07.1 084.9 -07.1 9.59E-06 001.3 241.9 -26.6 0.022525 0.010187 0.008246 hargrave 2020-02-06 04:54:09 
AFz100 083.1 -19.5 083.1 -19.5 9.91E-06 001.2 248.1 -37.9 0.019131 0.012130 0.008018 hargrave 2020-02-06 04:55:04 
AFz150 089.9 -08.6 089.9 -08.6 8.11E-06 001.2 247.5 -25.2 0.017333 0.008426 0.006090 hargrave 2020-02-06 04:56:00 
AFz200 085.5 -02.5 085.5 -02.5 7.56E-06 001.2 239.9 -22.3 0.016551 0.005706 0.005997 hargrave 2020-02-06 04:56:57 
AFz250 084.1 -09.1 084.1 -09.1 9.17E-06 001.2 242.3 -28.7 0.020443 0.007815 0.008231 hargrave 2020-02-06 04:57:53 
AFz300 067.0 -31.0 067.0 -31.0 1.29E-05 001.0 240.1 -55.7 0.020544 0.009449 0.009153 hargrave 2020-02-06 04:58:49 
AFz500 082.1 -13.6 082.1 -13.6 9.82E-06 001.2 243.0 -33.4 0.020443 0.009926 0.007686 hargrave 2020-02-06 04:59:45 
ARM    085.6 -08.2 085.6 -08.2 8.73E-06 001.3 243.2 -27.1 0.020276 0.009956 0.007400 hargrave 2020-02-06 05:00:44 
ARM    091.5 -04.1 091.5 -04.1 8.87E-06 001.3 246.4 -20.5 0.020422 0.010652 0.008083 hargrave 2020-02-06 05:01:44 
ARM    085.4 -09.6 085.4 -09.6 9.03E-06 001.2 243.8 -28.4 0.019454 0.009304 0.008087 hargrave 2020-02-06 05:02:43 
ARM    050.6 -44.7 050.6 -44.7 2.93E-05 000.6 236.3 -74.4 0.028995 0.014023 0.017682 hargrave 2020-02-06 05:03:42 
ARM    037.2 -50.7 037.2 -50.7 9.07E-05 000.4 216.6 -84.7 0.056757 0.033324 0.047584 hargrave 2020-02-06 05:04:40 
ARM  1 034.3 -51.9 034.3 -51.9 1.60E-04 000.4 203.2 -86.7 0.089290 0.073556 0.082112 hargrave 2020-02-06 05:05:39 
ARM  1 033.0 -52.3 033.0 -52.3 2.26E-04 000.4 190.6 -87.2 0.118302 0.094406 0.114595 hargrave 2020-02-06 05:06:38 
ARM  1 032.3 -52.2 032.3 -52.2 2.94E-04 000.4 181.2 -87.2 0.151468 0.119545 0.147023 hargrave 2020-02-06 05:07:38 
ARM  1 032.2 -52.4 032.2 -52.4 3.60E-04 000.4 179.5 -87.4 0.182903 0.140969 0.181596 hargrave 2020-02-06 05:08:37 
ARM  1 031.8 -52.5 031.8 -52.5 4.28E-04 000.4 173.9 -87.5 0.215904 0.164310 0.215734 hargrave 2020-02-06 05:09:36 
ARM  1 031.3 -52.6 031.3 -52.6 5.94E-04 000.3 167.5 -87.5 0.260665 0.215765 0.298773 hargrave 2020-02-06 05:10:34 
ARM  2 031.1 -52.6 031.1 -52.6 7.54E-04 000.3 163.6 -87.5 0.344084 0.267071 0.381862 hargrave 2020-02-06 05:12:22 
ARM  2 030.9 -52.7 030.9 -52.7 9.25E-04 000.3 161.3 -87.5 0.438538 0.325620 0.469643 hargrave 2020-02-06 05:13:21 
ARM  2 030.9 -52.7 030.9 -52.7 1.09E-03 000.3 160.4 -87.6 0.487347 0.434422 0.554304 hargrave 2020-02-06 05:14:20 
ARM  2 030.7 -52.7 030.7 -52.7 1.41E-03 000.3 158.2 -87.5 0.673068 0.491359 0.709199 hargrave 2020-02-06 05:15:19 
ARM  3 030.6 -52.7 030.6 -52.7 1.74E-03 000.3 157.6 -87.5 0.814969 0.658501 0.867894 hargrave 2020-02-06 05:16:18 
ARM  4 030.6 -52.7 030.6 -52.7 2.06E-03 000.3 156.5 -87.5 0.930516 0.765026 1.046541 hargrave 2020-02-06 05:17:17 
ARM  4 030.5 -52.7 030.5 -52.7 2.39E-03 000.3 156.1 -87.5 1.123649 0.835007 1.354246 hargrave 2020-02-06 05:18:15 
ARM  4 030.5 -52.7 030.5 -52.7 2.71E-03 000.3 155.8 -87.5 1.258266 0.987195 1.374687 hargrave 2020-02-06 05:19:14 
ARM  5 030.5 -52.7 030.5 -52.7 3.04E-03 000.3 155.4 -87.5 1.390386 1.088965 1.499089 hargrave 2020-02-06 05:20:13 
