AX3- 3b mag compass orientation (IGRF corrected)
      0  69.7  62.0   0.0   0.0   1.0
NRM    115.6 -16.9 115.6 -16.9 1.76E-08 012.6 095.7 -47.7 0.000343 0.000364 0.000406 hargrave 2020-02-06 12:31:57 
AF  10 092.2 -19.8 092.2 -19.8 2.14E-08 007.0 081.5 -28.3 0.000231 0.000226 0.000140 hargrave 2020-02-06 12:33:15 
AF  20 104.5 -25.6 104.5 -25.6 1.82E-08 030.4 079.2 -40.9 0.000933 0.000691 0.000127 hargrave 2020-02-06 12:34:35 
AF  30 055.2 -40.4 055.2 -40.4 2.64E-08 006.5 048.1 -07.8 0.000257 0.000269 0.000155 hargrave 2020-02-06 12:36:43 
AF  40 011.5  21.5 011.5  21.5 1.40E-08 035.6 084.4  60.1 0.000899 0.000643 0.000133 hargrave 2020-02-06 12:38:03 
AF  50 062.2 -06.5 062.2 -06.5 2.71E-08 006.3 080.7  03.5 0.000257 0.000268 0.000163 hargrave 2020-02-06 12:39:23 
AF  60 056.6  05.4 056.6  05.4 3.74E-08 002.9 088.6  14.0 0.000159 0.000129 0.000098 hargrave 2020-02-06 12:41:30 
AF  70 083.5 -09.1 083.5 -09.1 5.47E-08 002.2 088.3 -16.4 0.000129 0.000103 0.000158 hargrave 2020-02-06 12:43:37 
AF  80 112.0 -08.6 112.0 -08.6 3.69E-08 003.4 103.8 -41.0 0.000191 0.000151 0.000139 hargrave 2020-02-06 12:44:57 
AF  90 086.2 -33.7 086.2 -33.7 5.36E-08 007.2 064.6 -27.9 0.000611 0.000488 0.000139 hargrave 2020-02-06 12:46:16 
AF 100 063.6 -16.3 063.6 -16.3 3.74E-08 003.2 072.8 -02.4 0.000158 0.000150 0.000128 hargrave 2020-02-06 12:47:36 
AF 120 066.7 -32.4 066.7 -32.4 3.98E-08 003.3 059.7 -12.2 0.000062 0.000102 0.000204 hargrave 2020-02-06 12:49:43 
AF 140 138.8 -43.5 138.8 -43.5 3.79E-08 002.9 041.8 -67.0 0.000146 0.000115 0.000086 hargrave 2020-02-06 12:51:50 
AF 160 137.8 -39.3 137.8 -39.3 5.83E-08 001.2 052.4 -68.5 0.000097 0.000086 0.000194 hargrave 2020-02-06 12:53:58 
AF 180 047.4  04.2 047.4  04.2 3.06E-08 003.7 083.0  21.6 0.000142 0.000086 0.000115 hargrave 2020-02-06 12:55:17 
AF 200 028.4  18.0 028.4  18.0 4.84E-08 003.8 088.2  44.3 0.000171 0.000179 0.000210 hargrave 2020-02-06 12:57:25 
AF 250 059.4 -01.0 059.4 -01.0 9.11E-08 004.8 084.2  08.6 0.000703 0.000551 0.000139 hargrave 2020-02-06 12:58:44 
AF 300 044.0 -25.5 044.0 -25.5 7.12E-08 004.7 055.3  08.3 0.000595 0.000435 0.000130 hargrave 2020-02-06 13:00:04 
AF 350 329.0 -36.0 329.0 -36.0 4.06E-08 007.9 350.5  25.2 0.000795 0.000495 0.000123 hargrave 2020-02-06 13:01:24 
AF 400 263.6 -75.6 263.6 -75.6 5.44E-08 004.9 344.7 -23.7 0.000564 0.000325 0.000251 hargrave 2020-02-06 13:02:44 
AF 450 259.5 -19.2 259.5 -19.2 9.52E-08 004.1 291.5 -00.7 0.000672 0.000325 0.000299 hargrave 2020-02-06 13:04:04 
AF 500 326.2 -40.3 326.2 -40.3 3.23E-08 004.2 349.0  20.5 0.000142 0.000117 0.000185 hargrave 2020-02-06 13:06:11 
AF 550 224.8 -71.2 224.8 -71.2 9.24E-08 003.3 339.3 -34.3 0.000432 0.000260 0.000273 hargrave 2020-02-06 13:07:31 
AF 600 093.4 -42.2 093.4 -42.2 1.53E-07 002.2 056.2 -35.3 0.000510 0.000528 0.000127 hargrave 2020-02-06 13:08:50 
AF 650 121.1 -39.5 121.1 -39.5 1.03E-07 001.6 060.0 -56.2 0.000133 0.000080 0.000371 hargrave 2020-02-06 13:10:10 
AF 700 179.2 -60.1 179.2 -60.1 2.00E-07 002.0 342.9 -55.3 0.000488 0.000431 0.000279 hargrave 2020-02-06 13:11:30 
AF 750 135.4 -52.4 135.4 -52.4 1.40E-07 002.7 029.7 -59.6 0.000552 0.000414 0.000141 hargrave 2020-02-06 13:12:50 
AF 800 120.8 -72.1 120.8 -72.1 2.62E-07 001.2 014.9 -41.1 0.000359 0.000319 0.000400 hargrave 2020-02-06 13:14:09 
AF 850 179.9 -69.5 179.9 -69.5 2.16E-07 001.7 349.8 -46.8 0.000315 0.000461 0.000442 hargrave 2020-02-06 13:15:30 
AF 900 154.0 -59.5 154.0 -59.5 3.03E-07 000.9 005.5 -58.2 0.000285 0.000339 0.000333 hargrave 2020-02-06 13:16:51 
AF 950 146.4 -53.1 146.4 -53.1 3.23E-07 001.4 017.7 -63.0 0.000525 0.000559 0.000346 hargrave 2020-02-06 13:18:11 
AF1000 149.6 -62.6 149.6 -62.6 3.68E-07 001.3 008.0 -54.8 0.000598 0.000558 0.000353 hargrave 2020-02-06 13:19:31 
AF1050 111.8 -71.0 111.8 -71.0 3.25E-07 001.1 018.3 -39.5 0.000538 0.000355 0.000352 hargrave 2020-02-06 13:20:51 
AF1100 123.3 -76.2 123.3 -76.2 3.60E-07 001.1 010.5 -38.7 0.000649 0.000466 0.000414 hargrave 2020-02-06 13:22:11 
AF1150 158.2 -63.3 158.2 -63.3 2.82E-07 001.6 001.2 -54.6 0.000533 0.000548 0.000219 hargrave 2020-02-06 13:23:32 
AF1200 194.5 -67.8 194.5 -67.8 3.06E-07 001.3 342.2 -45.1 0.000334 0.000549 0.000454 hargrave 2020-02-06 13:24:54 
AF1250 117.6 -65.4 117.6 -65.4 3.87E-07 001.3 023.1 -44.4 0.000669 0.000707 0.000397 hargrave 2020-02-06 13:26:16 
AF1300 143.0 -61.6 143.0 -61.6 3.71E-07 001.2 013.6 -54.6 0.000499 0.000528 0.000324 hargrave 2020-02-06 13:27:38 
ARM    142.7 -61.4 142.7 -61.4 3.74E-07 001.1 014.1 -54.7 0.000533 0.000536 0.000376 hargrave 2020-02-06 13:28:38 
ARM    142.9 -61.7 142.9 -61.7 3.64E-07 001.2 013.6 -54.4 0.000455 0.000556 0.000347 hargrave 2020-02-06 13:29:37 
ARM    143.6 -61.2 143.6 -61.2 3.70E-07 001.2 013.5 -55.1 0.000461 0.000545 0.000357 hargrave 2020-02-06 13:30:37 
ARM    143.0 -61.6 143.0 -61.6 3.68E-07 001.1 013.7 -54.6 0.000454 0.000516 0.000291 hargrave 2020-02-06 13:31:36 
ARM    143.2 -61.8 143.2 -61.8 3.69E-07 001.2 013.3 -54.4 0.000464 0.000516 0.000367 hargrave 2020-02-06 13:32:34 
ARM    142.6 -63.8 142.6 -63.8 3.44E-07 001.2 012.3 -52.5 0.000442 0.000523 0.000354 hargrave 2020-02-06 13:33:33 
ARM    142.3 -63.5 142.3 -63.5 3.44E-07 001.6 012.8 -52.8 0.000737 0.000712 0.000369 hargrave 2020-02-06 13:34:32 
ARM    142.4 -63.2 142.4 -63.2 3.51E-07 001.7 012.9 -53.1 0.000785 0.000805 0.000344 hargrave 2020-02-06 13:35:31 
ARM    144.8 -61.6 144.8 -61.6 3.54E-07 001.1 012.3 -55.0 0.000423 0.000474 0.000359 hargrave 2020-02-06 13:36:30 
ARM    143.9 -61.4 143.9 -61.4 3.54E-07 001.2 013.1 -54.9 0.000426 0.000521 0.000311 hargrave 2020-02-06 13:37:29 
ARM    142.5 -59.7 142.5 -59.7 3.69E-07 001.3 015.5 -56.1 0.000555 0.000631 0.000273 hargrave 2020-02-06 13:38:28 
ARM    141.1 -56.7 141.1 -56.7 3.88E-07 001.0 019.6 -58.4 0.000438 0.000477 0.000336 hargrave 2020-02-06 13:39:27 
ARM    141.8 -60.9 141.8 -60.9 3.57E-07 001.2 015.1 -54.9 0.000438 0.000478 0.000416 hargrave 2020-02-06 13:40:27 
ARM    145.5 -60.0 145.5 -60.0 3.74E-07 001.1 012.9 -56.6 0.000436 0.000507 0.000348 hargrave 2020-02-06 13:41:25 
ARM    146.3 -62.9 146.3 -62.9 3.59E-07 001.1 010.3 -54.0 0.000433 0.000504 0.000322 hargrave 2020-02-06 13:42:24 
ARM    155.0 -54.1 155.0 -54.1 3.79E-07 001.0 006.2 -63.7 0.000346 0.000502 0.000321 hargrave 2020-02-06 13:43:23 
ARM    148.1 -50.6 148.1 -50.6 4.38E-07 000.7 018.1 -65.8 0.000385 0.000368 0.000363 hargrave 2020-02-06 13:44:22 
ARM    147.3 -46.1 147.3 -46.1 3.62E-07 001.7 025.1 -69.4 0.000835 0.000710 0.000335 hargrave 2020-02-06 13:45:21 
ARM    144.9 -35.8 144.9 -35.8 3.49E-07 001.8 054.5 -75.3 0.000904 0.000743 0.000306 hargrave 2020-02-06 13:46:20 
ARM    144.2 -43.9 144.2 -43.9 2.95E-07 000.6 034.0 -69.8 0.000169 0.000244 0.000200 hargrave 2020-02-06 13:47:19 
ARM    132.1 -37.1 132.1 -37.1 2.32E-07 001.9 061.5 -65.1 0.000656 0.000467 0.000123 hargrave 2020-02-06 13:48:18 
ARM    135.0 -25.3 135.0 -25.3 1.28E-07 000.4 091.2 -67.7 0.000058 0.000066 0.000281 hargrave 2020-02-06 13:49:16 
ARM    136.0 -31.8 136.0 -31.8 1.84E-07 000.7 073.7 -69.1 0.000152 0.000102 0.000345 hargrave 2020-02-06 13:50:15 
ARM    114.5 -12.0 114.5 -12.0 1.39E-07 001.2 101.4 -44.9 0.000100 0.000055 0.000324 hargrave 2020-02-06 13:51:14 
ARM    124.7  01.5 124.7  01.5 1.56E-07 001.5 125.4 -45.3 0.000227 0.000216 0.000268 hargrave 2020-02-06 13:52:13 
ARM    113.3  16.2 113.3  16.2 1.66E-07 001.8 128.7 -26.9 0.000350 0.000517 0.000133 hargrave 2020-02-06 13:53:11 
ARM    133.0 -02.5 133.0 -02.5 2.13E-07 001.2 130.3 -54.0 0.000265 0.000273 0.000259 hargrave 2020-02-06 13:54:10 
ARM    119.9 -00.5 119.9 -00.5 2.31E-07 002.8 118.9 -43.0 0.001018 0.000946 0.000072 hargrave 2020-02-06 13:55:09 
ARM    128.0  05.1 128.0  05.1 2.24E-07 001.4 132.4 -44.9 0.000340 0.000417 0.000221 hargrave 2020-02-06 13:56:08 
ARM    122.4  27.5 122.4  27.5 2.42E-07 001.1 144.0 -24.0 0.000508 0.000521 0.000102 hargrave 2020-02-06 13:57:07 
ARM    087.9  22.3 087.9  22.3 1.71E-07 002.3 118.2 -04.4 0.000803 0.000816 0.000075 hargrave 2020-02-06 13:58:06 
ARM    092.7  52.6 092.7  52.6 2.11E-07 001.3 145.5  09.4 0.000495 0.000551 0.000183 hargrave 2020-02-06 13:59:05 
ARM    091.6  22.0 091.6  22.0 1.99E-07 001.4 119.8 -07.5 0.000354 0.000468 0.000091 hargrave 2020-02-06 14:00:03 
ARM    057.6  15.3 057.6  15.3 1.59E-07 001.5 098.3  17.5 0.000373 0.000369 0.000065 hargrave 2020-02-06 14:01:02 
ARM    101.0  13.9 101.0  13.9 1.93E-07 002.0 118.4 -19.5 0.000502 0.000628 0.000162 hargrave 2020-02-06 14:02:01 
ARM    077.3  19.3 077.3  19.3 1.78E-07 002.0 110.5  02.5 0.000668 0.000839 0.000148 hargrave 2020-02-06 14:03:00 
ARM    078.6  37.0 078.6  37.0 2.13E-07 001.5 126.7  09.9 0.000466 0.000589 0.000212 hargrave 2020-02-06 14:03:59 
AFz 10 076.3  37.5 076.3  37.5 2.15E-07 001.6 126.4  11.8 0.000686 0.000746 0.000159 hargrave 2020-02-06 14:04:54 
AFz 20 078.9  36.0 078.9  36.0 2.12E-07 001.5 125.9  09.3 0.000473 0.000589 0.000090 hargrave 2020-02-06 14:05:50 
AFz 30 077.6  36.9 077.6  36.9 2.13E-07 002.1 126.3  10.7 0.000830 0.000950 0.000283 hargrave 2020-02-06 14:06:46 
AFz 40 078.9  36.4 078.9  36.4 2.09E-07 001.5 126.3  09.5 0.000475 0.000619 0.000198 hargrave 2020-02-06 14:07:42 
AFz 50 072.8  38.3 072.8  38.3 2.14E-07 002.1 125.9  14.6 0.000765 0.000906 0.000237 hargrave 2020-02-06 14:08:37 
AFz 60 077.6  34.4 077.6  34.4 2.11E-07 001.4 124.1  09.5 0.000433 0.000576 0.000076 hargrave 2020-02-06 14:09:33 
AFz 70 076.6  35.3 076.6  35.3 2.11E-07 001.8 124.5  10.6 0.000543 0.000765 0.000161 hargrave 2020-02-06 14:10:29 
AFz 80 068.7  39.7 068.7  39.7 2.17E-07 001.9 126.0  18.1 0.000826 0.000950 0.000145 hargrave 2020-02-06 14:11:24 
AFz 90 076.9  35.9 076.9  35.9 2.11E-07 001.6 125.1  10.7 0.000504 0.000612 0.000108 hargrave 2020-02-06 14:12:20 
AFz100 070.6  29.7 070.6  29.7 2.20E-07 001.8 117.0  12.7 0.000697 0.000834 0.000186 hargrave 2020-02-06 14:13:16 
AFz120 071.8  30.8 071.8  30.8 2.22E-07 001.9 118.6  12.3 0.000592 0.000789 0.000121 hargrave 2020-02-06 14:14:11 
AFz140 066.7  30.4 066.7  30.4 2.17E-07 001.9 116.3  16.1 0.000572 0.000752 0.000145 hargrave 2020-02-06 14:15:07 
AFz160 064.1  36.0 064.1  36.0 2.18E-07 002.3 120.9  20.2 0.000992 0.001012 0.000152 hargrave 2020-02-06 14:16:03 
AFz180 080.5  30.8 080.5  30.8 2.12E-07 001.5 122.1  05.6 0.000449 0.000610 0.000094 hargrave 2020-02-06 14:16:59 
AFz200 064.6  36.9 064.6  36.9 2.28E-07 001.9 122.0  20.1 0.000742 0.000865 0.000219 hargrave 2020-02-06 14:17:55 
AFz250 071.0  18.0 071.0  18.0 2.34E-07 001.3 106.5  07.2 0.000514 0.000757 0.000184 hargrave 2020-02-06 14:18:51 
AFz300 073.6  35.6 073.6  35.6 2.06E-07 002.1 123.7  13.0 0.000826 0.000874 0.000173 hargrave 2020-02-06 14:19:47 
AFz350 069.8  21.8 069.8  21.8 2.08E-07 002.1 109.4  10.0 0.000722 0.000854 0.000304 hargrave 2020-02-06 14:20:43 
AFz400 074.7  22.7 074.7  22.7 2.43E-07 001.6 112.4  06.3 0.000723 0.000937 0.000192 hargrave 2020-02-06 14:21:38 
AFz450 072.1  13.6 072.1  13.6 2.24E-07 001.4 103.2  04.2 0.000455 0.000514 0.000080 hargrave 2020-02-06 14:22:34 
AFz500 075.2  20.9 075.2  20.9 1.96E-07 002.0 111.0  05.1 0.000601 0.000761 0.000089 hargrave 2020-02-06 14:23:30 
AFz550 080.3  30.9 080.3  30.9 1.84E-07 002.2 122.1  05.8 0.000787 0.000843 0.000240 hargrave 2020-02-06 14:24:26 
AFz600 066.8  30.4 066.8  30.4 1.83E-07 002.5 116.3  16.0 0.000789 0.000840 0.000201 hargrave 2020-02-06 14:25:22 
AFz650 060.2  17.5 060.2  17.5 1.91E-07 002.3 101.5  16.3 0.000684 0.000817 0.000254 hargrave 2020-02-06 14:26:18 
AFz700 087.6  22.6 087.6  22.6 1.96E-07 002.0 118.3 -04.0 0.000592 0.000732 0.000103 hargrave 2020-02-06 14:27:14 
AFz750 087.4  29.7 087.4  29.7 1.86E-07 002.0 124.2 -00.0 0.000783 0.000906 0.000258 hargrave 2020-02-06 14:28:10 
AFz800 079.8  21.7 079.8  21.7 2.25E-07 001.8 113.8  01.7 0.000743 0.000937 0.000212 hargrave 2020-02-06 14:29:06 
AFz850 073.2  30.9 073.2  30.9 2.05E-07 001.8 119.2  11.2 0.000534 0.000642 0.000134 hargrave 2020-02-06 14:30:02 
AFz900 056.2  32.2 056.2  32.2 2.20E-07 001.7 114.7  25.1 0.000543 0.000657 0.000163 hargrave 2020-02-06 14:30:58 
AFz950 069.8  44.1 069.8  44.1 2.05E-07 002.3 130.6  19.0 0.000802 0.000797 0.000328 hargrave 2020-02-06 14:31:54 
AFz000 092.3  19.9 092.3  19.9 1.77E-07 002.2 118.4 -09.2 0.000851 0.000926 0.000119 hargrave 2020-02-06 14:32:50 
AFz050 067.5  15.8 067.5  15.8 1.81E-07 002.2 103.0  09.2 0.000693 0.000842 0.000101 hargrave 2020-02-06 14:33:45 
AFz100 098.3  22.7 098.3  22.7 1.91E-07 001.9 124.1 -12.1 0.000844 0.000877 0.000223 hargrave 2020-02-06 14:34:41 
AFz150 110.0  41.9 110.0  41.9 2.23E-07 001.4 145.2 -06.4 0.000508 0.000598 0.000219 hargrave 2020-02-06 14:35:37 
AFz200 121.0 -07.3 121.0 -07.3 2.86E-07 001.7 112.0 -48.0 0.000624 0.000717 0.000299 hargrave 2020-02-06 14:36:33 
AFz250 096.2 -07.8 096.2 -07.8 2.22E-07 001.7 095.7 -27.0 0.000513 0.000706 0.000244 hargrave 2020-02-06 14:37:29 
AFz300 105.6 -00.9 105.6 -00.9 1.96E-07 002.2 107.8 -31.6 0.000688 0.000792 0.000195 hargrave 2020-02-06 14:38:24 
AFz500 125.2  01.2 125.2  01.2 2.24E-07 002.6 125.5 -45.9 0.000986 0.000890 0.000256 hargrave 2020-02-06 14:39:21 
ARM    131.2 -11.7 131.2 -11.7 3.20E-07 001.3 115.6 -58.7 0.000478 0.000539 0.000190 hargrave 2020-02-06 14:40:20 
ARM    093.7  01.9 093.7  01.9 2.14E-07 002.4 103.5 -20.1 0.000868 0.000978 0.000078 hargrave 2020-02-06 14:41:19 
ARM    106.6 -07.6 106.6 -07.6 2.16E-07 002.0 101.6 -36.0 0.000610 0.000721 0.000091 hargrave 2020-02-06 14:42:18 
ARM    131.3 -22.7 131.3 -22.7 5.00E-07 001.0 095.2 -63.8 0.000481 0.000682 0.000299 hargrave 2020-02-06 14:43:16 
ARM    151.2 -28.1 151.2 -28.1 1.48E-06 000.3 087.2 -82.5 0.000379 0.000633 0.000741 hargrave 2020-02-06 14:44:15 
ARM  1 154.3 -28.0 154.3 -28.0 2.55E-06 000.3 088.3 -85.2 0.000826 0.001091 0.001096 hargrave 2020-02-06 14:45:14 
ARM  1 155.7 -28.0 155.7 -28.0 3.48E-06 000.3 088.3 -86.4 0.001270 0.001471 0.001493 hargrave 2020-02-06 14:46:13 
ARM  1 155.4 -28.8 155.4 -28.8 4.53E-06 000.3 076.6 -86.1 0.001607 0.001929 0.001853 hargrave 2020-02-06 14:47:12 
ARM  1 156.0 -29.1 156.0 -29.1 5.55E-06 000.4 071.0 -86.5 0.002769 0.002899 0.002154 hargrave 2020-02-06 14:48:10 
ARM  1 156.4 -28.9 156.4 -28.9 6.60E-06 000.3 072.7 -87.0 0.002626 0.002884 0.002879 hargrave 2020-02-06 14:49:09 
ARM  1 157.0 -29.3 157.0 -29.3 9.11E-06 000.4 061.5 -87.3 0.004427 0.004600 0.003616 hargrave 2020-02-06 14:50:08 
ARM  2 157.2 -29.5 157.2 -29.5 1.16E-05 000.3 054.4 -87.3 0.004814 0.005322 0.005106 hargrave 2020-02-06 14:51:07 
ARM  2 157.2 -29.7 157.2 -29.7 1.40E-05 000.4 052.2 -87.3 0.005900 0.006496 0.006044 hargrave 2020-02-06 14:52:06 
ARM  2 157.5 -29.8 157.5 -29.8 1.66E-05 000.4 047.8 -87.4 0.007093 0.007758 0.007116 hargrave 2020-02-06 14:53:04 
ARM  2 157.4 -29.6 157.4 -29.6 2.14E-05 000.4 049.7 -87.4 0.009822 0.010471 0.009477 hargrave 2020-02-06 14:54:03 
ARM  3 157.6 -29.8 157.6 -29.8 2.59E-05 000.4 045.2 -87.5 0.011390 0.012347 0.011391 hargrave 2020-02-06 14:55:02 
ARM  4 157.7 -29.7 157.7 -29.7 3.04E-05 000.4 044.6 -87.5 0.014103 0.014921 0.013001 hargrave 2020-02-06 14:56:01 
ARM  4 157.8 -29.8 157.8 -29.8 3.46E-05 000.4 043.1 -87.5 0.015892 0.016916 0.014987 hargrave 2020-02-06 14:57:00 
ARM  4 157.8 -29.8 157.8 -29.8 3.89E-05 000.4 042.3 -87.6 0.017399 0.018639 0.017249 hargrave 2020-02-06 14:57:58 
ARM  5 157.9 -29.8 157.9 -29.8 4.29E-05 000.4 040.4 -87.6 0.019711 0.020983 0.019153 hargrave 2020-02-06 14:58:57 
