AX3- 1b mag compass orientation (IGRF corrected)
      0  80.7  63.0   0.0   0.0   1.0
NRM    011.1  66.4 011.1  66.4 6.95E-08 006.8 167.8  48.6 0.000801 0.000523 0.000050 hargrave 2020-02-06 07:45:52 
AF  10 024.5  59.7 024.5  59.7 6.90E-08 006.2 154.2  49.9 0.000658 0.000434 0.000151 hargrave 2020-02-06 07:47:15 
AF  20 013.2  65.3 013.2  65.3 6.04E-08 001.6 165.9  49.1 0.000166 0.000096 0.000161 hargrave 2020-02-06 07:48:36 
AF  30 021.8  56.5 021.8  56.5 6.54E-08 001.5 151.7  53.0 0.000152 0.000131 0.000224 hargrave 2020-02-06 07:49:56 
AF  40 011.6  68.9 011.6  68.9 7.67E-08 001.4 169.3  46.2 0.000231 0.000139 0.000163 hargrave 2020-02-06 07:51:16 
AF  50 006.6  66.6 006.6  66.6 6.89E-08 001.6 170.4  49.1 0.000236 0.000165 0.000184 hargrave 2020-02-06 07:52:36 
AF  60 344.0  52.9 344.0  52.9 6.51E-08 007.9 189.1  63.5 0.000824 0.000495 0.000080 hargrave 2020-02-06 07:53:56 
AF  70 321.6  42.1 321.6  42.1 6.62E-08 001.8 230.0  61.8 0.000212 0.000137 0.000130 hargrave 2020-02-06 07:55:17 
AF  80 335.6  41.6 335.6  41.6 6.06E-08 001.6 216.4  70.8 0.000192 0.000081 0.000282 hargrave 2020-02-06 07:56:37 
AF  90 339.2  58.7 339.2  58.7 5.86E-08 001.4 191.0  57.2 0.000190 0.000082 0.000239 hargrave 2020-02-06 07:57:57 
AF 100 334.8  58.4 334.8  58.4 6.64E-08 001.4 195.2  56.6 0.000232 0.000071 0.000192 hargrave 2020-02-06 07:59:17 
AF 120 025.4  48.0 025.4  48.0 8.02E-08 005.0 137.3  55.8 0.000669 0.000467 0.000248 hargrave 2020-02-06 08:00:38 
AF 140 337.6  59.3 337.6  59.3 9.05E-08 001.6 192.1  56.4 0.000286 0.000111 0.000124 hargrave 2020-02-06 08:01:58 
AF 160 337.1  37.0 337.1  37.0 8.85E-08 001.3 225.5  74.7 0.000218 0.000065 0.000246 hargrave 2020-02-06 08:03:18 
AF 180 001.1  36.6 001.1  36.6 8.71E-08 002.0 140.2  76.9 0.000273 0.000242 0.000285 hargrave 2020-02-06 08:04:38 
AF 200 306.4  42.1 306.4  42.1 1.17E-07 001.8 235.5  51.0 0.000304 0.000183 0.000180 hargrave 2020-02-06 08:05:59 
AF 250 345.9  41.7 345.9  41.7 7.70E-08 002.3 193.6  74.7 0.000249 0.000227 0.000186 hargrave 2020-02-06 08:07:19 
AF 300 345.7  40.2 345.7  40.2 1.24E-07 001.9 196.3  76.2 0.000267 0.000344 0.000313 hargrave 2020-02-06 08:08:39 
AF 350 350.5  73.8 350.5  73.8 1.02E-07 002.9 180.1  43.1 0.000297 0.000498 0.000324 hargrave 2020-02-06 08:09:59 
AF 400 345.5  45.5 345.5  45.5 8.30E-08 002.1 191.3  70.9 0.000218 0.000256 0.000187 hargrave 2020-02-06 08:11:19 
AF 450 309.6  20.0 309.6  20.0 1.28E-07 001.9 271.5  51.8 0.000309 0.000174 0.000238 hargrave 2020-02-06 08:12:40 
AF 500 300.0  49.1 300.0  49.1 1.13E-07 004.9 226.2  45.4 0.000917 0.000470 0.000111 hargrave 2020-02-06 08:14:00 
AF 550 357.6  41.1 357.6  41.1 1.30E-07 003.4 159.9  74.7 0.000645 0.000512 0.000264 hargrave 2020-02-06 08:15:20 
AF 600 355.5  66.5 355.5  66.5 1.02E-07 002.2 177.0  50.4 0.000278 0.000381 0.000362 hargrave 2020-02-06 08:16:40 
AF 650 336.9  42.2 336.9  42.2 1.40E-07 001.8 212.9  71.0 0.000284 0.000337 0.000179 hargrave 2020-02-06 08:18:01 
AF 700 323.7  77.1 323.7  77.1 1.42E-07 003.0 187.4  38.3 0.000774 0.000519 0.000116 hargrave 2020-02-06 08:19:21 
AF 750 312.6  41.7 312.6  41.7 7.14E-08 004.2 234.7  55.6 0.000323 0.000388 0.000287 hargrave 2020-02-06 08:20:41 
AF 800 002.9  44.4 002.9  44.4 1.40E-07 001.9 153.6  70.0 0.000313 0.000417 0.000188 hargrave 2020-02-06 08:22:02 
AF 850 337.2  25.7 337.2  25.7 9.79E-08 003.0 273.2  77.8 0.000347 0.000344 0.000233 hargrave 2020-02-06 08:23:27 
AF 900 344.9  54.1 344.9  54.1 1.41E-07 002.0 187.4  62.5 0.000362 0.000395 0.000075 hargrave 2020-02-06 08:24:47 
AF 950 006.6  19.4 006.6  19.4 1.93E-07 002.3 065.9  73.6 0.000581 0.000500 0.000208 hargrave 2020-02-06 08:26:08 
AF1000 347.0  27.8 347.0  27.8 1.59E-07 003.5 255.5  86.6 0.000793 0.000563 0.000084 hargrave 2020-02-06 08:27:29 
AF1050 337.3  14.0 337.3  14.0 1.38E-07 003.1 313.5  72.0 0.000681 0.000407 0.000083 hargrave 2020-02-06 08:28:50 
AF1100 315.8  35.8 315.8  35.8 1.63E-07 003.1 244.7  59.1 0.000823 0.000417 0.000323 hargrave 2020-02-06 08:30:11 
AF1150 355.8  11.9 355.8  11.9 1.40E-07 002.8 018.7  74.1 0.000587 0.000407 0.000040 hargrave 2020-02-06 08:31:33 
AF1200 336.2  28.8 336.2  28.8 1.83E-07 002.7 258.7  77.1 0.000762 0.000443 0.000158 hargrave 2020-02-06 08:32:55 
AF1250 337.3  27.1 337.3  27.1 1.04E-07 004.7 266.5  78.0 0.000755 0.000433 0.000099 hargrave 2020-02-06 08:34:17 
AF1300 328.3  36.1 328.3  36.1 1.64E-07 003.2 238.9  68.8 0.000822 0.000409 0.000182 hargrave 2020-02-06 08:35:40 
ARM    329.2  35.6 329.2  35.6 1.69E-07 004.3 239.7  69.7 0.001106 0.000647 0.000149 hargrave 2020-02-06 08:36:40 
ARM    327.1  36.9 327.1  36.9 1.62E-07 002.0 237.6  67.7 0.000381 0.000349 0.000404 hargrave 2020-02-06 08:37:40 
ARM    327.7  37.1 327.7  37.1 1.65E-07 001.8 236.8  68.1 0.000356 0.000332 0.000215 hargrave 2020-02-06 08:38:39 
ARM    328.9  36.1 328.9  36.1 1.67E-07 003.2 238.4  69.3 0.000840 0.000426 0.000037 hargrave 2020-02-06 08:39:39 
ARM    328.5  35.9 328.5  35.9 1.69E-07 001.6 239.2  69.1 0.000359 0.000308 0.000139 hargrave 2020-02-06 08:40:38 
ARM    326.7  36.4 326.7  36.4 1.63E-07 001.8 239.3  67.6 0.000388 0.000310 0.000197 hargrave 2020-02-06 08:41:37 
ARM    331.3  37.8 331.3  37.8 1.67E-07 001.6 231.7  70.4 0.000358 0.000315 0.000124 hargrave 2020-02-06 08:42:37 
ARM    332.9  37.4 332.9  37.4 1.72E-07 004.3 230.8  71.7 0.001139 0.000642 0.000129 hargrave 2020-02-06 08:43:36 
ARM    329.6  37.6 329.6  37.6 1.66E-07 001.7 233.8  69.3 0.000389 0.000319 0.000157 hargrave 2020-02-06 08:44:36 
ARM    327.6  39.3 327.6  39.3 1.64E-07 002.7 231.4  67.1 0.000743 0.000306 0.000256 hargrave 2020-02-06 08:45:35 
ARM    327.8  38.5 327.8  38.5 1.67E-07 001.8 233.2  67.7 0.000381 0.000317 0.000294 hargrave 2020-02-06 08:46:34 
ARM    335.1  37.2 335.1  37.2 1.49E-07 001.9 228.4  73.3 0.000339 0.000347 0.000140 hargrave 2020-02-06 08:47:35 
ARM    339.1  37.5 339.1  37.5 1.53E-07 003.5 220.0  75.6 0.000792 0.000506 0.000094 hargrave 2020-02-06 08:48:34 
ARM    335.3  35.6 335.3  35.6 1.63E-07 001.7 233.0  74.3 0.000347 0.000350 0.000209 hargrave 2020-02-06 08:49:33 
ARM    335.9  35.9 335.9  35.9 1.59E-07 003.3 231.2  74.5 0.000813 0.000478 0.000139 hargrave 2020-02-06 08:50:33 
ARM    347.3  38.0 347.3  38.0 1.68E-07 003.2 193.7  78.6 0.000793 0.000537 0.000122 hargrave 2020-02-06 08:51:32 
ARM    347.4  31.4 347.4  31.4 1.40E-07 001.8 212.2  84.7 0.000276 0.000335 0.000231 hargrave 2020-02-06 08:52:32 
ARM    345.7  44.8 345.7  44.8 1.52E-07 002.7 191.3  71.7 0.000684 0.000390 0.000215 hargrave 2020-02-06 08:53:31 
ARM    343.0  43.4 343.0  43.4 1.49E-07 003.1 198.9  72.4 0.000720 0.000472 0.000268 hargrave 2020-02-06 08:54:30 
ARM    346.5  41.3 346.5  41.3 1.32E-07 001.9 192.6  75.2 0.000272 0.000370 0.000330 hargrave 2020-02-06 08:55:30 
ARM    319.8  34.4 319.8  34.4 1.16E-07 002.2 246.7  62.5 0.000280 0.000257 0.000324 hargrave 2020-02-06 08:56:29 
ARM    350.2  30.3 350.2  30.3 1.59E-07 001.2 186.8  86.6 0.000192 0.000290 0.000177 hargrave 2020-02-06 08:57:28 
ARM    325.8  13.1 325.8  13.1 9.63E-08 003.6 295.8  62.8 0.000582 0.000225 0.000278 hargrave 2020-02-06 08:58:28 
ARM    002.4  26.1 002.4  26.1 9.56E-08 001.8 088.0  79.4 0.000175 0.000299 0.000280 hargrave 2020-02-06 08:59:27 
ARM    345.8  26.2 345.8  26.2 1.03E-07 001.8 279.2  85.5 0.000193 0.000243 0.000195 hargrave 2020-02-06 09:00:26 
ARM    345.4  25.9 345.4  25.9 1.36E-07 004.4 282.1  85.1 0.000910 0.000555 0.000184 hargrave 2020-02-06 09:01:25 
ARM    014.1  22.0 014.1  22.0 6.57E-08 004.8 081.8  68.1 0.000310 0.000442 0.000175 hargrave 2020-02-06 09:02:25 
ARM    023.2  00.9 023.2  00.9 9.99E-08 002.1 055.5  49.3 0.000318 0.000304 0.000205 hargrave 2020-02-06 09:03:24 
ARM    022.7  26.9 022.7  26.9 1.26E-07 002.5 097.3  61.5 0.000304 0.000503 0.000139 hargrave 2020-02-06 09:04:23 
ARM    036.2  15.0 036.2  15.0 1.68E-07 001.7 083.7  46.1 0.000316 0.000480 0.000290 hargrave 2020-02-06 09:05:22 
ARM    034.6  10.1 034.6  10.1 1.86E-07 001.8 076.3  45.4 0.000457 0.000505 0.000158 hargrave 2020-02-06 09:06:21 
ARM    037.8 -01.5 037.8 -01.5 1.69E-07 001.9 065.6  36.5 0.000356 0.000489 0.000141 hargrave 2020-02-06 09:07:20 
ARM    061.6 -13.6 061.6 -13.6 1.09E-07 003.2 068.9  10.2 0.000459 0.000518 0.000200 hargrave 2020-02-06 09:08:20 
ARM    051.2  09.0 051.2  09.0 1.43E-07 002.0 084.6  30.3 0.000366 0.000527 0.000227 hargrave 2020-02-06 09:09:19 
ARM    022.1  05.9 022.1  05.9 1.54E-07 002.0 060.5  53.5 0.000455 0.000424 0.000291 hargrave 2020-02-06 09:10:18 
ARM    051.2  07.4 051.2  07.4 9.68E-08 002.9 083.0  29.5 0.000387 0.000399 0.000133 hargrave 2020-02-06 09:11:17 
ARM    032.7 -06.7 032.7 -06.7 1.92E-07 001.9 056.5  37.2 0.000475 0.000536 0.000216 hargrave 2020-02-06 09:12:17 
AFz 10 032.3 -06.3 032.3 -06.3 1.93E-07 001.7 056.5  37.8 0.000335 0.000475 0.000215 hargrave 2020-02-06 09:13:13 
AFz 20 032.6 -06.5 032.6 -06.5 1.90E-07 001.8 056.7  37.4 0.000580 0.000425 0.000146 hargrave 2020-02-06 09:14:09 
AFz 30 032.4 -06.3 032.4 -06.3 1.90E-07 001.6 056.7  37.6 0.000329 0.000455 0.000148 hargrave 2020-02-06 09:15:05 
AFz 40 033.2 -05.7 033.2 -05.7 1.90E-07 001.5 057.9  37.5 0.000325 0.000458 0.000120 hargrave 2020-02-06 09:16:01 
AFz 50 033.7 -07.2 033.7 -07.2 1.86E-07 001.0 056.9  36.1 0.000196 0.000294 0.000278 hargrave 2020-02-06 09:16:57 
AFz 60 033.7 -06.7 033.7 -06.7 1.90E-07 002.1 057.3  36.4 0.000509 0.000572 0.000225 hargrave 2020-02-06 09:17:53 
AFz 70 032.7 -06.0 032.7 -06.0 1.92E-07 001.6 057.3  37.6 0.000329 0.000454 0.000214 hargrave 2020-02-06 09:18:49 
AFz 80 032.4 -06.1 032.4 -06.1 1.91E-07 001.4 056.9  37.8 0.000304 0.000453 0.000087 hargrave 2020-02-06 09:19:45 
AFz 90 034.3 -07.2 034.3 -07.2 1.91E-07 001.3 057.4  35.7 0.000289 0.000426 0.000178 hargrave 2020-02-06 09:20:41 
AFz100 034.1 -06.0 034.1 -06.0 1.89E-07 002.4 058.4  36.6 0.000627 0.000556 0.000268 hargrave 2020-02-06 09:21:37 
AFz120 034.8 -07.7 034.8 -07.7 1.84E-07 002.2 057.3  35.0 0.000628 0.000537 0.000171 hargrave 2020-02-06 09:22:33 
AFz140 033.8 -08.8 033.8 -08.8 1.89E-07 002.1 055.5  35.0 0.000459 0.000538 0.000303 hargrave 2020-02-06 09:23:30 
AFz160 035.0 -07.9 035.0 -07.9 1.93E-07 002.0 057.3  34.7 0.000481 0.000545 0.000200 hargrave 2020-02-06 09:24:26 
AFz180 032.1 -07.0 032.1 -07.0 1.92E-07 001.6 055.7  37.4 0.000353 0.000458 0.000107 hargrave 2020-02-06 09:25:22 
AFz200 034.7 -06.2 034.7 -06.2 2.02E-07 002.0 058.7  36.0 0.000513 0.000583 0.000237 hargrave 2020-02-06 09:26:18 
AFz250 032.6 -18.4 032.6 -18.4 1.65E-07 001.5 046.5  29.1 0.000302 0.000393 0.000130 hargrave 2020-02-06 09:27:14 
AFz300 031.3 -01.0 031.3 -01.0 1.99E-07 001.5 061.0  41.9 0.000321 0.000488 0.000134 hargrave 2020-02-06 09:28:11 
AFz350 030.2 -07.4 030.2 -07.4 1.93E-07 002.1 053.8  38.5 0.000532 0.000531 0.000165 hargrave 2020-02-06 09:29:06 
AFz400 024.6 -00.2 024.6 -00.2 1.97E-07 001.6 055.7  47.6 0.000350 0.000429 0.000251 hargrave 2020-02-06 09:30:02 
AFz450 024.2  08.9 024.2  08.9 2.15E-07 002.0 066.7  53.5 0.000605 0.000581 0.000114 hargrave 2020-02-06 09:30:58 
AFz500 042.1  01.6 042.1  01.6 1.74E-07 002.4 071.7  34.6 0.000530 0.000628 0.000224 hargrave 2020-02-06 09:31:54 
AFz550 051.3 -16.9 051.3 -16.9 1.72E-07 001.7 060.5  16.7 0.000604 0.000435 0.000218 hargrave 2020-02-06 09:32:50 
AFz600 032.0 -10.5 032.0 -10.5 2.13E-07 002.0 052.5  35.1 0.000702 0.000545 0.000170 hargrave 2020-02-06 09:33:46 
AFz650 042.4 -02.7 042.4 -02.7 2.03E-07 001.9 067.6  32.1 0.000459 0.000634 0.000127 hargrave 2020-02-06 09:34:43 
AFz700 032.5 -00.1 032.5 -00.1 1.31E-07 002.6 063.0  41.5 0.000464 0.000455 0.000184 hargrave 2020-02-06 09:35:39 
AFz750 044.7  11.3 044.7  11.3 1.65E-07 002.0 083.7  37.1 0.000463 0.000631 0.000202 hargrave 2020-02-06 09:36:35 
AFz800 039.6  03.4 039.6  03.4 1.79E-07 002.5 072.0  37.7 0.000559 0.000624 0.000178 hargrave 2020-02-06 09:37:31 
AFz850 049.7 -02.8 049.7 -02.8 1.84E-07 002.3 072.1  25.8 0.000541 0.000672 0.000192 hargrave 2020-02-06 09:38:27 
AFz900 062.8 -06.0 062.8 -06.0 1.28E-07 002.2 076.3  13.0 0.000428 0.000541 0.000163 hargrave 2020-02-06 09:39:23 
AFz950 033.4  08.6 033.4  08.6 1.68E-07 002.8 073.6  45.6 0.000618 0.000618 0.000193 hargrave 2020-02-06 09:40:19 
AFz000 037.7  15.7 037.7  15.7 1.76E-07 002.2 085.4  45.1 0.000439 0.000592 0.000151 hargrave 2020-02-06 09:41:15 
AFz050 040.4 -07.2 040.4 -07.2 1.35E-07 003.5 061.9  30.9 0.000626 0.000617 0.000218 hargrave 2020-02-06 09:42:11 
AFz100 035.9  17.1 035.9  17.1 1.40E-07 003.7 086.4  47.1 0.000719 0.000597 0.000161 hargrave 2020-02-06 09:43:07 
AFz150 043.9  07.1 043.9  07.1 9.91E-08 003.7 078.7  35.8 0.000504 0.000418 0.000260 hargrave 2020-02-06 09:44:03 
AFz200 040.8 -08.1 040.8 -08.1 1.33E-07 002.7 061.5  30.1 0.000392 0.000354 0.000419 hargrave 2020-02-06 09:44:59 
AFz250 047.2  03.6 047.2  03.6 1.33E-07 002.7 076.9  31.2 0.000395 0.000512 0.000442 hargrave 2020-02-06 09:45:56 
AFz300 043.1  11.3 043.1  11.3 1.66E-07 001.6 082.9  38.5 0.000312 0.000457 0.000274 hargrave 2020-02-06 09:46:52 
AFz500 056.2  01.3 056.2  01.3 1.69E-07 002.0 079.5  22.3 0.000394 0.000604 0.000184 hargrave 2020-02-06 09:47:48 
ARM    047.3  00.1 047.3  00.1 1.78E-07 001.8 073.4  29.4 0.000386 0.000556 0.000316 hargrave 2020-02-06 09:48:46 
ARM    043.6 -05.1 043.6 -05.1 1.53E-07 001.4 066.1  29.7 0.000182 0.000354 0.000239 hargrave 2020-02-06 09:49:45 
ARM    048.0  04.2 048.0  04.2 1.60E-07 001.4 078.0  30.9 0.000232 0.000423 0.000287 hargrave 2020-02-06 09:50:44 
ARM    068.4 -28.3 068.4 -28.3 1.36E-07 002.4 059.4 -02.8 0.000453 0.000534 0.000234 hargrave 2020-02-06 09:51:43 
ARM    152.8 -39.6 152.8 -39.6 3.79E-07 000.6 045.2 -70.5 0.000333 0.000313 0.000484 hargrave 2020-02-06 09:52:42 
ARM  1 160.4 -31.2 160.4 -31.2 7.06E-07 000.2 062.4 -80.1 0.000146 0.000128 0.000651 hargrave 2020-02-06 09:53:41 
ARM  1 164.3 -31.0 164.3 -31.0 1.04E-06 000.5 053.2 -83.1 0.000660 0.000639 0.000893 hargrave 2020-02-06 09:54:40 
ARM  1 165.0 -31.2 165.0 -31.2 1.30E-06 000.5 048.4 -83.5 0.000892 0.000843 0.000963 hargrave 2020-02-06 09:55:39 
ARM  1 166.5 -29.9 166.5 -29.9 1.70E-06 000.5 050.6 -85.3 0.001153 0.001061 0.001040 hargrave 2020-02-06 09:56:38 
ARM  1 168.3 -29.9 168.3 -29.9 1.97E-06 000.3 035.2 -86.4 0.000657 0.000761 0.001294 hargrave 2020-02-06 09:57:37 
ARM  1 168.5 -28.9 168.5 -28.9 2.77E-06 000.4 044.1 -87.3 0.001559 0.001529 0.001730 hargrave 2020-02-06 09:58:36 
ARM  2 170.2 -29.4 170.2 -29.4 3.53E-06 000.4 010.0 -87.6 0.001477 0.001660 0.002235 hargrave 2020-02-06 09:59:35 
ARM  2 170.1 -29.3 170.1 -29.3 4.32E-06 000.5 013.5 -87.7 0.002475 0.002481 0.002643 hargrave 2020-02-06 10:00:33 
ARM  2 170.1 -28.9 170.1 -28.9 5.15E-06 000.5 014.5 -88.1 0.002881 0.002921 0.003014 hargrave 2020-02-06 10:01:32 
ARM  2 170.5 -28.9 170.5 -28.9 6.58E-06 000.4 005.7 -88.1 0.003584 0.003632 0.003608 hargrave 2020-02-06 10:02:31 
ARM  3 170.7 -28.7 170.7 -28.7 8.02E-06 000.4 359.0 -88.3 0.003706 0.004009 0.004535 hargrave 2020-02-06 10:03:30 
ARM  4 170.9 -28.7 170.9 -28.7 9.42E-06 000.4 353.6 -88.3 0.004421 0.004806 0.004985 hargrave 2020-02-06 10:04:28 
ARM  4 171.0 -28.6 171.0 -28.6 1.08E-05 000.4 350.6 -88.4 0.005684 0.005892 0.005983 hargrave 2020-02-06 10:05:27 
ARM  4 171.1 -28.6 171.1 -28.6 1.21E-05 000.4 349.0 -88.3 0.006288 0.006611 0.006834 hargrave 2020-02-06 10:06:26 
ARM  5 171.2 -28.5 171.2 -28.5 1.34E-05 000.4 345.2 -88.4 0.007128 0.007414 0.007524 hargrave 2020-02-06 10:07:24 
