AX3- 6b mag compass orientation (IGRF corrected)
      0  72.7  75.0   0.0   0.0   1.0
NRM    319.3 -00.1 319.3 -00.1 9.83E-08 003.7 301.1  62.4 0.000558 0.000385 0.000357 hargrave 2020-02-06 19:54:59 
AF  10 318.9  04.9 318.9  04.9 1.05E-07 003.4 291.0  64.5 0.000520 0.000358 0.000287 hargrave 2020-02-06 19:56:18 
AF  20 316.4  21.9 316.4  21.9 9.84E-08 000.9 250.7  64.1 0.000128 0.000119 0.000115 hargrave 2020-02-06 19:57:37 
AF  30 299.1  25.3 299.1  25.3 1.02E-07 001.9 248.7  48.0 0.000323 0.000169 0.000053 hargrave 2020-02-06 19:58:57 
AF  40 303.1 -20.9 303.1 -20.9 9.50E-08 003.1 311.7  37.0 0.000332 0.000280 0.000437 hargrave 2020-02-06 20:00:16 
AF  50 291.6 -06.8 291.6 -06.8 1.08E-07 002.0 289.6  34.9 0.000194 0.000180 0.000443 hargrave 2020-02-06 20:01:35 
AF  60 300.9 -10.2 300.9 -10.2 1.34E-07 002.9 298.8  41.5 0.000573 0.000443 0.000384 hargrave 2020-02-06 20:02:54 
AF  70 322.7 -12.2 322.7 -12.2 1.35E-07 000.7 323.0  56.3 0.000055 0.000137 0.000221 hargrave 2020-02-06 20:04:14 
AF  80 332.2 -09.0 332.2 -09.0 1.46E-07 003.9 335.9  63.9 0.000856 0.000649 0.000391 hargrave 2020-02-06 20:05:34 
AF  90 319.6 -03.3 319.6 -03.3 1.60E-07 003.5 306.8  60.7 0.000770 0.000638 0.000308 hargrave 2020-02-06 20:06:53 
AF 100 342.7 -05.3 342.7 -05.3 1.65E-07 001.1 000.1  69.6 0.000253 0.000236 0.000098 hargrave 2020-02-06 20:08:13 
AF 120 342.4 -27.6 342.4 -27.6 1.93E-07 001.3 359.6  47.4 0.000345 0.000283 0.000177 hargrave 2020-02-06 20:09:32 
AF 140 325.3 -20.5 325.3 -20.5 2.04E-07 001.1 333.8  50.6 0.000338 0.000335 0.000142 hargrave 2020-02-06 20:10:51 
AF 160 330.3 -05.6 330.3 -05.6 2.39E-07 002.6 328.3  65.9 0.000936 0.000714 0.000497 hargrave 2020-02-06 20:12:11 
AF 180 316.5  04.5 316.5  04.5 2.94E-07 000.5 289.5  62.2 0.000096 0.000206 0.000213 hargrave 2020-02-06 20:13:30 
AF 200 325.5  34.4 325.5  34.4 2.93E-07 000.6 215.5  65.1 0.000242 0.000197 0.000290 hargrave 2020-02-06 20:14:49 
AF 250 327.6  06.7 327.6  06.7 2.03E-07 000.9 297.7  73.0 0.000236 0.000186 0.000103 hargrave 2020-02-06 20:16:08 
AF 300 335.1  60.9 335.1  60.9 1.64E-07 004.2 185.1  43.7 0.000875 0.000865 0.000530 hargrave 2020-02-06 20:17:28 
AF 350 351.9  04.5 351.9  04.5 1.36E-07 003.1 041.7  76.1 0.000525 0.000504 0.000084 hargrave 2020-02-06 20:18:48 
AF 400 358.1 -25.7 358.1 -25.7 2.91E-07 001.4 020.4  46.6 0.000633 0.000501 0.000100 hargrave 2020-02-06 20:20:07 
AF 450 317.5 -26.8 317.5 -26.8 1.88E-07 001.6 329.4  41.6 0.000460 0.000273 0.000192 hargrave 2020-02-06 20:21:26 
AF 500 337.6 -30.0 337.6 -30.0 1.53E-07 002.7 353.8  44.7 0.000619 0.000468 0.000161 hargrave 2020-02-06 20:22:45 
AF 550 340.8 -03.2 340.8 -03.2 2.20E-07 001.6 354.0  71.6 0.000480 0.000416 0.000107 hargrave 2020-02-06 20:24:03 
AF 600 323.8  24.8 323.8  24.8 1.07E-07 008.3 238.0  69.7 0.001113 0.000998 0.000471 hargrave 2020-02-06 20:26:57 
AF 650 002.6 -32.3 002.6 -32.3 2.03E-07 003.5 021.7  39.0 0.001359 0.000903 0.000289 hargrave 2020-02-06 20:28:16 
AF 700 060.3  78.1 060.3  78.1 1.64E-07 002.7 167.8  17.2 0.000561 0.000798 0.000167 hargrave 2020-02-06 20:29:34 
AF 750 316.9 -03.1 316.9 -03.1 8.28E-08 003.7 303.3  58.7 0.000373 0.000266 0.000331 hargrave 2020-02-06 20:30:54 
AF 800 005.1  32.5 005.1  32.5 1.16E-07 003.3 134.6  63.1 0.000483 0.000521 0.000087 hargrave 2020-02-06 20:32:13 
AF 850 009.8  14.7 009.8  14.7 1.37E-07 002.7 092.8  63.8 0.000557 0.000562 0.000517 hargrave 2020-02-06 20:33:33 
AF 900 269.1  57.8 269.1  57.8 2.45E-07 001.4 213.3  21.4 0.000517 0.000393 0.000240 hargrave 2020-02-06 20:34:52 
AF 950 026.1  38.0 026.1  38.0 2.38E-07 003.8 129.5  45.4 0.001235 0.001240 0.000427 hargrave 2020-02-06 20:36:12 
AF1000 261.0  29.7 261.0  29.7 2.88E-07 001.1 242.6  14.4 0.000531 0.000174 0.000280 hargrave 2020-02-06 20:37:31 
AF1050 318.2  27.6 318.2  27.6 2.89E-07 002.8 237.0  63.9 0.000926 0.000987 0.000473 hargrave 2020-02-06 20:38:50 
AF1100 000.6  12.0 000.6  12.0 8.18E-08 003.7 082.3  72.3 0.000416 0.000364 0.000068 hargrave 2020-02-06 20:40:10 
AF1150 354.3  36.1 354.3  36.1 1.49E-07 005.9 155.9  66.5 0.001099 0.001161 0.000441 hargrave 2020-02-06 20:41:30 
AF1200 333.4  22.3 333.4  22.3 1.96E-07 003.7 229.0  78.5 0.000959 0.000808 0.000259 hargrave 2020-02-06 20:42:51 
AF1250 306.5  23.8 306.5  23.8 6.28E-08 011.8 249.9  54.8 0.000967 0.000826 0.000421 hargrave 2020-02-06 20:45:46 
AF1300 300.4  38.3 300.4  38.3 2.22E-07 002.4 229.7  46.2 0.000593 0.000516 0.000732 hargrave 2020-02-06 20:47:08 
ARM    300.5  38.2 300.5  38.2 2.27E-07 003.1 229.8  46.2 0.000853 0.000882 0.000460 hargrave 2020-02-06 20:48:07 
ARM    303.1  37.3 303.1  37.3 2.40E-07 002.9 229.9  48.5 0.000829 0.000851 0.000422 hargrave 2020-02-06 20:49:05 
ARM    308.0  34.9 308.0  34.9 2.22E-07 003.3 231.0  53.0 0.000881 0.000896 0.000448 hargrave 2020-02-06 20:50:04 
ARM    304.3  36.2 304.3  36.2 2.42E-07 002.9 231.0  49.8 0.000847 0.000897 0.000336 hargrave 2020-02-06 20:51:02 
ARM    304.8  36.4 304.8  36.4 2.49E-07 002.7 230.4  50.1 0.000827 0.000861 0.000352 hargrave 2020-02-06 20:52:00 
ARM    301.6  35.8 301.6  35.8 2.16E-07 002.0 232.6  47.9 0.000655 0.000431 0.000175 hargrave 2020-02-06 20:52:58 
ARM    299.4  31.2 299.4  31.2 2.20E-07 002.2 239.9  47.3 0.000704 0.000451 0.000481 hargrave 2020-02-06 20:53:56 
ARM    290.4  29.7 290.4  29.7 2.24E-07 002.2 243.6  39.9 0.000722 0.000397 0.000474 hargrave 2020-02-06 20:54:54 
ARM    292.2  28.6 292.2  28.6 2.05E-07 002.3 244.8  41.5 0.000697 0.000479 0.000285 hargrave 2020-02-06 20:55:53 
ARM    287.3  34.3 287.3  34.3 2.01E-07 003.1 238.1  36.8 0.000806 0.000830 0.000354 hargrave 2020-02-06 20:56:51 
ARM    299.9  35.9 299.9  35.9 2.20E-07 003.2 233.2  46.5 0.000824 0.000847 0.000478 hargrave 2020-02-06 20:57:50 
ARM    307.6  24.6 307.6  24.6 1.69E-07 003.9 248.1  55.7 0.000855 0.000790 0.000300 hargrave 2020-02-06 20:58:48 
ARM    301.3  21.0 301.3  21.0 1.41E-07 004.7 255.1  50.3 0.000823 0.000747 0.000430 hargrave 2020-02-06 20:59:46 
ARM    255.8  32.2 255.8  32.2 1.93E-07 002.8 239.3  10.5 0.000758 0.000714 0.000432 hargrave 2020-02-06 21:00:45 
ARM    257.1  28.2 257.1  28.2 1.83E-07 002.9 243.4  10.8 0.000717 0.000732 0.000477 hargrave 2020-02-06 21:01:43 
ARM    252.6  52.6 252.6  52.6 1.86E-07 003.1 218.4  11.8 0.000798 0.000877 0.000353 hargrave 2020-02-06 21:02:41 
ARM    236.9  52.1 236.9  52.1 1.47E-07 003.1 216.3  02.5 0.000556 0.000497 0.000513 hargrave 2020-02-06 21:03:40 
ARM    282.1  61.1 282.1  61.1 2.42E-07 003.0 208.2  27.1 0.000892 0.001040 0.000476 hargrave 2020-02-06 21:04:38 
ARM    298.7  79.3 298.7  79.3 2.49E-07 002.4 188.0  22.5 0.000777 0.000906 0.000525 hargrave 2020-02-06 21:05:36 
ARM    010.0  67.3 010.0  67.3 2.41E-07 002.4 167.6  34.8 0.000726 0.000972 0.000136 hargrave 2020-02-06 21:06:35 
ARM    251.4  84.7 251.4  84.7 3.06E-07 002.6 185.5  14.8 0.000871 0.001259 0.000496 hargrave 2020-02-06 21:07:33 
ARM    321.7  72.5 321.7  72.5 3.21E-07 002.6 187.3  31.2 0.000986 0.001250 0.000490 hargrave 2020-02-06 21:08:32 
ARM    338.8  68.9 338.8  68.9 2.02E-07 003.8 181.8  36.1 0.000921 0.001085 0.000481 hargrave 2020-02-06 21:09:31 
ARM    302.8  63.3 302.8  63.3 1.38E-07 005.2 200.4  34.3 0.000927 0.000998 0.000493 hargrave 2020-02-06 21:10:29 
ARM    342.2  71.0 342.2  71.0 2.83E-07 003.0 180.2  34.0 0.001052 0.001293 0.000454 hargrave 2020-02-06 21:11:28 
ARM    014.7  42.2 014.7  42.2 2.07E-07 002.3 141.1  51.2 0.000562 0.000741 0.000112 hargrave 2020-02-06 21:12:27 
ARM    331.9  60.9 331.9  60.9 2.81E-07 002.9 187.2  43.4 0.000964 0.001169 0.000444 hargrave 2020-02-06 21:13:26 
ARM    334.3  59.4 334.3  59.4 1.89E-07 004.1 186.0  45.2 0.000950 0.001087 0.000166 hargrave 2020-02-06 21:14:25 
ARM    284.9  51.0 284.9  51.0 7.28E-08 011.4 218.7  31.6 0.001150 0.001153 0.000351 hargrave 2020-02-06 21:16:59 
ARM    323.3  56.1 323.3  56.1 1.90E-07 003.8 195.6  46.3 0.000923 0.001003 0.000198 hargrave 2020-02-06 21:17:58 
ARM    284.6  60.5 284.6  60.5 1.40E-07 005.1 208.4  28.5 0.000967 0.001068 0.000297 hargrave 2020-02-06 21:18:58 
ARM    027.4  20.1 027.4  20.1 2.09E-07 002.8 103.5  47.2 0.000803 0.000970 0.000222 hargrave 2020-02-06 21:19:57 
ARM    037.7  40.9 037.7  40.9 1.67E-07 005.1 130.0  36.0 0.001199 0.001255 0.000304 hargrave 2020-02-06 21:20:56 
ARM    112.3  13.4 112.3  13.4 2.33E-08 032.6 117.1 -32.5 0.001094 0.001169 0.000405 hargrave 2020-02-06 21:23:31 
ARM    030.5  32.8 030.5  32.8 1.89E-07 004.9 121.1  43.3 0.001219 0.001331 0.000177 hargrave 2020-02-06 21:24:30 
ARM    307.2  37.0 307.2  37.0 1.46E-07 005.1 228.3  51.5 0.000919 0.001011 0.000238 hargrave 2020-02-06 21:25:29 
ARM    013.0  32.4 013.0  32.4 1.30E-07 006.6 127.7  57.4 0.001087 0.001177 0.000185 hargrave 2020-02-06 21:26:27 
AFz 10 013.1  31.8 013.1  31.8 1.31E-07 004.0 126.6  57.6 0.000580 0.000800 0.000066 hargrave 2020-02-06 21:27:24 
AFz 20 012.8  32.0 012.8  32.0 1.35E-07 006.2 127.1  57.7 0.001057 0.001086 0.000134 hargrave 2020-02-06 21:28:19 
AFz 30 016.8  31.5 016.8  31.5 1.29E-07 003.3 123.9  54.8 0.000557 0.000791 0.000387 hargrave 2020-02-06 21:29:15 
AFz 40 017.7  27.0 017.7  27.0 1.20E-07 007.0 116.1  55.3 0.001137 0.001158 0.000294 hargrave 2020-02-06 21:30:12 
AFz 50 017.6  24.0 017.6  24.0 1.21E-07 003.7 110.8  56.0 0.000504 0.000741 0.000080 hargrave 2020-02-06 21:31:08 
AFz 60 020.9  24.9 020.9  24.9 1.23E-07 006.9 111.6  52.8 0.001143 0.001206 0.000279 hargrave 2020-02-06 21:32:04 
AFz 70 023.4  20.9 023.4  20.9 1.45E-07 006.3 104.9  50.9 0.001243 0.001280 0.000277 hargrave 2020-02-06 21:32:59 
AFz 80 020.6  19.4 020.6  19.4 1.35E-07 006.4 102.4  53.6 0.001187 0.001234 0.000242 hargrave 2020-02-06 21:33:55 
AFz 90 013.8  25.8 013.8  25.8 1.38E-07 006.4 115.4  59.0 0.001146 0.001205 0.000321 hargrave 2020-02-06 21:34:51 
AFz100 017.7  17.7 017.7  17.7 1.34E-07 003.8 099.6  56.3 0.000705 0.000867 0.000479 hargrave 2020-02-06 21:35:46 
AFz120 012.3  32.9 012.3  32.9 1.16E-07 004.6 129.0  57.7 0.000567 0.000812 0.000126 hargrave 2020-02-06 21:36:42 
AFz140 355.3  37.9 355.3  37.9 1.41E-07 004.5 156.4  64.4 0.000706 0.000982 0.000243 hargrave 2020-02-06 21:37:38 
AFz160 009.5  45.8 009.5  45.8 1.26E-07 006.8 149.4  51.8 0.001096 0.001216 0.000245 hargrave 2020-02-06 21:38:34 
AFz180 026.3  31.5 026.3  31.5 1.73E-07 005.1 120.4  47.0 0.001185 0.001312 0.000243 hargrave 2020-02-06 21:39:29 
AFz200 010.7  27.4 010.7  27.4 1.50E-07 006.1 120.1  61.2 0.001171 0.001255 0.000298 hargrave 2020-02-06 21:40:25 
AFz250 019.1  24.4 019.1  24.4 1.71E-07 003.2 111.1  54.5 0.000577 0.000861 0.000124 hargrave 2020-02-06 21:41:21 
AFz300 022.0  17.5 022.0  17.5 1.56E-07 002.8 099.4  52.2 0.000634 0.000835 0.000468 hargrave 2020-02-06 21:42:17 
AFz350 026.5  33.4 026.5  33.4 1.44E-07 003.4 123.1  46.4 0.000618 0.000880 0.000114 hargrave 2020-02-06 21:43:13 
AFz400 006.2  17.0 006.2  17.0 1.89E-07 002.8 098.2  67.3 0.000596 0.000724 0.000134 hargrave 2020-02-06 21:44:09 
AFz450 347.7  47.1 347.7  47.1 1.14E-07 004.4 173.6  57.6 0.000576 0.000763 0.000048 hargrave 2020-02-06 21:45:05 
AFz500 024.9  69.3 024.9  69.3 1.07E-07 003.7 164.1  29.7 0.000541 0.000722 0.000080 hargrave 2020-02-06 21:46:01 
AFz550 344.5  26.3 344.5  26.3 7.61E-08 011.4 171.9  78.5 0.001060 0.001086 0.000304 hargrave 2020-02-06 21:48:32 
AFz600 359.2  35.4 359.2  35.4 7.70E-08 006.1 147.0  64.7 0.000560 0.000659 0.000074 hargrave 2020-02-06 21:49:28 
AFz650 011.5  45.0 011.5  45.0 1.34E-07 003.0 146.9  51.4 0.000546 0.000774 0.000441 hargrave 2020-02-06 21:50:24 
AFz700 352.7  24.8 352.7  24.8 2.15E-07 002.3 137.9  76.4 0.000495 0.000719 0.000080 hargrave 2020-02-06 21:51:20 
AFz750 315.5  66.1 315.5  66.1 7.92E-08 004.6 193.2  35.7 0.000519 0.000536 0.000116 hargrave 2020-02-06 21:52:17 
AFz800 007.3  42.1 007.3  42.1 1.82E-07 002.9 146.9  55.6 0.000524 0.000876 0.000147 hargrave 2020-02-06 21:53:13 
AFz850 318.6 -26.9 318.6 -26.9 1.09E-07 004.2 330.6  41.9 0.000594 0.000544 0.000462 hargrave 2020-02-06 21:54:09 
AFz900 340.5  34.5 340.5  34.5 1.53E-07 003.0 185.4  70.4 0.000516 0.000631 0.000218 hargrave 2020-02-06 21:55:05 
AFz950 326.5 -06.3 326.5 -06.3 8.72E-08 003.2 321.7  63.3 0.000380 0.000366 0.000050 hargrave 2020-02-06 21:56:01 
AFz000 013.5  17.0 013.5  17.0 1.36E-07 005.9 098.0  60.3 0.001106 0.001027 0.000122 hargrave 2020-02-06 21:56:57 
AFz050 333.6  40.8 333.6  40.8 9.21E-08 009.2 195.3  63.0 0.001069 0.001120 0.000254 hargrave 2020-02-06 21:59:29 
AFz100 043.0  52.5 043.0  52.5 2.36E-07 004.2 142.5  29.8 0.001289 0.001574 0.000247 hargrave 2020-02-06 22:00:24 
AFz150 322.8  04.9 322.8  04.9 1.11E-07 002.8 295.3  67.9 0.000340 0.000406 0.000127 hargrave 2020-02-06 22:01:20 
AFz200 344.7  16.0 344.7  16.0 1.91E-07 002.7 118.0  87.8 0.000600 0.000684 0.000083 hargrave 2020-02-06 22:02:16 
AFz250 030.4  16.6 030.4  16.6 1.55E-07 003.2 098.8  44.1 0.000618 0.000813 0.000135 hargrave 2020-02-06 22:03:12 
AFz300 046.0  58.6 046.0  58.6 1.45E-07 004.8 148.6  26.5 0.000970 0.001116 0.000148 hargrave 2020-02-06 22:04:09 
AFz500 079.6 -03.9 079.6 -03.9 1.10E-07 003.0 088.0 -07.6 0.000572 0.000798 0.000101 hargrave 2020-02-06 22:05:05 
ARM    048.9  66.0 048.9  66.0 1.39E-07 005.9 156.1  23.3 0.001148 0.001353 0.000353 hargrave 2020-02-06 22:06:04 
ARM    233.0  78.0 233.0  78.0 1.39E-07 004.8 191.5  10.7 0.000789 0.001041 0.000479 hargrave 2020-02-06 22:07:03 
ARM    105.8  51.5 105.8  51.5 8.58E-08 008.0 148.3 -07.2 0.001081 0.001211 0.000247 hargrave 2020-02-06 22:08:02 
ARM    129.9  47.8 129.9  47.8 1.13E-07 006.6 157.1 -20.7 0.001090 0.001322 0.000167 hargrave 2020-02-06 22:09:01 
ARM    148.6  09.5 148.6  09.5 3.30E-07 002.7 149.4 -61.8 0.000962 0.001227 0.000389 hargrave 2020-02-06 22:10:00 
ARM  1 158.6 -07.4 158.6 -07.4 6.18E-07 001.2 151.8 -81.4 0.000758 0.000972 0.000382 hargrave 2020-02-06 22:10:59 
ARM  1 158.8 -16.0 158.8 -16.0 9.25E-07 000.3 075.1 -86.1 0.000317 0.000335 0.000359 hargrave 2020-02-06 22:11:58 
ARM  1 162.5 -11.0 162.5 -11.0 1.29E-06 000.3 176.9 -86.0 0.000337 0.000558 0.000604 hargrave 2020-02-06 22:12:57 
ARM  1 164.4 -14.9 164.4 -14.9 1.46E-06 000.2 266.4 -88.4 0.000517 0.000245 0.000740 hargrave 2020-02-06 22:13:56 
ARM  1 161.5 -11.6 161.5 -11.6 1.84E-06 000.3 161.5 -86.4 0.000660 0.000586 0.000775 hargrave 2020-02-06 22:14:55 
ARM  1 162.1 -13.0 162.1 -13.0 2.50E-06 000.1 163.9 -88.0 0.000368 0.000334 0.001022 hargrave 2020-02-06 22:15:55 
ARM  2 161.6 -13.5 161.6 -13.5 3.17E-06 000.2 144.1 -88.2 0.000678 0.000520 0.001246 hargrave 2020-02-06 22:16:54 
ARM  2 162.9 -12.9 162.9 -12.9 3.88E-06 000.2 185.2 -87.9 0.001162 0.000849 0.001399 hargrave 2020-02-06 22:17:54 
ARM  2 162.8 -14.4 162.8 -14.4 4.62E-06 000.3 188.1 -89.4 0.002209 0.001721 0.001728 hargrave 2020-02-06 22:18:53 
ARM  2 162.6 -15.1 162.6 -15.1 5.93E-06 000.3 051.4 -89.8 0.002010 0.001757 0.002305 hargrave 2020-02-06 22:19:52 
ARM  3 162.7 -15.3 162.7 -15.3 7.26E-06 000.3 354.2 -89.7 0.002739 0.002516 0.002817 hargrave 2020-02-06 22:20:50 
ARM  4 162.8 -15.2 162.8 -15.2 8.58E-06 000.3 348.5 -89.8 0.003907 0.003473 0.003366 hargrave 2020-02-06 22:21:49 
ARM  4 162.5 -15.1 162.5 -15.1 9.77E-06 000.3 066.0 -89.8 0.004049 0.003693 0.003635 hargrave 2020-02-06 22:22:48 
ARM  4 162.7 -15.2 162.7 -15.2 1.10E-05 000.4 354.4 -89.8 0.005260 0.004794 0.004330 hargrave 2020-02-06 22:23:47 
ARM  5 163.1 -15.6 163.1 -15.6 1.22E-05 000.4 327.2 -89.3 0.006003 0.005450 0.004818 hargrave 2020-02-06 22:24:46 
