AX3- 4b mag compass orientation (IGRF corrected)
      0  70.7  83.0   0.0   0.0   1.0
NRM    005.5  39.8 005.5  39.8 2.24E-07 003.2 149.6  50.4 0.000989 0.000986 0.000135 hargrave 2020-02-06 15:03:21 
AF  10 002.0  41.9 002.0  41.9 2.37E-07 002.0 155.0  50.3 0.000626 0.000706 0.000180 hargrave 2020-02-06 15:04:39 
AF  20 001.2  44.0 001.2  44.0 2.55E-07 001.9 157.5  48.9 0.000597 0.000754 0.000103 hargrave 2020-02-06 15:05:59 
AF  30 330.3  29.3 330.3  29.3 2.07E-07 003.0 202.3  65.6 0.000675 0.000911 0.000076 hargrave 2020-02-06 15:07:18 
AF  40 328.5  24.8 328.5  24.8 1.95E-07 004.9 211.9  68.7 0.001144 0.001241 0.000168 hargrave 2020-02-06 15:08:38 
AF  50 313.8  34.8 313.8  34.8 1.89E-07 003.6 217.9  52.8 0.000738 0.001101 0.000104 hargrave 2020-02-06 15:09:57 
AF  60 296.3  46.4 296.3  46.4 1.98E-07 003.3 216.2  35.2 0.000772 0.001104 0.000355 hargrave 2020-02-06 15:11:16 
AF  70 356.3  68.8 356.3  68.8 2.73E-07 002.2 173.7  27.3 0.000955 0.000919 0.000108 hargrave 2020-02-06 15:12:36 
AF  80 297.4  37.9 297.4  37.9 1.76E-07 002.8 225.1  40.1 0.000649 0.000905 0.000023 hargrave 2020-02-06 15:13:55 
AF  90 358.4  57.6 358.4  57.6 2.03E-07 003.0 168.1  37.5 0.000657 0.000815 0.000366 hargrave 2020-02-06 15:15:19 
AF 100 347.6  54.2 347.6  54.2 2.04E-07 003.5 174.5  42.4 0.001095 0.000898 0.000258 hargrave 2020-02-06 15:16:38 
AF 120 337.3  53.5 337.3  53.5 2.52E-07 002.8 182.8  43.4 0.001083 0.000970 0.000141 hargrave 2020-02-06 15:17:57 
AF 140 342.5  59.9 342.5  59.9 3.17E-07 002.3 178.9  37.1 0.001053 0.000971 0.000249 hargrave 2020-02-06 15:19:17 
AF 160 003.4  48.1 003.4  48.1 2.40E-07 003.2 158.8  44.6 0.001206 0.000885 0.000246 hargrave 2020-02-06 15:20:36 
AF 180 302.1  29.0 302.1  29.0 1.72E-07 003.1 233.9  47.5 0.000581 0.000905 0.000125 hargrave 2020-02-06 15:21:56 
AF 200 358.5  39.9 358.5  39.9 1.58E-07 003.8 156.8  53.4 0.000727 0.000729 0.000367 hargrave 2020-02-06 15:23:15 
AF 250 289.1  28.9 289.1  28.9 1.25E-07 006.3 238.9  36.7 0.001050 0.001087 0.000183 hargrave 2020-02-06 15:24:35 
AF 300 338.6  40.8 338.6  40.8 1.70E-07 002.3 182.9  56.1 0.000349 0.000604 0.000128 hargrave 2020-02-06 15:25:54 
AF 350 345.9  47.3 345.9  47.3 2.35E-07 002.1 174.5  49.4 0.000416 0.000720 0.000239 hargrave 2020-02-06 15:27:14 
AF 400 004.3  14.6 004.3  14.6 1.83E-07 003.0 110.1  65.6 0.000729 0.000779 0.000421 hargrave 2020-02-06 15:28:33 
AF 450 321.0  28.9 321.0  28.9 1.67E-07 005.0 217.9  61.2 0.000714 0.001133 0.000652 hargrave 2020-02-06 15:29:53 
AF 500 290.8 -20.1 290.8 -20.1 2.94E-07 003.4 300.0  33.9 0.001119 0.001512 0.000681 hargrave 2020-02-06 15:31:12 
AF 550 294.4 -23.3 294.4 -23.3 5.36E-07 002.0 305.3  35.5 0.000816 0.001922 0.001003 hargrave 2020-02-06 15:32:32 
AF 600 299.5 -06.3 299.5 -06.3 5.51E-07 002.1 287.0  46.8 0.001233 0.001821 0.000758 hargrave 2020-02-06 15:33:51 
AF 650 298.5 -20.7 298.5 -20.7 9.10E-07 001.5 304.8  40.2 0.001074 0.002500 0.000920 hargrave 2020-02-06 15:35:11 
AF 700 307.0 -19.4 307.0 -19.4 1.12E-06 001.4 309.1  47.6 0.001354 0.002726 0.001016 hargrave 2020-02-06 15:36:30 
AF 750 296.7 -25.9 296.7 -25.9 1.35E-06 001.2 309.4  36.1 0.001272 0.003424 0.000931 hargrave 2020-02-06 15:37:50 
AF 800 296.0 -29.1 296.0 -29.1 1.64E-06 001.3 312.3  33.8 0.001888 0.004544 0.001381 hargrave 2020-02-06 15:39:09 
AF 850 293.4 -34.9 293.4 -34.9 1.63E-06 001.3 316.6  28.8 0.002028 0.004525 0.001416 hargrave 2020-02-06 15:40:29 
AF 900 290.8 -35.0 290.8 -35.0 1.96E-06 001.3 315.3  27.0 0.002358 0.005466 0.001752 hargrave 2020-02-06 15:41:50 
AF 950 287.2 -37.2 287.2 -37.2 1.90E-06 001.2 315.8  23.3 0.002457 0.005262 0.001975 hargrave 2020-02-06 15:43:10 
AF1000 290.0 -43.2 290.0 -43.2 2.06E-06 001.3 322.6  22.0 0.003156 0.005837 0.002101 hargrave 2020-02-06 15:44:29 
AF1050 286.7 -47.7 286.7 -47.7 2.12E-06 001.3 325.2  17.6 0.003965 0.006184 0.002084 hargrave 2020-02-06 15:45:50 
AF1100 285.5 -50.7 285.5 -50.7 2.29E-06 001.3 327.4  15.4 0.004414 0.006584 0.002344 hargrave 2020-02-06 15:47:10 
AF1150 283.9 -52.6 283.9 -52.6 2.36E-06 001.3 328.5  13.5 0.004726 0.006736 0.002345 hargrave 2020-02-06 15:48:30 
AF1200 284.6 -55.6 284.6 -55.6 2.47E-06 001.3 331.3  12.2 0.004505 0.006905 0.002489 hargrave 2020-02-06 15:49:52 
AF1250 278.4 -56.3 278.4 -56.3 2.68E-06 001.2 330.2  08.9 0.004918 0.007552 0.002802 hargrave 2020-02-06 15:51:13 
AF1300 279.0 -59.4 279.0 -59.4 2.91E-06 001.3 333.1  07.7 0.005065 0.007967 0.002902 hargrave 2020-02-06 15:52:35 
ARM    278.8 -59.4 278.8 -59.4 2.91E-06 001.3 333.1  07.6 0.005653 0.008046 0.003063 hargrave 2020-02-06 15:53:35 
ARM    279.0 -59.3 279.0 -59.3 2.90E-06 001.3 333.1  07.8 0.005573 0.008121 0.002871 hargrave 2020-02-06 15:54:33 
ARM    279.0 -59.3 279.0 -59.3 2.91E-06 001.2 333.0  07.8 0.005689 0.007964 0.002947 hargrave 2020-02-06 15:55:33 
ARM    278.9 -59.4 278.9 -59.4 2.90E-06 001.2 333.1  07.7 0.005649 0.007979 0.002920 hargrave 2020-02-06 15:56:32 
ARM    278.3 -59.3 278.3 -59.3 2.90E-06 001.2 332.8  07.5 0.005595 0.007878 0.003012 hargrave 2020-02-06 15:57:30 
ARM    278.1 -59.2 278.1 -59.2 2.89E-06 001.2 332.7  07.4 0.005630 0.007964 0.002917 hargrave 2020-02-06 15:58:29 
ARM    278.2 -59.4 278.2 -59.4 2.89E-06 001.2 332.9  07.4 0.005623 0.008006 0.002852 hargrave 2020-02-06 15:59:28 
ARM    278.2 -59.7 278.2 -59.7 2.89E-06 001.2 333.1  07.2 0.005665 0.007977 0.002965 hargrave 2020-02-06 16:00:26 
ARM    277.7 -59.8 277.7 -59.8 2.89E-06 001.3 333.2  07.0 0.005207 0.008121 0.002932 hargrave 2020-02-06 16:01:24 
ARM    278.4 -59.7 278.4 -59.7 2.89E-06 001.3 333.2  07.4 0.005717 0.007993 0.003032 hargrave 2020-02-06 16:02:23 
ARM    276.9 -60.0 276.9 -60.0 2.90E-06 001.3 333.1  06.5 0.005190 0.008137 0.002932 hargrave 2020-02-06 16:03:22 
ARM    277.0 -60.4 277.0 -60.4 2.86E-06 001.2 333.5  06.4 0.005166 0.007734 0.002931 hargrave 2020-02-06 16:04:20 
ARM    284.8 -58.2 284.8 -58.2 2.88E-06 001.3 333.6  10.9 0.005694 0.007880 0.002885 hargrave 2020-02-06 16:05:19 
ARM    277.5 -60.5 277.5 -60.5 2.87E-06 001.2 333.7  06.6 0.005184 0.007719 0.002958 hargrave 2020-02-06 16:06:18 
ARM    280.9 -61.5 280.9 -61.5 2.78E-06 001.3 335.4  07.5 0.005174 0.007567 0.002868 hargrave 2020-02-06 16:07:17 
ARM    280.6 -62.6 280.6 -62.6 2.75E-06 001.3 336.3  06.9 0.005736 0.007460 0.002827 hargrave 2020-02-06 16:08:16 
ARM    283.9 -62.7 283.9 -62.7 2.78E-06 001.2 337.1  08.1 0.005865 0.007467 0.002629 hargrave 2020-02-06 16:09:15 
ARM    292.3 -63.1 292.3 -63.1 2.75E-06 001.3 339.9  10.9 0.005525 0.007308 0.002606 hargrave 2020-02-06 16:10:14 
ARM    297.2 -61.4 297.2 -61.4 2.66E-06 001.3 340.2  13.8 0.004911 0.006963 0.002362 hargrave 2020-02-06 16:11:13 
ARM    297.3 -63.0 297.3 -63.0 2.46E-06 001.3 341.3  12.7 0.005443 0.006399 0.002168 hargrave 2020-02-06 16:12:11 
ARM    304.9 -61.4 304.9 -61.4 2.32E-06 001.3 343.1  16.2 0.004880 0.005824 0.001905 hargrave 2020-02-06 16:13:10 
ARM    310.5 -63.3 310.5 -63.3 2.13E-06 001.4 346.4  16.1 0.005116 0.005356 0.001753 hargrave 2020-02-06 16:14:09 
ARM    319.9 -63.5 319.9 -63.5 1.91E-06 001.5 350.4  17.8 0.004813 0.004692 0.001458 hargrave 2020-02-06 16:15:08 
ARM    319.6 -65.0 319.6 -65.0 1.69E-06 001.4 350.9  16.4 0.003952 0.004063 0.001150 hargrave 2020-02-06 16:16:07 
ARM    336.0 -57.4 336.0 -57.4 1.45E-06 001.6 357.2  25.5 0.003490 0.003500 0.000868 hargrave 2020-02-06 16:17:06 
ARM    351.4 -52.6 351.4 -52.6 1.23E-06 001.8 007.5  29.7 0.003859 0.002547 0.000822 hargrave 2020-02-06 16:18:05 
ARM    007.8 -48.3 007.8 -48.3 9.69E-07 002.1 020.4  29.7 0.003499 0.002063 0.000764 hargrave 2020-02-06 16:19:05 
ARM    018.8 -32.6 018.8 -32.6 9.44E-07 002.1 040.2  36.4 0.003378 0.001411 0.000569 hargrave 2020-02-06 16:20:04 
ARM    027.6 -15.5 027.6 -15.5 9.33E-07 001.9 063.9  38.4 0.003027 0.001086 0.000645 hargrave 2020-02-06 16:21:03 
ARM    041.3 -02.3 041.3 -02.3 8.84E-07 001.8 083.5  28.8 0.002502 0.001086 0.000942 hargrave 2020-02-06 16:22:02 
ARM    058.9  18.8 058.9  18.8 1.05E-06 001.3 107.7  13.3 0.001744 0.001641 0.001237 hargrave 2020-02-06 16:23:01 
ARM    069.7  19.8 069.7  19.8 1.13E-06 001.2 109.5  03.3 0.001502 0.001799 0.001563 hargrave 2020-02-06 16:24:00 
ARM    058.5  30.3 058.5  30.3 1.47E-06 001.2 119.6  14.0 0.001885 0.002560 0.001735 hargrave 2020-02-06 16:24:59 
ARM    062.6  34.2 062.6  34.2 1.61E-06 001.1 123.6  10.6 0.001548 0.002990 0.001912 hargrave 2020-02-06 16:25:58 
ARM    077.8  34.8 077.8  34.8 1.96E-06 001.1 125.4 -01.8 0.001754 0.004044 0.002229 hargrave 2020-02-06 16:26:57 
ARM    081.2  40.3 081.2  40.3 2.24E-06 001.0 131.3 -03.4 0.001871 0.004670 0.002515 hargrave 2020-02-06 16:27:56 
ARM    077.2  41.7 077.2  41.7 2.38E-06 001.0 132.1 -00.2 0.002050 0.004837 0.002791 hargrave 2020-02-06 16:28:55 
AFz 10 077.1  41.8 077.1  41.8 2.38E-06 001.1 132.2 -00.1 0.002074 0.004841 0.002921 hargrave 2020-02-06 16:29:51 
AFz 20 077.0  41.7 077.0  41.7 2.38E-06 001.0 132.1 -00.0 0.002098 0.004960 0.002866 hargrave 2020-02-06 16:30:48 
AFz 30 077.1  41.8 077.1  41.8 2.37E-06 001.0 132.2 -00.1 0.002238 0.004801 0.002778 hargrave 2020-02-06 16:31:44 
AFz 40 077.0  41.8 077.0  41.8 2.37E-06 001.0 132.2  00.0 0.002109 0.004899 0.002912 hargrave 2020-02-06 16:32:40 
AFz 50 076.9  41.9 076.9  41.9 2.38E-06 001.0 132.3  00.1 0.002156 0.004887 0.002782 hargrave 2020-02-06 16:33:36 
AFz 60 076.9  42.0 076.9  42.0 2.38E-06 000.9 132.4  00.1 0.002127 0.004850 0.002749 hargrave 2020-02-06 16:34:32 
AFz 70 077.0  41.9 077.0  41.9 2.37E-06 000.9 132.3  00.0 0.002132 0.004813 0.002810 hargrave 2020-02-06 16:35:27 
AFz 80 076.7  42.1 076.7  42.1 2.38E-06 001.1 132.4  00.3 0.002079 0.004861 0.002853 hargrave 2020-02-06 16:36:23 
AFz 90 076.9  42.0 076.9  42.0 2.37E-06 001.1 132.4  00.1 0.002087 0.004876 0.002875 hargrave 2020-02-06 16:37:19 
AFz100 077.1  42.0 077.1  42.0 2.37E-06 001.0 132.4 -00.0 0.002117 0.004952 0.002853 hargrave 2020-02-06 16:38:15 
AFz120 077.4  41.9 077.4  41.9 2.38E-06 001.0 132.3 -00.2 0.002118 0.004952 0.002826 hargrave 2020-02-06 16:39:11 
AFz140 077.0  42.1 077.0  42.1 2.38E-06 001.0 132.5  00.1 0.002163 0.004938 0.002859 hargrave 2020-02-06 16:40:07 
AFz160 077.1  41.9 077.1  41.9 2.39E-06 001.0 132.3 -00.0 0.002152 0.005030 0.002833 hargrave 2020-02-06 16:41:02 
AFz180 076.1  42.0 076.1  42.0 2.39E-06 000.9 132.2  00.7 0.002232 0.004832 0.002859 hargrave 2020-02-06 16:41:58 
AFz200 077.1  42.1 077.1  42.1 2.46E-06 001.1 132.5 -00.0 0.002052 0.005162 0.002960 hargrave 2020-02-06 16:42:54 
AFz250 076.9  42.1 076.9  42.1 2.36E-06 000.9 132.4  00.1 0.002238 0.004870 0.002782 hargrave 2020-02-06 16:43:50 
AFz300 079.3  41.9 079.3  41.9 2.39E-06 001.0 132.5 -01.7 0.002201 0.004908 0.002750 hargrave 2020-02-06 16:44:46 
AFz350 079.5  41.6 079.5  41.6 2.40E-06 000.9 132.3 -01.9 0.002181 0.004835 0.002919 hargrave 2020-02-06 16:45:42 
AFz400 077.7  42.8 077.7  42.8 2.47E-06 001.0 133.3 -00.4 0.002334 0.005212 0.002899 hargrave 2020-02-06 16:46:38 
AFz450 077.8  42.1 077.8  42.1 2.36E-06 001.1 132.6 -00.5 0.002166 0.004932 0.002774 hargrave 2020-02-06 16:47:34 
AFz500 072.1  43.7 072.1  43.7 2.46E-06 001.0 133.6  03.8 0.002187 0.005142 0.002774 hargrave 2020-02-06 16:48:30 
AFz550 067.2  43.8 067.2  43.8 2.39E-06 001.1 133.4  07.4 0.002162 0.005021 0.002862 hargrave 2020-02-06 16:49:26 
AFz600 050.1  43.8 050.1  43.8 2.55E-06 000.9 134.1  19.6 0.002368 0.005066 0.002844 hargrave 2020-02-06 16:50:22 
AFz650 091.4  39.0 091.4  39.0 2.30E-06 001.1 132.2 -11.3 0.002002 0.004596 0.002709 hargrave 2020-02-06 16:51:18 
AFz700 105.9  33.4 105.9  33.4 2.62E-06 001.0 131.6 -24.2 0.002130 0.004787 0.002788 hargrave 2020-02-06 16:52:14 
AFz750 056.1  44.2 056.1  44.2 2.48E-06 001.0 134.0  15.3 0.002201 0.005233 0.002813 hargrave 2020-02-06 16:53:10 
AFz800 049.6  43.8 049.6  43.8 2.55E-06 000.9 134.2  20.0 0.002682 0.004616 0.002936 hargrave 2020-02-06 16:54:07 
AFz850 070.1  43.3 070.1  43.3 2.46E-06 001.0 133.0  05.2 0.002237 0.005268 0.002886 hargrave 2020-02-06 16:55:03 
AFz900 069.4  45.3 069.4  45.3 2.43E-06 000.9 135.0  05.9 0.002565 0.005043 0.002822 hargrave 2020-02-06 16:55:59 
AFz950 064.3  45.6 064.3  45.6 2.46E-06 001.1 135.2  09.5 0.002356 0.005099 0.002887 hargrave 2020-02-06 16:56:55 
AFz000 059.8  45.2 059.8  45.2 2.53E-06 001.0 134.9  12.6 0.002350 0.005077 0.002945 hargrave 2020-02-06 16:57:51 
AFz050 062.4  45.4 062.4  45.4 2.46E-06 001.0 135.0  10.8 0.002411 0.005034 0.002913 hargrave 2020-02-06 16:58:47 
AFz100 057.7  46.4 057.7  46.4 2.50E-06 001.1 136.1  14.0 0.002378 0.005148 0.002844 hargrave 2020-02-06 16:59:43 
AFz150 076.3  45.6 076.3  45.6 2.44E-06 000.9 135.9  01.1 0.002576 0.005146 0.002888 hargrave 2020-02-06 17:00:39 
AFz200 064.0  45.4 064.0  45.4 2.54E-06 001.0 135.0  09.7 0.002395 0.005316 0.002969 hargrave 2020-02-06 17:01:35 
AFz250 060.0  44.9 060.0  44.9 2.47E-06 001.1 134.5  12.5 0.002320 0.005128 0.002979 hargrave 2020-02-06 17:02:31 
AFz300 052.9  44.5 052.9  44.5 2.70E-06 001.1 134.6  17.6 0.002413 0.005472 0.003107 hargrave 2020-02-06 17:03:27 
AFz500 047.1  43.8 047.1  43.8 2.81E-06 001.1 134.6  21.8 0.002441 0.005669 0.003119 hargrave 2020-02-06 17:04:23 
ARM    047.4  43.4 047.4  43.4 2.72E-06 001.0 134.1  21.7 0.002447 0.005546 0.002986 hargrave 2020-02-06 17:05:22 
ARM    048.4  44.5 048.4  44.5 2.65E-06 001.0 135.1  20.7 0.002457 0.005281 0.003018 hargrave 2020-02-06 17:06:21 
ARM    046.4  43.5 046.4  43.5 2.70E-06 001.0 134.4  22.4 0.002451 0.005464 0.003042 hargrave 2020-02-06 17:07:20 
ARM    117.1  27.6 117.1  27.6 2.88E-06 001.2 131.4 -35.5 0.002558 0.004822 0.003283 hargrave 2020-02-06 17:08:19 
ARM    148.6 -01.1 148.6 -01.1 9.22E-06 000.4 115.3 -76.6 0.003689 0.004787 0.008860 hargrave 2020-02-06 17:09:18 
ARM  1 153.9 -05.9 153.9 -05.9 1.71E-05 000.3 098.6 -83.2 0.005308 0.006637 0.015331 hargrave 2020-02-06 17:10:17 
ARM  1 155.9 -08.0 155.9 -08.0 2.51E-05 000.3 077.7 -85.1 0.007945 0.009968 0.022390 hargrave 2020-02-06 17:11:16 
ARM  1 156.7 -08.9 156.7 -08.9 3.26E-05 000.3 063.6 -85.6 0.010991 0.013733 0.029232 hargrave 2020-02-06 17:12:15 
ARM  1 157.3 -09.5 157.3 -09.5 4.09E-05 000.3 053.2 -85.9 0.013971 0.017560 0.036673 hargrave 2020-02-06 17:13:14 
ARM  1 157.7 -09.8 157.7 -09.8 4.85E-05 000.3 046.1 -85.9 0.016568 0.021011 0.043440 hargrave 2020-02-06 17:14:13 
ARM  1 158.4 -10.4 158.4 -10.4 6.82E-05 000.3 034.4 -85.9 0.024007 0.030580 0.060661 hargrave 2020-02-06 17:15:12 
ARM  2 158.7 -10.7 158.7 -10.7 8.79E-05 000.3 027.8 -85.8 0.031344 0.039927 0.079165 hargrave 2020-02-06 17:16:11 
ARM  2 158.9 -10.9 158.9 -10.9 1.08E-04 000.3 024.5 -85.7 0.038345 0.049511 0.096754 hargrave 2020-02-06 17:17:10 
ARM  2 159.1 -11.0 159.1 -11.0 1.27E-04 000.3 021.8 -85.6 0.044477 0.058213 0.109201 hargrave 2020-02-06 17:18:10 
ARM  2 159.2 -11.2 159.2 -11.2 1.65E-04 000.3 019.1 -85.5 0.058834 0.076177 0.147641 hargrave 2020-02-06 17:19:09 
ARM  3 159.4 -11.3 159.4 -11.3 2.02E-04 000.3 016.9 -85.5 0.072363 0.093594 0.183102 hargrave 2020-02-06 17:20:08 
ARM  4 159.5 -11.4 159.5 -11.4 2.39E-04 000.4 015.4 -85.5 0.127638 0.114696 0.216324 hargrave 2020-02-06 17:21:07 
ARM  4 159.5 -11.4 159.5 -11.4 2.74E-04 000.4 014.8 -85.4 0.148307 0.114389 0.248848 hargrave 2020-02-06 17:22:06 
ARM  4 159.6 -11.4 159.6 -11.4 3.08E-04 000.4 014.0 -85.5 0.177056 0.130690 0.280079 hargrave 2020-02-06 17:23:05 
ARM  5 159.6 -11.4 159.6 -11.4 3.41E-04 000.4 013.6 -85.5 0.191664 0.143197 0.310105 hargrave 2020-02-06 17:24:04 
