AX3- 9b mag compass orientation (IGRF corrected)
      0  60.7  67.0   0.0   0.0   1.0
NRM    254.0 -03.4 254.0 -03.4 5.93E-08 005.2 278.5  10.8 0.000486 0.000392 0.000250 hargrave 2020-02-07 03:21:32 
AF  10 255.6 -06.4 255.6 -06.4 6.04E-08 002.7 281.9  11.0 0.000277 0.000210 0.000112 hargrave 2020-02-07 03:22:51 
AF  20 258.7 -04.8 258.7 -04.8 5.89E-08 002.4 281.8  14.5 0.000230 0.000224 0.000102 hargrave 2020-02-07 03:24:12 
AF  30 260.0 -12.0 260.0 -12.0 6.19E-08 004.3 288.9  12.5 0.000444 0.000363 0.000110 hargrave 2020-02-07 03:25:32 
AF  40 253.1 -03.3 253.1 -03.3 5.71E-08 002.8 277.9  10.0 0.000056 0.000078 0.000277 hargrave 2020-02-07 03:26:52 
AF  50 250.5 -03.1 250.5 -03.1 6.59E-08 005.0 276.7  07.8 0.000459 0.000360 0.000320 hargrave 2020-02-07 03:28:12 
AF  60 249.1 -05.0 249.1 -05.0 6.46E-08 003.2 277.9  05.7 0.000258 0.000244 0.000244 hargrave 2020-02-07 03:29:35 
AF  70 244.9 -06.7 244.9 -06.7 5.84E-08 005.9 277.8  01.2 0.000482 0.000327 0.000345 hargrave 2020-02-07 03:30:55 
AF  80 251.9  04.0 251.9  04.0 7.05E-08 004.3 270.7  11.9 0.000471 0.000314 0.000166 hargrave 2020-02-07 03:32:15 
AF  90 250.1 -01.9 250.1 -01.9 7.92E-08 003.7 275.4  07.8 0.000199 0.000138 0.000488 hargrave 2020-02-07 03:33:35 
AF 100 250.5 -02.0 250.5 -02.0 9.45E-08 004.1 275.8  08.2 0.000428 0.000347 0.000503 hargrave 2020-02-07 03:34:55 
AF 120 255.4  08.1 255.4  08.1 7.68E-08 003.2 268.1  16.6 0.000198 0.000184 0.000347 hargrave 2020-02-07 03:36:15 
AF 140 262.0  17.2 262.0  17.2 1.07E-07 001.9 261.3  25.7 0.000290 0.000186 0.000227 hargrave 2020-02-07 03:37:35 
AF 160 267.2  22.7 267.2  22.7 1.01E-07 002.3 256.7  32.0 0.000332 0.000251 0.000239 hargrave 2020-02-07 03:38:55 
AF 180 269.0  06.7 269.0  06.7 1.06E-07 002.1 275.0  28.6 0.000345 0.000179 0.000234 hargrave 2020-02-07 03:40:15 
AF 200 259.5  10.9 259.5  10.9 1.21E-07 001.5 266.9  21.4 0.000288 0.000157 0.000203 hargrave 2020-02-07 03:41:35 
AF 250 290.3 -09.4 290.3 -09.4 8.15E-08 006.8 304.7  38.9 0.000788 0.000554 0.000515 hargrave 2020-02-07 03:42:55 
AF 300 284.6  16.3 284.6  16.3 1.30E-07 004.4 270.1  46.2 0.000778 0.000588 0.000310 hargrave 2020-02-07 03:44:15 
AF 350 312.2  09.4 312.2  09.4 1.40E-07 001.7 304.5  67.7 0.000270 0.000275 0.000154 hargrave 2020-02-07 03:45:35 
AF 400 306.1  08.5 306.1  08.5 1.61E-07 001.6 297.6  62.3 0.000300 0.000332 0.000288 hargrave 2020-02-07 03:46:55 
AF 450 320.2  26.7 320.2  26.7 1.87E-07 001.9 246.4  79.8 0.000436 0.000444 0.000155 hargrave 2020-02-07 03:48:15 
AF 500 319.6  01.5 319.6  01.5 1.83E-07 001.9 331.8  65.9 0.000357 0.000347 0.000489 hargrave 2020-02-07 03:49:35 
AF 550 324.6  23.1 324.6  23.1 1.76E-07 001.4 268.2  84.3 0.000319 0.000304 0.000188 hargrave 2020-02-07 03:50:55 
AF 600 317.1 -01.5 317.1 -01.5 1.58E-07 001.8 329.8  62.1 0.000366 0.000323 0.000288 hargrave 2020-02-07 03:52:16 
AF 650 346.7  09.5 346.7  09.5 1.75E-07 004.3 051.3  69.6 0.001126 0.000810 0.000230 hargrave 2020-02-07 03:53:36 
AF 700 348.5  27.2 348.5  27.2 2.06E-07 001.9 108.2  73.3 0.000492 0.000569 0.000335 hargrave 2020-02-07 03:54:56 
AF 750 350.6  19.0 350.6  19.0 1.70E-07 002.3 081.5  71.0 0.000508 0.000515 0.000169 hargrave 2020-02-07 03:56:16 
AF 800 349.1  04.0 349.1  04.0 1.85E-07 004.2 045.9  63.9 0.001095 0.000878 0.000254 hargrave 2020-02-07 03:57:36 
AF 850 335.3  07.4 335.3  07.4 2.04E-07 002.0 016.4  73.8 0.000542 0.000470 0.000237 hargrave 2020-02-07 03:58:57 
AF 900 340.1  11.3 340.1  11.3 1.94E-07 001.7 038.9  75.2 0.000373 0.000444 0.000323 hargrave 2020-02-07 04:00:18 
AF 950 332.0  18.7 332.0  18.7 2.23E-07 002.9 015.8  85.5 0.000866 0.000728 0.000246 hargrave 2020-02-07 04:01:38 
AF1000 335.4  14.5 335.4  14.5 3.20E-07 001.4 028.4  80.4 0.000518 0.000596 0.000287 hargrave 2020-02-07 04:02:59 
AF1050 339.2  22.0 339.2  22.0 2.72E-07 003.1 084.1  82.0 0.001119 0.000940 0.000097 hargrave 2020-02-07 04:04:19 
AF1100 331.0  19.0 331.0  19.0 3.00E-07 002.6 004.4  85.9 0.001070 0.000878 0.000119 hargrave 2020-02-07 04:05:40 
AF1150 333.0  21.2 333.0  21.2 2.70E-07 003.2 049.7  87.2 0.001110 0.000998 0.000222 hargrave 2020-02-07 04:07:02 
AF1200 321.3  22.4 321.3  22.4 3.00E-07 001.5 272.2  81.3 0.000505 0.000536 0.000402 hargrave 2020-02-07 04:08:23 
AF1250 319.5  11.2 319.5  11.2 3.01E-07 001.3 315.9  74.1 0.000507 0.000401 0.000210 hargrave 2020-02-07 04:09:46 
AF1300 324.8  18.8 324.8  18.8 3.07E-07 001.9 306.0  83.1 0.000750 0.000682 0.000444 hargrave 2020-02-07 04:11:08 
ARM    324.7  18.7 324.7  18.7 3.04E-07 002.0 306.4  82.9 0.000755 0.000713 0.000304 hargrave 2020-02-07 04:12:09 
ARM    324.7  19.0 324.7  19.0 3.12E-07 002.8 304.6  83.1 0.001175 0.000960 0.000194 hargrave 2020-02-07 04:13:09 
ARM    324.7  19.1 324.7  19.1 3.07E-07 002.9 304.0  83.2 0.001196 0.000973 0.000376 hargrave 2020-02-07 04:14:08 
ARM    324.9  18.9 324.9  18.9 3.09E-07 001.7 306.3  83.2 0.000613 0.000673 0.000219 hargrave 2020-02-07 04:15:07 
ARM    324.5  19.0 324.5  19.0 3.07E-07 001.7 303.3  83.0 0.000597 0.000620 0.000330 hargrave 2020-02-07 04:16:07 
ARM    324.1  19.1 324.1  19.1 3.08E-07 001.5 301.4  82.7 0.000571 0.000572 0.000175 hargrave 2020-02-07 04:17:06 
ARM    325.3  19.1 325.3  19.1 3.12E-07 001.7 307.0  83.6 0.000660 0.000670 0.000153 hargrave 2020-02-07 04:18:05 
ARM    325.2  19.4 325.2  19.4 3.14E-07 002.8 303.7  83.7 0.001179 0.000951 0.000203 hargrave 2020-02-07 04:19:04 
ARM    325.0  18.0 325.0  18.0 3.19E-07 001.7 311.9  82.7 0.000665 0.000672 0.000203 hargrave 2020-02-07 04:20:04 
ARM    325.1  18.3 325.1  18.3 3.13E-07 001.8 310.9  82.9 0.000672 0.000671 0.000313 hargrave 2020-02-07 04:21:03 
ARM    325.8  19.6 325.8  19.6 3.20E-07 001.1 305.7  84.3 0.000462 0.000442 0.000150 hargrave 2020-02-07 04:22:02 
ARM    326.7  20.0 326.7  20.0 2.99E-07 002.0 308.2  85.2 0.000746 0.000692 0.000308 hargrave 2020-02-07 04:23:01 
ARM    327.7  20.6 327.7  20.6 3.07E-07 001.4 310.3  86.3 0.000521 0.000514 0.000159 hargrave 2020-02-07 04:24:01 
ARM    326.1  20.1 326.1  20.1 2.91E-07 003.1 303.6  84.8 0.001181 0.000999 0.000332 hargrave 2020-02-07 04:25:01 
ARM    324.2  21.7 324.2  21.7 2.84E-07 001.9 280.7  83.9 0.000625 0.000656 0.000387 hargrave 2020-02-07 04:26:01 
ARM    327.9  25.2 327.9  25.2 3.03E-07 002.8 229.2  86.6 0.001136 0.000905 0.000260 hargrave 2020-02-07 04:27:00 
ARM    327.5  24.7 327.5  24.7 3.13E-07 002.6 238.2  86.6 0.001106 0.000871 0.000182 hargrave 2020-02-07 04:28:00 
ARM    331.7  24.9 331.7  24.9 2.77E-07 002.9 155.9  87.9 0.001080 0.000897 0.000096 hargrave 2020-02-07 04:28:59 
ARM    329.4  28.9 329.4  28.9 2.66E-07 002.9 191.1  84.0 0.001060 0.000851 0.000218 hargrave 2020-02-07 04:29:58 
ARM    338.6  30.0 338.6  30.0 2.85E-07 002.7 136.6  80.0 0.001035 0.000887 0.000097 hargrave 2020-02-07 04:30:58 
ARM    344.6  27.5 344.6  27.5 2.19E-07 002.4 112.4  76.7 0.000535 0.000734 0.000137 hargrave 2020-02-07 04:31:57 
ARM    345.5  28.4 345.5  28.4 2.23E-07 002.2 115.3  75.6 0.000507 0.000700 0.000139 hargrave 2020-02-07 04:32:57 
ARM    348.5  25.0 348.5  25.0 1.50E-07 004.9 100.6  73.6 0.001011 0.000830 0.000152 hargrave 2020-02-07 04:33:56 
ARM    355.7  18.8 355.7  18.8 1.82E-07 004.3 084.5  66.3 0.001170 0.000876 0.000306 hargrave 2020-02-07 04:34:56 
ARM    000.4  13.4 000.4  13.4 1.48E-07 005.1 076.4  60.2 0.001143 0.000831 0.000230 hargrave 2020-02-07 04:35:55 
ARM    005.2  17.4 005.2  17.4 1.60E-07 002.7 086.7  57.2 0.000509 0.000572 0.000118 hargrave 2020-02-07 04:36:54 
ARM    356.8  26.6 356.8  26.6 1.92E-07 003.9 104.1  66.0 0.001060 0.000815 0.000068 hargrave 2020-02-07 04:37:54 
ARM    008.3  09.3 008.3  09.3 1.37E-07 002.5 075.4  51.5 0.000383 0.000435 0.000197 hargrave 2020-02-07 04:38:54 
ARM    359.8  24.8 359.8  24.8 1.47E-07 004.5 099.8  63.4 0.000927 0.000756 0.000033 hargrave 2020-02-07 04:39:53 
ARM    355.4  25.6 355.4  25.6 1.60E-07 004.2 101.7  67.3 0.000936 0.000787 0.000161 hargrave 2020-02-07 04:40:53 
ARM    357.6  21.8 357.6  21.8 1.39E-07 002.4 092.4  65.1 0.000411 0.000433 0.000068 hargrave 2020-02-07 04:41:52 
ARM    355.4  21.5 355.4  21.5 2.18E-07 003.5 090.9  67.1 0.001017 0.000872 0.000159 hargrave 2020-02-07 04:42:51 
ARM    002.6  32.8 002.6  32.8 1.56E-07 004.0 116.4  60.3 0.000922 0.000762 0.000122 hargrave 2020-02-07 04:43:51 
ARM    011.4  11.7 011.4  11.7 1.24E-07 005.3 080.7  49.7 0.000971 0.000760 0.000112 hargrave 2020-02-07 04:44:50 
ARM    005.5  20.2 005.5  20.2 1.62E-07 004.1 091.9  57.5 0.000962 0.000727 0.000087 hargrave 2020-02-07 04:45:50 
ARM    358.7  20.5 358.7  20.5 1.60E-07 004.5 089.9  63.9 0.000993 0.000834 0.000067 hargrave 2020-02-07 04:46:49 
ARM    351.5  18.7 351.5  18.7 2.21E-07 003.5 081.3  70.1 0.001019 0.000874 0.000274 hargrave 2020-02-07 04:47:48 
AFz 10 352.3  18.1 352.3  18.1 2.17E-07 001.6 080.4  69.2 0.000438 0.000490 0.000288 hargrave 2020-02-07 04:48:44 
AFz 20 352.4  18.3 352.4  18.3 2.15E-07 001.8 080.9  69.2 0.000511 0.000515 0.000246 hargrave 2020-02-07 04:49:42 
AFz 30 351.7  18.6 351.7  18.6 2.14E-07 003.3 081.4  69.9 0.000969 0.000858 0.000214 hargrave 2020-02-07 04:50:38 
AFz 40 351.7  18.4 351.7  18.4 2.17E-07 003.3 080.8  69.8 0.000983 0.000843 0.000221 hargrave 2020-02-07 04:51:34 
AFz 50 351.8  18.6 351.8  18.6 2.15E-07 003.4 081.3  69.8 0.000976 0.000856 0.000152 hargrave 2020-02-07 04:52:30 
AFz 60 352.0  17.9 352.0  17.9 2.10E-07 001.8 079.4  69.4 0.000521 0.000491 0.000240 hargrave 2020-02-07 04:53:26 
AFz 70 351.0  16.9 351.0  16.9 2.20E-07 001.7 075.9  70.0 0.000438 0.000458 0.000093 hargrave 2020-02-07 04:54:22 
AFz 80 351.3  17.4 351.3  17.4 2.22E-07 003.3 077.6  69.9 0.000992 0.000873 0.000201 hargrave 2020-02-07 04:55:18 
AFz 90 352.1  16.6 352.1  16.6 2.25E-07 001.5 076.3  68.9 0.000394 0.000419 0.000131 hargrave 2020-02-07 04:56:14 
AFz100 351.6  18.8 351.6  18.8 2.18E-07 003.5 081.8  70.1 0.001035 0.000879 0.000187 hargrave 2020-02-07 04:57:10 
AFz120 352.4  17.7 352.4  17.7 2.19E-07 003.2 079.5  69.0 0.000981 0.000817 0.000170 hargrave 2020-02-07 04:58:06 
AFz140 350.6  16.3 350.6  16.3 2.18E-07 001.5 073.9  70.1 0.000464 0.000394 0.000144 hargrave 2020-02-07 04:59:02 
AFz160 353.6  17.5 353.6  17.5 2.15E-07 001.6 079.9  67.8 0.000497 0.000449 0.000257 hargrave 2020-02-07 04:59:58 
AFz180 351.3  17.3 351.3  17.3 2.17E-07 003.3 077.3  69.8 0.001019 0.000812 0.000174 hargrave 2020-02-07 05:00:54 
AFz200 354.5  15.9 354.5  15.9 2.06E-07 003.6 076.7  66.5 0.001017 0.000828 0.000154 hargrave 2020-02-07 05:01:50 
AFz250 351.5  16.8 351.5  16.8 2.16E-07 003.3 076.2  69.4 0.000997 0.000824 0.000243 hargrave 2020-02-07 05:02:46 
AFz300 354.4  12.1 354.4  12.1 1.96E-07 001.7 068.1  64.9 0.000434 0.000411 0.000324 hargrave 2020-02-07 05:03:42 
AFz350 348.0  19.1 348.0  19.1 1.99E-07 003.6 079.7  73.4 0.000977 0.000779 0.000191 hargrave 2020-02-07 05:04:39 
AFz400 356.4  17.3 356.4  17.3 2.09E-07 001.7 081.4  65.2 0.000471 0.000510 0.000194 hargrave 2020-02-07 05:05:35 
AFz450 359.1  15.5 359.1  15.5 1.92E-07 001.7 079.4  62.2 0.000466 0.000460 0.000354 hargrave 2020-02-07 05:06:31 
AFz500 000.5  20.9 000.5  20.9 2.17E-07 001.9 091.4  62.3 0.000496 0.000515 0.000130 hargrave 2020-02-07 05:07:27 
AFz550 001.9  13.3 001.9  13.3 2.10E-07 002.0 077.4  58.8 0.000618 0.000532 0.000174 hargrave 2020-02-07 05:08:23 
AFz600 357.5  14.4 357.5  14.4 2.38E-07 001.6 075.9  63.2 0.000494 0.000486 0.000155 hargrave 2020-02-07 05:09:19 
AFz650 001.1  21.3 001.1  21.3 1.99E-07 001.6 092.5  61.8 0.000458 0.000458 0.000268 hargrave 2020-02-07 05:10:15 
AFz700 357.2  17.5 357.2  17.5 2.12E-07 001.5 082.5  64.6 0.000452 0.000408 0.000232 hargrave 2020-02-07 05:11:11 
AFz750 008.0  13.4 008.0  13.4 1.92E-07 001.6 081.4  53.4 0.000452 0.000467 0.000302 hargrave 2020-02-07 05:12:07 
AFz800 354.0  27.7 354.0  27.7 2.11E-07 001.6 107.5  68.4 0.000516 0.000504 0.000363 hargrave 2020-02-07 05:13:04 
AFz850 005.9  12.4 005.9  12.4 1.62E-07 001.9 078.5  54.9 0.000461 0.000383 0.000260 hargrave 2020-02-07 05:14:00 
AFz900 010.1  14.6 010.1  14.6 1.73E-07 002.0 084.4  51.8 0.000474 0.000483 0.000172 hargrave 2020-02-07 05:14:56 
AFz950 006.7  13.7 006.7  13.7 1.89E-07 001.7 081.1  54.7 0.000454 0.000465 0.000233 hargrave 2020-02-07 05:15:52 
AFz000 344.7  13.7 344.7  13.7 1.88E-07 001.6 057.4  73.7 0.000400 0.000374 0.000226 hargrave 2020-02-07 05:16:48 
AFz050 355.3  19.4 355.3  19.4 1.96E-07 001.3 085.6  66.8 0.000388 0.000270 0.000076 hargrave 2020-02-07 05:17:44 
AFz100 350.7  21.6 350.7  21.6 2.10E-07 001.8 089.6  71.4 0.000497 0.000469 0.000144 hargrave 2020-02-07 05:18:40 
AFz150 003.7  23.9 003.7  23.9 1.53E-07 002.1 098.4  59.8 0.000454 0.000480 0.000164 hargrave 2020-02-07 05:19:36 
AFz200 356.7  20.0 356.7  20.0 1.94E-07 001.7 088.0  65.7 0.000458 0.000429 0.000220 hargrave 2020-02-07 05:20:32 
AFz250 006.6  14.6 006.6  14.6 9.89E-08 002.8 082.5  55.1 0.000410 0.000350 0.000271 hargrave 2020-02-07 05:21:28 
AFz300 351.7  12.0 351.7  12.0 1.44E-07 001.7 064.7  67.1 0.000340 0.000257 0.000288 hargrave 2020-02-07 05:22:24 
AFz500 005.2  03.7 005.2  03.7 1.54E-07 002.0 065.1  51.4 0.000400 0.000389 0.000173 hargrave 2020-02-07 05:23:20 
ARM    342.5  11.1 342.5  11.1 1.43E-07 001.3 045.5  73.6 0.000219 0.000214 0.000314 hargrave 2020-02-07 05:24:20 
ARM    353.6  09.2 353.6  09.2 1.11E-07 002.5 061.5  64.1 0.000376 0.000357 0.000328 hargrave 2020-02-07 05:25:19 
ARM    355.4  01.6 355.4  01.6 1.17E-07 002.4 051.7  57.8 0.000383 0.000297 0.000308 hargrave 2020-02-07 05:26:18 
ARM    131.6 -39.7 131.6 -39.7 1.62E-07 003.7 039.7 -66.7 0.000866 0.000650 0.000244 hargrave 2020-02-07 05:27:17 
ARM    147.2 -26.2 147.2 -26.2 7.94E-07 000.7 044.4 -85.5 0.000749 0.000491 0.000517 hargrave 2020-02-07 05:28:16 
ARM  1 148.9 -23.9 148.9 -23.9 1.44E-06 000.2 059.6 -88.1 0.000404 0.000313 0.000915 hargrave 2020-02-07 05:29:14 
ARM  1 148.9 -23.6 148.9 -23.6 2.09E-06 000.1 070.0 -88.2 0.000302 0.000214 0.001098 hargrave 2020-02-07 05:30:13 
ARM  1 149.9 -23.4 149.9 -23.4 2.71E-06 000.3 057.7 -89.2 0.000986 0.000913 0.001210 hargrave 2020-02-07 05:31:12 
ARM  1 149.8 -23.5 149.8 -23.5 3.35E-06 000.2 060.9 -89.1 0.001018 0.000978 0.002025 hargrave 2020-02-07 05:32:11 
ARM  1 149.7 -23.4 149.7 -23.4 4.02E-06 000.1 068.1 -89.0 0.000493 0.000684 0.001905 hargrave 2020-02-07 05:33:10 
ARM  1 150.2 -23.1 150.2 -23.1 5.64E-06 000.2 074.6 -89.5 0.000955 0.001177 0.002692 hargrave 2020-02-07 05:34:09 
ARM  2 150.3 -23.1 150.3 -23.1 7.16E-06 000.2 080.2 -89.6 0.001422 0.001681 0.003560 hargrave 2020-02-07 05:35:08 
ARM  2 150.3 -23.1 150.3 -23.1 8.74E-06 000.3 069.9 -89.6 0.002774 0.002820 0.004242 hargrave 2020-02-07 05:36:08 
ARM  2 150.3 -22.9 150.3 -22.9 1.03E-05 000.2 104.8 -89.7 0.002960 0.003096 0.005383 hargrave 2020-02-07 05:37:07 
ARM  2 150.4 -22.9 150.4 -22.9 1.32E-05 000.2 116.1 -89.7 0.003281 0.003622 0.006696 hargrave 2020-02-07 05:38:06 
ARM  3 150.5 -22.8 150.5 -22.8 1.61E-05 000.2 140.5 -89.8 0.004759 0.004877 0.008298 hargrave 2020-02-07 05:39:05 
ARM  4 150.5 -22.9 150.5 -22.9 1.88E-05 000.2 114.9 -89.8 0.005613 0.005791 0.009993 hargrave 2020-02-07 05:40:04 
ARM  4 150.6 -22.8 150.6 -22.8 2.17E-05 000.3 159.7 -89.8 0.006625 0.006836 0.011760 hargrave 2020-02-07 05:41:03 
ARM  4 150.6 -22.8 150.6 -22.8 2.42E-05 000.3 159.3 -89.8 0.007347 0.007626 0.013444 hargrave 2020-02-07 05:42:02 
ARM  5 150.7 -22.8 150.7 -22.8 2.67E-05 000.2 170.6 -89.8 0.007529 0.007977 0.014343 hargrave 2020-02-07 05:43:01 
