AX3- 7b mag compass orientation (IGRF corrected)
      0  71.7  81.0   0.0   0.0   1.0
NRM    324.0  52.6 324.0  52.6 1.93E-07 003.1 194.9  44.1 0.000850 0.000899 0.000177 hargrave 2020-02-06 22:26:22 
AF  10 313.0  52.5 313.0  52.5 2.13E-07 003.4 202.7  40.7 0.001088 0.001053 0.000071 hargrave 2020-02-06 22:27:40 
AF  20 311.7  54.8 311.7  54.8 2.07E-07 003.6 201.6  38.4 0.001111 0.001094 0.000052 hargrave 2020-02-06 22:29:00 
AF  30 312.4  53.6 312.4  53.6 2.20E-07 002.4 202.2  39.6 0.000850 0.000754 0.000164 hargrave 2020-02-06 22:30:19 
AF  40 302.8  49.0 302.8  49.0 2.48E-07 002.9 211.7  38.5 0.001033 0.001104 0.000098 hargrave 2020-02-06 22:31:38 
AF  50 300.8  44.9 300.8  44.9 2.35E-07 002.9 217.1  39.7 0.000901 0.000980 0.000292 hargrave 2020-02-06 22:32:57 
AF  60 293.3  43.6 293.3  43.6 2.60E-07 002.8 221.8  35.6 0.001010 0.001209 0.000142 hargrave 2020-02-06 22:34:16 
AF  70 307.1  42.9 307.1  42.9 2.24E-07 003.4 215.7  44.6 0.001123 0.001072 0.000061 hargrave 2020-02-06 22:35:35 
AF  80 290.9  47.2 290.9  47.2 2.50E-07 002.8 218.7  32.6 0.001024 0.001140 0.000059 hargrave 2020-02-06 22:36:54 
AF  90 303.6  47.1 303.6  47.1 1.91E-07 002.8 213.3  40.1 0.000951 0.000823 0.000142 hargrave 2020-02-06 22:38:14 
AF 100 310.0  45.2 310.0  45.2 1.91E-07 004.1 211.4  44.7 0.001112 0.001130 0.000036 hargrave 2020-02-06 22:39:34 
AF 120 294.6  51.3 294.6  51.3 1.87E-07 003.9 213.0  32.9 0.000986 0.001063 0.000262 hargrave 2020-02-06 22:40:53 
AF 140 315.6  56.3 315.6  56.3 1.53E-07 003.3 198.2  38.5 0.000873 0.000699 0.000092 hargrave 2020-02-06 22:42:12 
AF 160 301.8  46.5 301.8  46.5 1.81E-07 003.2 214.8  39.4 0.000830 0.000817 0.000372 hargrave 2020-02-06 22:43:32 
AF 180 292.2  45.0 292.2  45.0 2.41E-07 002.2 220.7  34.4 0.000786 0.000792 0.000348 hargrave 2020-02-06 22:44:51 
AF 200 315.0  41.3 315.0  41.3 2.52E-07 002.2 211.7  50.0 0.000758 0.000650 0.000379 hargrave 2020-02-06 22:46:11 
AF 250 308.6  28.2 308.6  28.2 4.46E-07 001.4 233.9  53.4 0.000823 0.000813 0.000365 hargrave 2020-02-06 22:47:30 
AF 300 326.2  21.5 326.2  21.5 4.77E-07 001.5 228.1  70.5 0.000882 0.000894 0.000305 hargrave 2020-02-06 22:48:49 
AF 350 325.0  18.9 325.0  18.9 8.40E-07 001.3 236.8  71.0 0.001414 0.001244 0.000292 hargrave 2020-02-06 22:50:09 
AF 400 334.2  15.2 334.2  15.2 1.06E-06 000.6 229.3  80.4 0.000811 0.000797 0.000216 hargrave 2020-02-06 22:51:28 
AF 450 336.6  15.8 336.6  15.8 1.58E-06 000.6 215.8  81.6 0.001139 0.001328 0.000205 hargrave 2020-02-06 22:52:48 
AF 500 333.9  15.1 333.9  15.1 1.94E-06 000.5 230.5  80.2 0.001152 0.001260 0.000724 hargrave 2020-02-06 22:54:07 
AF 550 333.9  09.4 333.9  09.4 2.16E-06 000.5 266.6  82.3 0.001403 0.001365 0.000583 hargrave 2020-02-06 22:55:26 
AF 600 333.9  10.2 333.9  10.2 2.26E-06 000.8 260.8  82.2 0.002124 0.002173 0.000586 hargrave 2020-02-06 22:56:46 
AF 650 335.5  09.0 335.5  09.0 2.67E-06 000.6 269.7  83.9 0.002216 0.002029 0.000549 hargrave 2020-02-06 22:58:05 
AF 700 334.2  06.1 334.2  06.1 2.82E-06 000.5 290.9  82.0 0.001695 0.001701 0.000583 hargrave 2020-02-06 22:59:24 
AF 750 334.5  06.0 334.5  06.0 3.31E-06 000.6 292.1  82.2 0.002748 0.002490 0.000691 hargrave 2020-02-06 23:00:44 
AF 800 335.1  03.8 335.1  03.8 3.73E-06 000.5 308.1  81.6 0.002321 0.002293 0.000611 hargrave 2020-02-06 23:02:03 
AF 850 336.0  02.9 336.0  02.9 4.07E-06 000.6 316.9  81.7 0.003495 0.002902 0.000505 hargrave 2020-02-06 23:03:23 
AF 900 334.3  04.0 334.3  04.0 4.19E-06 000.5 303.8  81.1 0.002408 0.002393 0.000798 hargrave 2020-02-06 23:04:43 
AF 950 335.3  03.2 335.3  03.2 4.71E-06 000.6 311.9  81.4 0.003788 0.003234 0.000428 hargrave 2020-02-06 23:06:03 
AF1000 334.1  02.5 334.1  02.5 4.84E-06 000.5 310.3  80.1 0.003029 0.002993 0.000772 hargrave 2020-02-06 23:07:23 
AF1050 334.3  02.2 334.3  02.2 5.00E-06 000.6 312.2  80.0 0.003876 0.003398 0.000938 hargrave 2020-02-06 23:08:43 
AF1100 335.2  01.8 335.2  01.8 5.13E-06 000.6 317.4  80.3 0.004206 0.003680 0.000593 hargrave 2020-02-06 23:10:03 
AF1150 334.3  01.2 334.3  01.2 5.29E-06 000.6 316.4  79.3 0.004329 0.003812 0.000637 hargrave 2020-02-06 23:11:23 
AF1200 334.6  00.1 334.6  00.1 5.48E-06 000.6 321.3  78.6 0.004737 0.003978 0.000406 hargrave 2020-02-06 23:12:44 
AF1250 334.9 -00.2 334.9 -00.2 5.41E-06 000.5 323.4  78.6 0.003924 0.003437 0.000897 hargrave 2020-02-06 23:14:06 
AF1300 335.0 -01.4 335.0 -01.4 5.49E-06 000.5 327.1  77.6 0.004046 0.003439 0.000880 hargrave 2020-02-06 23:15:28 
ARM    335.0 -01.4 335.0 -01.4 5.51E-06 000.6 327.1  77.7 0.004794 0.004060 0.000530 hargrave 2020-02-06 23:16:28 
ARM    335.1 -01.4 335.1 -01.4 5.51E-06 000.6 327.3  77.7 0.004336 0.003692 0.000608 hargrave 2020-02-06 23:17:27 
ARM    335.1 -01.4 335.1 -01.4 5.53E-06 000.6 327.3  77.7 0.004402 0.003642 0.000600 hargrave 2020-02-06 23:18:26 
ARM    335.2 -01.3 335.2 -01.3 5.57E-06 000.6 327.6  77.8 0.004926 0.004105 0.000432 hargrave 2020-02-06 23:19:25 
ARM    335.3 -01.3 335.3 -01.3 5.62E-06 000.6 327.7  77.9 0.004923 0.004158 0.000302 hargrave 2020-02-06 23:20:23 
ARM    335.3 -01.3 335.3 -01.3 5.66E-06 000.6 327.7  77.9 0.004272 0.003619 0.000603 hargrave 2020-02-06 23:21:22 
ARM    335.3 -01.2 335.3 -01.2 5.72E-06 000.6 327.7  78.0 0.004986 0.004188 0.000559 hargrave 2020-02-06 23:22:20 
ARM    335.3 -01.1 335.3 -01.1 5.78E-06 000.6 327.5  78.1 0.004515 0.003796 0.000579 hargrave 2020-02-06 23:23:19 
ARM    335.4 -01.2 335.4 -01.2 5.84E-06 000.6 328.0  78.1 0.004570 0.003794 0.000448 hargrave 2020-02-06 23:24:18 
ARM    335.5 -01.2 335.5 -01.2 5.91E-06 000.6 328.5  78.1 0.004521 0.003827 0.000498 hargrave 2020-02-06 23:25:16 
ARM    335.7 -01.2 335.7 -01.2 6.00E-06 000.6 329.5  78.2 0.004466 0.003737 0.000591 hargrave 2020-02-06 23:26:15 
ARM    335.7 -01.2 335.7 -01.2 6.08E-06 000.6 329.3  78.1 0.005236 0.004329 0.000484 hargrave 2020-02-06 23:27:14 
ARM    335.8 -01.5 335.8 -01.5 6.12E-06 000.6 330.4  78.0 0.004783 0.004075 0.000483 hargrave 2020-02-06 23:28:13 
ARM    335.6 -01.9 335.6 -01.9 6.09E-06 000.6 330.4  77.5 0.004645 0.004069 0.000649 hargrave 2020-02-06 23:29:11 
ARM    335.6 -02.2 335.6 -02.2 6.07E-06 000.6 331.0  77.3 0.004702 0.004084 0.000647 hargrave 2020-02-06 23:30:10 
ARM    335.0 -03.2 335.0 -03.2 5.87E-06 000.6 331.0  76.1 0.004675 0.004225 0.000684 hargrave 2020-02-06 23:31:10 
ARM    334.1 -03.7 334.1 -03.7 5.59E-06 000.6 329.1  75.2 0.004596 0.004254 0.000679 hargrave 2020-02-06 23:32:09 
ARM    333.3 -04.7 333.3 -04.7 5.17E-06 000.8 328.3  74.0 0.005020 0.004867 0.000527 hargrave 2020-02-06 23:33:07 
ARM    332.5 -05.8 332.5 -05.8 4.71E-06 000.7 327.7  72.6 0.004051 0.004219 0.000713 hargrave 2020-02-06 23:34:06 
ARM    331.3 -05.6 331.3 -05.6 4.36E-06 000.8 324.2  72.1 0.004453 0.004620 0.000501 hargrave 2020-02-06 23:35:05 
ARM    329.6 -04.8 329.6 -04.8 4.12E-06 000.7 318.5  71.7 0.003087 0.003920 0.000752 hargrave 2020-02-06 23:36:03 
ARM    325.9 -07.0 325.9 -07.0 3.26E-06 000.8 315.1  67.6 0.002696 0.003861 0.000764 hargrave 2020-02-06 23:37:02 
ARM    322.6 -07.9 322.6 -07.9 2.70E-06 000.8 311.1  64.6 0.001956 0.003691 0.000773 hargrave 2020-02-06 23:38:01 
ARM    319.1 -05.2 319.1 -05.2 2.55E-06 000.8 301.5  63.4 0.001342 0.003439 0.000738 hargrave 2020-02-06 23:38:59 
ARM    318.5 -02.3 318.5 -02.3 2.64E-06 000.7 295.0  64.3 0.000895 0.003285 0.000935 hargrave 2020-02-06 23:39:58 
ARM    312.4 -02.1 312.4 -02.1 2.14E-06 000.8 289.4  58.8 0.000508 0.003208 0.000964 hargrave 2020-02-06 23:40:57 
ARM    307.4  02.1 307.4  02.1 2.06E-06 000.8 279.4  55.2 0.000635 0.003002 0.000833 hargrave 2020-02-06 23:41:56 
ARM    311.9  06.0 311.9  06.0 2.47E-06 000.8 273.6  60.3 0.000917 0.003432 0.000810 hargrave 2020-02-06 23:42:55 
ARM    296.5  04.1 296.5  04.1 1.81E-06 000.9 273.2  44.9 0.000786 0.003484 0.000984 hargrave 2020-02-06 23:43:54 
ARM    294.8  07.8 294.8  07.8 1.83E-06 000.9 267.8  43.6 0.001761 0.003028 0.001050 hargrave 2020-02-06 23:44:53 
ARM    292.2  09.4 292.2  09.4 1.75E-06 000.9 265.3  41.1 0.001739 0.003095 0.000902 hargrave 2020-02-06 23:45:51 
ARM    279.3  11.5 279.3  11.5 1.60E-06 001.0 261.7  28.7 0.002556 0.002947 0.001034 hargrave 2020-02-06 23:46:50 
ARM    267.2  10.8 267.2  10.8 1.52E-06 001.0 261.3  16.8 0.002705 0.003029 0.001055 hargrave 2020-02-06 23:47:48 
ARM    280.7  15.2 280.7  15.2 1.69E-06 001.0 257.6  30.2 0.002771 0.002952 0.001036 hargrave 2020-02-06 23:48:47 
ARM    276.2  16.5 276.2  16.5 1.70E-06 001.0 256.0  26.0 0.002806 0.002842 0.001267 hargrave 2020-02-06 23:49:46 
ARM    256.1  16.5 256.1  16.5 1.60E-06 001.1 254.3  06.7 0.003538 0.002948 0.001183 hargrave 2020-02-06 23:50:44 
ARM    252.8  18.7 252.8  18.7 1.60E-06 001.1 251.7  03.9 0.003653 0.002906 0.001129 hargrave 2020-02-06 23:51:43 
AFz 10 253.1  18.6 253.1  18.6 1.60E-06 000.9 251.8  04.2 0.002995 0.003157 0.000964 hargrave 2020-02-06 23:52:39 
AFz 20 253.4  18.6 253.4  18.6 1.60E-06 000.9 251.9  04.5 0.003109 0.003164 0.001003 hargrave 2020-02-06 23:53:34 
AFz 30 253.3  18.5 253.3  18.5 1.60E-06 001.1 252.0  04.3 0.003708 0.002817 0.001098 hargrave 2020-02-06 23:54:30 
AFz 40 253.3  18.4 253.3  18.4 1.60E-06 001.1 252.0  04.3 0.003694 0.002873 0.001087 hargrave 2020-02-06 23:55:25 
AFz 50 253.1  18.5 253.1  18.5 1.60E-06 001.1 251.9  04.1 0.003688 0.002888 0.001227 hargrave 2020-02-06 23:56:21 
AFz 60 253.2  18.5 253.2  18.5 1.60E-06 001.1 251.9  04.2 0.003702 0.003016 0.001150 hargrave 2020-02-06 23:57:16 
AFz 70 254.3  19.0 254.3  19.0 1.59E-06 000.9 251.6  05.3 0.002957 0.003065 0.001138 hargrave 2020-02-06 23:58:12 
AFz 80 254.4  19.0 254.4  19.0 1.60E-06 001.1 251.6  05.4 0.003641 0.002900 0.001113 hargrave 2020-02-06 23:59:07 
AFz 90 254.3  19.0 254.3  19.0 1.60E-06 001.0 251.6  05.4 0.003521 0.002985 0.001094 hargrave 2020-02-07 00:00:03 
AFz100 254.6  19.0 254.6  19.0 1.59E-06 001.1 251.6  05.7 0.003624 0.002964 0.001054 hargrave 2020-02-07 00:00:58 
AFz120 253.8  18.4 253.8  18.4 1.62E-06 001.1 252.1  04.8 0.003675 0.002902 0.001092 hargrave 2020-02-07 00:01:54 
AFz140 254.2  18.8 254.2  18.8 1.61E-06 001.1 251.8  05.3 0.003642 0.002959 0.001125 hargrave 2020-02-07 00:02:50 
AFz160 253.3  18.5 253.3  18.5 1.59E-06 001.1 251.9  04.4 0.003620 0.002822 0.001043 hargrave 2020-02-07 00:03:46 
AFz180 253.6  18.5 253.6  18.5 1.61E-06 001.1 251.9  04.6 0.003701 0.002833 0.001157 hargrave 2020-02-07 00:04:42 
AFz200 252.3  18.2 252.3  18.2 1.61E-06 001.0 252.1  03.4 0.003651 0.003165 0.001189 hargrave 2020-02-07 00:05:39 
AFz250 254.1  18.5 254.1  18.5 1.60E-06 000.9 252.0  05.1 0.002955 0.003181 0.001024 hargrave 2020-02-07 00:06:34 
AFz300 254.0  18.6 254.0  18.6 1.58E-06 001.1 251.9  05.0 0.003773 0.002756 0.001122 hargrave 2020-02-07 00:07:30 
AFz350 253.7  19.0 253.7  19.0 1.61E-06 001.1 251.5  04.8 0.003872 0.002889 0.001147 hargrave 2020-02-07 00:08:26 
AFz400 253.2  18.0 253.2  18.0 1.58E-06 000.8 252.4  04.2 0.002934 0.003245 0.000949 hargrave 2020-02-07 00:09:22 
AFz450 247.4  19.5 247.4  19.5 1.66E-06 000.9 250.1 -01.0 0.003339 0.003194 0.001023 hargrave 2020-02-07 00:10:18 
AFz500 251.7  18.5 251.7  18.5 1.63E-06 001.1 251.7  02.8 0.003832 0.002897 0.001184 hargrave 2020-02-07 00:11:14 
AFz550 250.4  18.0 250.4  18.0 1.62E-06 000.8 252.1  01.5 0.002960 0.003242 0.000804 hargrave 2020-02-07 00:12:10 
AFz600 247.7  17.5 247.7  17.5 1.67E-06 001.1 252.0 -01.1 0.003800 0.003080 0.001200 hargrave 2020-02-07 00:13:06 
AFz650 258.8  20.8 258.8  20.8 1.63E-06 000.9 250.3  09.8 0.003204 0.003054 0.000907 hargrave 2020-02-07 00:14:01 
AFz700 238.4  16.1 238.4  16.1 1.72E-06 000.9 251.8 -10.0 0.003436 0.003135 0.000910 hargrave 2020-02-07 00:14:57 
AFz750 253.9  18.6 253.9  18.6 1.69E-06 000.9 251.9  04.9 0.003207 0.003204 0.000977 hargrave 2020-02-07 00:15:53 
AFz800 257.6  19.2 257.6  19.2 1.64E-06 000.9 251.8  08.5 0.003207 0.003118 0.001090 hargrave 2020-02-07 00:16:49 
AFz850 256.6  20.0 256.6  20.0 1.67E-06 000.9 250.8  07.7 0.003194 0.003023 0.000960 hargrave 2020-02-07 00:17:45 
AFz900 285.5  21.3 285.5  21.3 1.92E-06 001.0 250.2  34.7 0.003434 0.002650 0.001345 hargrave 2020-02-07 00:18:41 
AFz950 269.3  20.1 269.3  20.1 1.73E-06 000.9 251.7  19.5 0.002992 0.002983 0.001078 hargrave 2020-02-07 00:19:37 
AFz000 271.4  20.4 271.4  20.4 1.70E-06 001.0 251.5  21.5 0.003007 0.003025 0.001169 hargrave 2020-02-07 00:20:33 
AFz050 282.7  20.6 282.7  20.6 1.92E-06 001.0 251.3  32.0 0.003102 0.003021 0.001009 hargrave 2020-02-07 00:21:29 
AFz100 285.6  21.0 285.6  21.0 1.94E-06 001.0 250.7  34.8 0.003367 0.002814 0.001116 hargrave 2020-02-07 00:22:25 
AFz150 271.1  21.5 271.1  21.5 1.72E-06 001.1 250.3  21.2 0.003820 0.002697 0.001169 hargrave 2020-02-07 00:23:21 
AFz200 274.0  21.1 274.0  21.1 1.79E-06 000.9 250.8  24.0 0.003128 0.003077 0.000915 hargrave 2020-02-07 00:24:17 
AFz250 278.0  19.3 278.0  19.3 1.92E-06 001.0 252.9  27.7 0.003725 0.002903 0.001363 hargrave 2020-02-07 00:25:13 
AFz300 257.8  20.2 257.8  20.2 1.63E-06 001.0 250.8  08.8 0.003259 0.002911 0.001104 hargrave 2020-02-07 00:26:09 
AFz500 257.3  19.6 257.3  19.6 1.70E-06 001.1 251.4  08.2 0.003952 0.002977 0.001223 hargrave 2020-02-07 00:27:05 
ARM    257.7  20.2 257.7  20.2 1.60E-06 001.1 250.7  08.6 0.003765 0.002759 0.001116 hargrave 2020-02-07 00:28:04 
ARM    252.7  19.6 252.7  19.6 1.66E-06 001.1 250.8  03.9 0.003937 0.002982 0.001203 hargrave 2020-02-07 00:29:03 
ARM    256.1  19.7 256.1  19.7 1.63E-06 001.1 251.1  07.2 0.003767 0.002980 0.000923 hargrave 2020-02-07 00:30:02 
ARM    184.5  00.0 184.5  00.0 4.41E-06 001.0 249.5 -65.6 0.006305 0.004229 0.003392 hargrave 2020-02-07 00:31:01 
ARM    169.2 -05.8 169.2 -05.8 1.61E-05 000.6 247.2 -81.9 0.013327 0.010114 0.009950 hargrave 2020-02-07 00:32:00 
ARM  1 166.7 -06.7 166.7 -06.7 2.83E-05 000.6 245.6 -84.5 0.020745 0.016821 0.016705 hargrave 2020-02-07 00:32:59 
ARM  1 165.8 -07.0 165.8 -07.0 3.99E-05 000.5 243.7 -85.5 0.028199 0.023394 0.023404 hargrave 2020-02-07 00:33:58 
ARM  1 165.3 -07.2 165.3 -07.2 5.15E-05 000.5 243.2 -86.0 0.035044 0.029701 0.029713 hargrave 2020-02-07 00:34:57 
ARM  1 165.0 -07.3 165.0 -07.3 6.38E-05 000.5 243.1 -86.4 0.042594 0.036530 0.036397 hargrave 2020-02-07 00:35:56 
ARM  1 164.7 -07.4 164.7 -07.4 7.58E-05 000.5 242.8 -86.6 0.050385 0.043667 0.043350 hargrave 2020-02-07 00:36:55 
ARM  1 164.4 -07.5 164.4 -07.5 1.05E-04 000.5 241.4 -86.9 0.068104 0.059728 0.060531 hargrave 2020-02-07 00:37:54 
ARM  2 164.2 -07.6 164.2 -07.6 1.35E-04 000.5 240.8 -87.1 0.087387 0.077173 0.077429 hargrave 2020-02-07 00:38:52 
ARM  2 164.1 -07.6 164.1 -07.6 1.65E-04 000.5 240.5 -87.2 0.105836 0.093409 0.093265 hargrave 2020-02-07 00:39:51 
ARM  2 164.0 -07.7 164.0 -07.7 1.95E-04 000.5 240.7 -87.4 0.112808 0.108215 0.118934 hargrave 2020-02-07 00:40:51 
ARM  2 163.9 -07.7 163.9 -07.7 2.52E-04 000.5 240.0 -87.5 0.158819 0.141756 0.143556 hargrave 2020-02-07 00:41:50 
ARM  3 163.9 -07.8 163.9 -07.8 3.09E-04 000.5 240.5 -87.5 0.184059 0.161168 0.174709 hargrave 2020-02-07 00:42:49 
ARM  4 163.8 -07.8 163.8 -07.8 3.64E-04 000.5 240.6 -87.6 0.217473 0.191083 0.205528 hargrave 2020-02-07 00:43:48 
ARM  4 163.8 -07.8 163.8 -07.8 4.18E-04 000.5 240.6 -87.6 0.251096 0.220702 0.236890 hargrave 2020-02-07 00:44:47 
ARM  4 163.8 -07.9 163.8 -07.9 4.72E-04 000.5 240.8 -87.7 0.283822 0.250444 0.267060 hargrave 2020-02-07 00:45:46 
ARM  5 163.7 -07.9 163.7 -07.9 5.06E-04 000.5 241.2 -87.7 0.320848 0.294675 0.071673 hargrave 2020-02-07 00:47:35 
