AX3- 5b mag compass orientation (IGRF corrected)
      0  69.7  53.0   0.0   0.0   1.0
NRM    284.1  28.7 284.1  28.7 6.96E-08 006.1 263.2  43.1 0.000616 0.000527 0.000072 hargrave 2020-02-06 17:26:21 
AF  10 271.5  31.6 271.5  31.6 6.46E-08 003.3 254.0  34.6 0.000338 0.000193 0.000283 hargrave 2020-02-06 17:27:40 
AF  20 266.3  36.0 266.3  36.0 8.76E-08 004.7 246.9  32.5 0.000607 0.000492 0.000141 hargrave 2020-02-06 17:28:59 
AF  30 267.9  35.6 267.9  35.6 8.46E-08 005.1 248.0  33.6 0.000596 0.000519 0.000216 hargrave 2020-02-06 17:30:20 
AF  40 270.6  35.8 270.6  35.8 8.56E-08 003.1 248.8  35.6 0.000390 0.000219 0.000496 hargrave 2020-02-06 17:31:40 
AF  50 271.2  42.1 271.2  42.1 9.98E-08 003.4 241.7  38.3 0.000484 0.000423 0.000070 hargrave 2020-02-06 17:32:59 
AF  60 279.2  33.1 279.2  33.1 8.16E-08 003.3 255.6  41.1 0.000376 0.000207 0.000534 hargrave 2020-02-06 17:34:19 
AF  70 254.5  35.1 254.5  35.1 5.99E-08 003.6 242.9  23.6 0.000190 0.000134 0.000419 hargrave 2020-02-06 17:35:38 
AF  80 263.6  66.2 263.6  66.2 4.84E-08 005.2 210.2  38.9 0.000336 0.000189 0.000538 hargrave 2020-02-06 17:36:58 
AF  90 299.6  26.2 299.6  26.2 8.16E-08 003.5 275.9  54.4 0.000210 0.000207 0.000568 hargrave 2020-02-06 17:38:18 
AF 100 303.4  36.3 303.4  36.3 7.81E-08 002.3 260.3  61.0 0.000172 0.000116 0.000415 hargrave 2020-02-06 17:39:37 
AF 120 300.4  39.7 300.4  39.7 1.24E-07 001.7 252.7  59.3 0.000248 0.000267 0.000085 hargrave 2020-02-06 17:40:57 
AF 140 303.9  50.9 303.9  50.9 1.10E-07 002.6 229.7  61.1 0.000338 0.000336 0.000290 hargrave 2020-02-06 17:42:17 
AF 160 318.0  48.0 318.0  48.0 8.20E-08 002.8 228.3  70.6 0.000338 0.000211 0.000566 hargrave 2020-02-06 17:43:37 
AF 180 292.1  39.6 292.1  39.6 1.38E-07 003.3 251.0  53.0 0.000640 0.000551 0.000102 hargrave 2020-02-06 17:44:57 
AF 200 291.8  35.9 291.8  35.9 1.32E-07 003.9 256.8  51.8 0.000748 0.000626 0.000064 hargrave 2020-02-06 17:46:17 
AF 250 293.5  48.5 293.5  48.5 1.42E-07 004.0 236.0  54.7 0.000746 0.000694 0.000172 hargrave 2020-02-06 17:47:37 
AF 300 317.1  45.1 317.1  45.1 1.49E-07 005.0 237.5  71.2 0.000959 0.000876 0.000241 hargrave 2020-02-06 17:48:56 
AF 350 310.5  58.9 310.5  58.9 1.38E-07 002.9 211.4  61.0 0.000472 0.000517 0.000363 hargrave 2020-02-06 17:50:16 
AF 400 320.6  38.8 320.6  38.8 1.73E-07 002.9 257.4  74.9 0.000588 0.000639 0.000241 hargrave 2020-02-06 17:51:36 
AF 450 321.3  31.7 321.3  31.7 1.43E-07 005.8 284.0  73.9 0.001135 0.000947 0.000115 hargrave 2020-02-06 17:52:56 
AF 500 322.2  65.1 322.2  65.1 1.24E-07 004.3 194.7  60.0 0.000672 0.000741 0.000372 hargrave 2020-02-06 17:54:16 
AF 550 344.6  42.4 344.6  42.4 1.12E-07 007.2 146.6  83.4 0.001072 0.000922 0.000197 hargrave 2020-02-06 17:55:35 
AF 600 307.0  26.4 307.0  26.4 8.52E-08 005.5 281.6  60.4 0.000501 0.000521 0.000426 hargrave 2020-02-06 17:56:56 
AF 650 340.0  54.3 340.0  54.3 1.60E-07 005.7 179.4  72.6 0.001230 0.001086 0.000097 hargrave 2020-02-06 17:58:16 
AF 700 020.7  48.0 020.7  48.0 1.73E-07 005.0 123.5  58.3 0.001217 0.001058 0.000080 hargrave 2020-02-06 17:59:36 
AF 750 342.4  32.1 342.4  32.1 1.15E-07 006.7 025.2  84.6 0.001068 0.000816 0.000114 hargrave 2020-02-06 18:00:55 
AF 800 288.1  55.4 288.1  55.4 8.55E-09 045.8 225.0  50.5 0.000506 0.000554 0.000424 hargrave 2020-02-06 18:02:15 
AF 850 336.6  36.4 336.6  36.4 1.05E-07 007.0 283.4  87.4 0.001033 0.000777 0.000121 hargrave 2020-02-06 18:03:35 
AF 900 293.9  48.1 293.9  48.1 8.10E-08 009.5 236.8  55.0 0.001081 0.000954 0.000167 hargrave 2020-02-06 18:06:30 
AF 950 318.3  14.5 318.3  14.5 9.20E-08 003.4 314.2  60.5 0.000314 0.000243 0.000517 hargrave 2020-02-06 18:07:50 
AF1000 293.1  57.6 293.1  57.6 7.12E-08 005.6 220.7  53.3 0.000500 0.000536 0.000341 hargrave 2020-02-06 18:09:10 
AF1050 017.1  50.8 017.1  50.8 1.18E-07 003.6 129.6  60.1 0.000538 0.000682 0.000426 hargrave 2020-02-06 18:10:31 
AF1100 001.5  67.4 001.5  67.4 1.26E-07 004.8 164.7  57.2 0.000798 0.000834 0.000155 hargrave 2020-02-06 18:11:52 
AF1150 313.9  72.9 313.9  72.9 8.83E-08 005.6 192.0  51.8 0.000654 0.000711 0.000431 hargrave 2020-02-06 18:13:13 
AF1200 186.5  64.6 186.5  64.6 4.50E-08 007.8 191.5  13.7 0.000543 0.000567 0.000297 hargrave 2020-02-06 18:14:34 
AF1250 131.5  38.0 131.5  38.0 1.17E-07 003.6 157.7 -10.6 0.000500 0.000625 0.000421 hargrave 2020-02-06 18:15:56 
AF1300 035.9  62.3 035.9  62.3 7.68E-08 005.4 144.9  47.6 0.000605 0.000638 0.000274 hargrave 2020-02-06 18:17:19 
ARM    036.2  61.4 036.2  61.4 7.18E-08 004.8 143.7  47.6 0.000545 0.000607 0.000342 hargrave 2020-02-06 18:18:19 
ARM    038.8  59.7 038.8  59.7 7.02E-08 002.8 140.9  46.5 0.000397 0.000441 0.000481 hargrave 2020-02-06 18:19:18 
ARM    043.7  63.3 043.7  63.3 6.74E-08 004.9 145.8  44.0 0.000534 0.000576 0.000405 hargrave 2020-02-06 18:20:17 
ARM    043.6  67.7 043.6  67.7 7.34E-08 005.0 152.0  43.6 0.000539 0.000638 0.000281 hargrave 2020-02-06 18:21:16 
ARM    046.4  67.0 046.4  67.0 7.71E-08 004.9 150.7  42.6 0.000541 0.000649 0.000359 hargrave 2020-02-06 18:23:04 
ARM    036.9  63.2 036.9  63.2 8.07E-08 004.6 146.2  47.0 0.000535 0.000615 0.000348 hargrave 2020-02-06 18:24:51 
ARM    069.2  59.6 069.2  59.6 8.07E-08 004.5 143.6  31.5 0.000525 0.000674 0.000344 hargrave 2020-02-06 18:26:37 
ARM    067.7  73.1 067.7  73.1 8.44E-08 007.5 159.0  35.7 0.001060 0.000946 0.000120 hargrave 2020-02-06 18:27:36 
ARM    036.7  62.1 036.7  62.1 8.52E-08 004.3 144.6  47.3 0.000579 0.000639 0.000414 hargrave 2020-02-06 18:28:35 
ARM    067.1  52.7 067.1  52.7 8.39E-08 004.2 135.6  30.0 0.000548 0.000689 0.000415 hargrave 2020-02-06 18:29:34 
ARM    052.4  48.1 052.4  48.1 5.99E-08 002.7 126.6  37.3 0.000334 0.000378 0.000337 hargrave 2020-02-06 18:30:33 
ARM    090.5  63.1 090.5  63.1 7.22E-08 005.2 152.4  24.1 0.000579 0.000724 0.000344 hargrave 2020-02-06 18:31:32 
ARM    095.0  60.6 095.0  60.6 8.23E-08 007.8 151.6  20.9 0.001027 0.000958 0.000488 hargrave 2020-02-06 18:32:31 
ARM    066.4  72.1 066.4  72.1 8.76E-08 004.4 157.7  35.9 0.000537 0.000667 0.000350 hargrave 2020-02-06 18:33:30 
ARM    096.9  62.0 096.9  62.0 6.53E-08 005.5 153.4  21.1 0.000455 0.000586 0.000433 hargrave 2020-02-06 18:34:29 
ARM    069.5  73.0 069.5  73.0 1.18E-07 003.5 159.0  35.2 0.000541 0.000723 0.000478 hargrave 2020-02-06 18:35:28 
ARM    027.3  60.7 027.3  60.7 7.82E-08 005.1 144.1  52.0 0.000590 0.000677 0.000369 hargrave 2020-02-06 18:36:27 
ARM    026.4  55.2 026.4  55.2 1.02E-07 007.0 135.4  53.8 0.001046 0.000935 0.000275 hargrave 2020-02-06 18:37:26 
ARM    040.5  55.5 040.5  55.5 1.14E-07 004.3 134.8  45.8 0.000675 0.000798 0.000181 hargrave 2020-02-06 18:38:25 
ARM    347.6  50.0 347.6  50.0 1.24E-07 006.5 158.7  75.8 0.001070 0.000945 0.000519 hargrave 2020-02-06 18:39:24 
ARM    054.8  81.3 054.8  81.3 9.88E-08 004.0 169.2  38.7 0.000580 0.000694 0.000329 hargrave 2020-02-06 18:40:22 
ARM    199.7  74.7 199.7  74.7 7.17E-08 005.9 190.8  24.7 0.000642 0.000641 0.000381 hargrave 2020-02-06 18:42:09 
ARM    136.1  49.0 136.1  49.0 9.20E-08 006.7 164.8 -01.5 0.000928 0.000975 0.000396 hargrave 2020-02-06 18:43:08 
ARM    261.9  74.3 261.9  74.3 1.29E-07 003.6 199.8  38.6 0.000560 0.000715 0.000200 hargrave 2020-02-06 18:44:07 
ARM    201.2  83.9 201.2  83.9 1.48E-07 004.7 184.8  32.3 0.000952 0.001013 0.000378 hargrave 2020-02-06 18:45:07 
ARM    315.2  69.2 315.2  69.2 1.24E-07 003.4 195.0  55.1 0.000533 0.000628 0.000193 hargrave 2020-02-06 18:46:06 
ARM    284.8  68.7 284.8  68.7 1.48E-07 003.2 205.7  46.6 0.000674 0.000640 0.000336 hargrave 2020-02-06 18:47:05 
ARM    318.8  64.4 318.8  64.4 1.69E-07 002.6 197.9  59.9 0.000467 0.000659 0.000353 hargrave 2020-02-06 18:48:04 
ARM    265.7  65.0 265.7  65.0 1.46E-07 003.0 211.9  39.6 0.000562 0.000612 0.000241 hargrave 2020-02-06 18:49:03 
ARM    314.6  27.1 314.6  27.1 1.09E-07 004.0 287.7  66.6 0.000454 0.000469 0.000452 hargrave 2020-02-06 18:50:02 
ARM    277.8  34.5 277.8  34.5 4.59E-08 009.3 253.2  40.5 0.000455 0.000480 0.000457 hargrave 2020-02-06 18:52:36 
ARM    297.5  26.7 297.5  26.7 6.55E-08 006.9 273.7  52.9 0.000498 0.000479 0.000444 hargrave 2020-02-06 18:53:35 
ARM    313.9 -07.0 313.9 -07.0 8.76E-08 004.9 325.7  39.8 0.000477 0.000447 0.000407 hargrave 2020-02-06 18:54:34 
ARM    290.7 -00.1 290.7 -00.1 1.12E-07 003.5 297.7  31.5 0.000399 0.000281 0.000517 hargrave 2020-02-06 18:55:33 
ARM    287.3  12.2 287.3  12.2 1.53E-07 003.0 283.8  37.1 0.000617 0.000459 0.000353 hargrave 2020-02-06 18:56:32 
ARM    296.7 -01.0 296.7 -01.0 1.91E-07 002.2 303.6  35.0 0.000445 0.000322 0.000510 hargrave 2020-02-06 18:57:31 
ARM    303.0 -01.9 303.0 -01.9 1.83E-07 002.2 310.4  38.3 0.000427 0.000277 0.000535 hargrave 2020-02-06 18:58:30 
AFz 10 303.4 -00.8 303.4 -00.8 1.86E-07 002.1 310.0  39.4 0.000603 0.000390 0.000191 hargrave 2020-02-06 18:59:26 
AFz 20 305.4 -00.0 305.4 -00.0 1.90E-07 001.9 311.4  41.2 0.000546 0.000373 0.000202 hargrave 2020-02-06 19:00:22 
AFz 30 303.1  00.3 303.1  00.3 1.88E-07 002.2 308.8  40.1 0.000667 0.000418 0.000195 hargrave 2020-02-06 19:01:18 
AFz 40 302.9 -01.1 302.9 -01.1 1.90E-07 002.2 309.7  38.9 0.000606 0.000450 0.000250 hargrave 2020-02-06 19:02:13 
AFz 50 302.9 -02.2 302.9 -02.2 1.86E-07 001.8 310.5  38.0 0.000423 0.000261 0.000345 hargrave 2020-02-06 19:03:09 
AFz 60 301.0 -01.5 301.0 -01.5 1.88E-07 001.9 308.1  37.3 0.000407 0.000300 0.000413 hargrave 2020-02-06 19:04:05 
AFz 70 305.9 -02.6 305.9 -02.6 1.69E-07 001.8 314.0  39.5 0.000402 0.000284 0.000276 hargrave 2020-02-06 19:05:01 
AFz 80 302.5  00.9 302.5  00.9 1.89E-07 003.9 307.6  40.2 0.001137 0.000771 0.000504 hargrave 2020-02-06 19:05:56 
AFz 90 306.3 -00.4 306.3 -00.4 1.88E-07 001.9 312.7  41.4 0.000444 0.000349 0.000348 hargrave 2020-02-06 19:06:52 
AFz100 306.1  02.6 306.1  02.6 1.97E-07 003.4 310.1  43.8 0.001051 0.000736 0.000441 hargrave 2020-02-06 19:07:48 
AFz120 307.8 -00.8 307.8 -00.8 1.80E-07 003.7 314.6  42.0 0.001113 0.000757 0.000213 hargrave 2020-02-06 19:08:44 
AFz140 311.2 -00.9 311.2 -00.9 1.89E-07 002.0 318.6  43.8 0.000600 0.000416 0.000123 hargrave 2020-02-06 19:09:40 
AFz160 312.3  01.3 312.3  01.3 1.81E-07 003.8 318.3  46.2 0.001155 0.000731 0.000112 hargrave 2020-02-06 19:10:35 
AFz180 308.8  03.9 308.8  03.9 2.00E-07 003.6 312.0  46.5 0.001145 0.000766 0.000454 hargrave 2020-02-06 19:11:31 
AFz200 310.7  02.2 310.7  02.2 2.17E-07 001.9 315.7  46.2 0.000633 0.000408 0.000284 hargrave 2020-02-06 19:12:27 
AFz250 307.4  01.1 307.4  01.1 1.68E-07 002.2 312.8  43.3 0.000576 0.000342 0.000162 hargrave 2020-02-06 19:13:23 
AFz300 317.3  01.0 317.3  01.0 1.78E-07 004.0 324.9  48.5 0.001120 0.000762 0.000159 hargrave 2020-02-06 19:14:19 
AFz350 326.6  04.3 326.6  04.3 1.55E-07 002.7 336.7  55.2 0.000692 0.000460 0.000078 hargrave 2020-02-06 19:15:14 
AFz400 315.7  12.1 315.7  12.1 1.70E-07 002.6 312.9  57.1 0.000551 0.000460 0.000308 hargrave 2020-02-06 19:16:10 
AFz450 301.5  00.3 301.5  00.3 1.14E-07 005.8 307.1  39.1 0.001071 0.000733 0.000114 hargrave 2020-02-06 19:17:06 
AFz500 307.3  20.1 307.3  20.1 1.71E-07 004.5 292.0  57.1 0.001140 0.000846 0.000130 hargrave 2020-02-06 19:18:02 
AFz550 335.5  24.8 335.5  24.8 1.69E-07 004.9 342.5  77.3 0.001203 0.000859 0.000088 hargrave 2020-02-06 19:18:58 
AFz600 326.1  04.1 326.1  04.1 1.27E-07 005.4 335.9  54.8 0.001137 0.000741 0.000472 hargrave 2020-02-06 19:19:54 
AFz650 314.2  04.1 314.2  04.1 1.86E-07 003.8 318.5  49.7 0.001107 0.000743 0.000460 hargrave 2020-02-06 19:20:50 
AFz700 321.0  13.4 321.0  13.4 2.13E-07 001.8 319.8  61.0 0.000604 0.000371 0.000046 hargrave 2020-02-06 19:21:46 
AFz750 331.0  13.5 331.0  13.5 1.94E-07 002.2 339.4  65.2 0.000598 0.000515 0.000037 hargrave 2020-02-06 19:22:41 
AFz800 335.6  15.1 335.6  15.1 1.32E-07 006.2 349.4  67.7 0.001201 0.000854 0.000188 hargrave 2020-02-06 19:23:37 
AFz850 312.1  21.1 312.1  21.1 1.72E-07 004.4 295.9  61.3 0.001064 0.000780 0.000491 hargrave 2020-02-06 19:24:33 
AFz900 335.2  09.2 335.2  09.2 1.09E-07 007.0 350.6  61.9 0.001202 0.000860 0.000508 hargrave 2020-02-06 19:25:29 
AFz950 314.6  16.9 314.6  16.9 1.06E-07 004.4 305.5  60.1 0.000639 0.000502 0.000174 hargrave 2020-02-06 19:26:24 
AFz000 317.5  18.7 317.5  18.7 1.52E-07 005.2 307.3  63.3 0.001114 0.000825 0.000533 hargrave 2020-02-06 19:27:20 
AFz050 309.0  09.4 309.0  09.4 1.97E-07 003.7 307.0  50.9 0.001107 0.000793 0.000137 hargrave 2020-02-06 19:28:16 
AFz100 311.8 -01.2 311.8 -01.2 2.23E-07 001.5 319.6  43.8 0.000518 0.000370 0.000068 hargrave 2020-02-06 19:29:12 
AFz150 300.6  16.8 300.6  16.8 2.00E-07 001.8 289.7  50.1 0.000513 0.000394 0.000122 hargrave 2020-02-06 19:30:09 
AFz200 319.3  15.8 319.3  15.8 1.87E-07 003.9 314.1  62.1 0.001111 0.000781 0.000124 hargrave 2020-02-06 19:31:04 
AFz250 337.7  03.8 337.7  03.8 1.82E-07 002.0 356.3  56.7 0.000556 0.000410 0.000081 hargrave 2020-02-06 19:32:00 
AFz300 307.0  00.5 307.0  00.5 1.58E-07 002.2 312.8  42.6 0.000517 0.000342 0.000240 hargrave 2020-02-06 19:32:56 
AFz500 329.9  03.6 329.9  03.6 1.83E-07 004.3 342.7  55.3 0.001274 0.000851 0.000240 hargrave 2020-02-06 19:33:52 
ARM    312.6 -06.8 312.6 -06.8 2.05E-07 003.3 324.3  39.4 0.001255 0.000781 0.000444 hargrave 2020-02-06 19:34:51 
ARM    317.9 -09.0 317.9 -09.0 1.59E-07 002.3 331.6  39.7 0.000552 0.000376 0.000288 hargrave 2020-02-06 19:35:49 
ARM    306.8 -00.8 306.8 -00.8 2.11E-07 001.8 313.5  41.5 0.000530 0.000364 0.000277 hargrave 2020-02-06 19:36:48 
ARM    266.7 -41.2 266.7 -41.2 8.65E-08 007.7 312.4 -12.7 0.001093 0.000725 0.000532 hargrave 2020-02-06 19:37:47 
ARM    200.1 -56.2 200.1 -56.2 3.13E-07 000.7 318.5 -57.0 0.000396 0.000224 0.000307 hargrave 2020-02-06 19:38:45 
ARM  1 163.5 -45.1 163.5 -45.1 6.13E-07 000.4 341.9 -81.4 0.000272 0.000339 0.000650 hargrave 2020-02-06 19:39:44 
ARM  1 166.1 -42.1 166.1 -42.1 9.08E-07 000.4 317.8 -82.9 0.000573 0.000348 0.000742 hargrave 2020-02-06 19:40:43 
ARM  1 163.0 -42.2 163.0 -42.2 1.09E-06 000.3 334.6 -84.2 0.000587 0.000286 0.000953 hargrave 2020-02-06 19:41:43 
ARM  1 166.3 -39.4 166.3 -39.4 1.49E-06 000.2 296.7 -84.3 0.000216 0.000282 0.001275 hargrave 2020-02-06 19:42:42 
ARM  1 164.1 -40.1 164.1 -40.1 1.77E-06 000.1 313.3 -85.4 0.000246 0.000290 0.001311 hargrave 2020-02-06 19:43:40 
ARM  1 162.3 -38.9 162.3 -38.9 2.49E-06 000.2 313.1 -87.2 0.000437 0.000602 0.001778 hargrave 2020-02-06 19:44:39 
ARM  2 161.8 -38.2 161.8 -38.2 3.20E-06 000.2 305.6 -88.0 0.000851 0.000983 0.002286 hargrave 2020-02-06 19:45:38 
ARM  2 161.4 -38.1 161.4 -38.1 3.97E-06 000.4 309.0 -88.3 0.001804 0.001793 0.002454 hargrave 2020-02-06 19:46:36 
ARM  2 160.7 -37.6 160.7 -37.6 4.65E-06 000.4 309.8 -89.0 0.002495 0.002243 0.002885 hargrave 2020-02-06 19:47:35 
ARM  2 161.1 -37.8 161.1 -37.8 6.01E-06 000.3 305.1 -88.7 0.002447 0.002387 0.003778 hargrave 2020-02-06 19:48:34 
ARM  3 160.4 -37.7 160.4 -37.7 7.35E-06 000.4 325.4 -89.1 0.003855 0.003477 0.004303 hargrave 2020-02-06 19:49:33 
ARM  4 160.5 -37.3 160.5 -37.3 8.70E-06 000.4 292.6 -89.3 0.003973 0.003722 0.005297 hargrave 2020-02-06 19:50:31 
ARM  4 160.5 -37.2 160.5 -37.2 9.99E-06 000.4 288.0 -89.3 0.004671 0.004334 0.005927 hargrave 2020-02-06 19:51:30 
ARM  4 160.1 -37.4 160.1 -37.4 1.12E-05 000.4 317.5 -89.5 0.006036 0.005436 0.006701 hargrave 2020-02-06 19:52:29 
ARM  5 160.3 -36.9 160.3 -36.9 1.25E-05 000.4 261.7 -89.5 0.006152 0.005580 0.007321 hargrave 2020-02-06 19:53:28 
