AX3- 8b mag compass orientation (IGRF corrected)
      0  74.7  65.0   0.0   0.0   1.0
NRM    344.0  20.3 344.0  20.3 2.83E-08 015.9 352.5  85.1 0.000678 0.000423 0.000063 hargrave 2020-02-07 00:50:48 
AF  10 353.2  38.6 353.2  38.6 3.91E-08 010.9 154.2  74.5 0.000644 0.000408 0.000125 hargrave 2020-02-07 00:53:43 
AF  20 347.9  24.4 347.9  24.4 3.79E-08 012.7 079.3  86.9 0.000691 0.000444 0.000362 hargrave 2020-02-07 00:56:37 
AF  30 344.5  23.1 344.5  23.1 5.39E-08 008.4 353.0  88.0 0.000671 0.000422 0.000006 hargrave 2020-02-07 00:59:32 
AF  40 336.4  41.5 336.4  41.5 5.10E-08 002.0 200.6  72.0 0.000111 0.000161 0.000205 hargrave 2020-02-07 01:00:51 
AF  50 337.8  60.9 337.8  60.9 5.21E-08 003.4 185.6  53.7 0.000283 0.000279 0.000337 hargrave 2020-02-07 01:02:11 
AF  60 333.3  62.4 333.3  62.4 5.66E-08 001.9 188.5  51.8 0.000143 0.000171 0.000204 hargrave 2020-02-07 01:03:30 
AF  70 342.7  52.1 342.7  52.1 6.53E-08 003.4 182.7  62.8 0.000330 0.000336 0.000296 hargrave 2020-02-07 01:04:50 
AF  80 346.7  21.9 346.7  21.9 6.11E-08 003.5 031.1  86.3 0.000237 0.000269 0.000311 hargrave 2020-02-07 01:06:10 
AF  90 341.2  15.9 341.2  15.9 5.40E-08 003.7 339.8  80.3 0.000203 0.000246 0.000253 hargrave 2020-02-07 01:07:29 
AF 100 336.2  40.7 336.2  40.7 4.51E-08 002.8 202.1  72.6 0.000121 0.000183 0.000346 hargrave 2020-02-07 01:08:48 
AF 120 019.3  52.7 019.3  52.7 5.35E-08 002.3 146.0  51.9 0.000171 0.000163 0.000027 hargrave 2020-02-07 01:10:08 
AF 140 310.0  79.1 310.0  79.1 6.54E-08 007.1 187.4  33.7 0.000707 0.000636 0.000286 hargrave 2020-02-07 01:11:27 
AF 160 336.9  49.7 336.9  49.7 4.54E-08 012.0 191.8  64.5 0.000805 0.000700 0.000122 hargrave 2020-02-07 01:14:22 
AF 180 343.0  15.6 343.0  15.6 9.00E-08 003.5 349.9  80.4 0.000370 0.000408 0.000106 hargrave 2020-02-07 01:15:41 
AF 200 028.7  45.8 028.7  45.8 4.93E-08 005.6 132.0  49.1 0.000323 0.000480 0.000119 hargrave 2020-02-07 01:17:01 
AF 250 059.0  73.5 059.0  73.5 8.77E-08 006.7 161.9  28.3 0.000797 0.000768 0.000419 hargrave 2020-02-07 01:18:20 
AF 300 002.2 -61.8 002.2 -61.8 4.17E-08 011.7 008.2  02.1 0.001036 0.000880 0.000205 hargrave 2020-02-07 01:21:15 
AF 350 307.9 -54.4 307.9 -54.4 1.01E-07 005.9 339.6  04.5 0.001103 0.000893 0.000481 hargrave 2020-02-07 01:22:34 
AF 400 313.1  40.8 313.1  40.8 1.11E-07 006.1 231.1  59.4 0.000956 0.000823 0.000083 hargrave 2020-02-07 01:23:54 
AF 450 323.3  13.6 323.3  13.6 1.34E-07 002.0 295.5  66.9 0.000380 0.000318 0.000034 hargrave 2020-02-07 01:25:13 
AF 500 319.4  16.1 319.4  16.1 1.14E-07 002.9 285.8  64.7 0.000430 0.000369 0.000144 hargrave 2020-02-07 01:26:33 
AF 550 320.7  42.5 320.7  42.5 1.26E-07 002.0 222.5  63.6 0.000336 0.000282 0.000068 hargrave 2020-02-07 01:27:52 
AF 600 325.0  07.0 325.0  07.0 9.35E-08 003.5 310.4  63.9 0.000465 0.000352 0.000091 hargrave 2020-02-07 01:29:12 
AF 650 341.9  30.1 341.9  30.1 1.52E-07 004.9 205.5  84.3 0.000972 0.000810 0.000470 hargrave 2020-02-07 01:30:31 
AF 700 342.1  08.2 342.1  08.2 1.08E-07 003.5 351.1  73.0 0.000478 0.000442 0.000162 hargrave 2020-02-07 01:31:51 
AF 750 335.3  40.7 335.3  40.7 1.08E-07 006.4 204.4  72.4 0.000929 0.000758 0.000268 hargrave 2020-02-07 01:33:10 
AF 800 347.0  26.2 347.0  26.2 8.85E-08 004.8 119.6  87.5 0.000541 0.000507 0.000107 hargrave 2020-02-07 01:34:30 
AF 850 346.9 -11.2 346.9 -11.2 1.16E-07 005.9 003.6  53.7 0.001068 0.000805 0.000153 hargrave 2020-02-07 01:35:50 
AF 900 005.4  32.3 005.4  32.3 1.51E-07 002.0 116.7  70.4 0.000382 0.000406 0.000071 hargrave 2020-02-07 01:37:10 
AF 950 334.6  58.2 334.6  58.2 1.35E-07 005.5 189.5  56.0 0.001032 0.000996 0.000055 hargrave 2020-02-07 01:38:29 
AF1000 328.8  58.5 328.8  58.5 1.22E-07 005.8 194.4  54.7 0.000938 0.000837 0.000362 hargrave 2020-02-07 01:39:49 
AF1050 359.0  18.3 359.0  18.3 1.37E-07 005.8 066.0  75.1 0.001123 0.000937 0.000429 hargrave 2020-02-07 01:41:10 
AF1100 353.8  43.1 353.8  43.1 1.10E-07 007.0 159.8  70.4 0.001017 0.000904 0.000355 hargrave 2020-02-07 01:42:30 
AF1150 008.5  41.5 008.5  41.5 1.38E-07 005.3 135.8  64.3 0.000950 0.000933 0.000425 hargrave 2020-02-07 01:43:52 
AF1200 349.2  68.5 349.2  68.5 1.16E-07 003.1 177.6  46.3 0.000450 0.000582 0.000126 hargrave 2020-02-07 01:45:13 
AF1250 025.6  68.5 025.6  68.5 2.05E-07 001.7 161.7  40.1 0.000461 0.000518 0.000251 hargrave 2020-02-07 01:46:34 
AF1300 357.1  47.7 357.1  47.7 1.29E-07 002.4 159.8  65.2 0.000362 0.000532 0.000361 hargrave 2020-02-07 01:47:57 
ARM    356.7  49.0 356.7  49.0 1.27E-07 006.0 161.7  64.2 0.001034 0.000948 0.000210 hargrave 2020-02-07 01:48:56 
ARM    357.7  47.4 357.7  47.4 1.31E-07 003.0 158.5  65.3 0.000435 0.000596 0.000274 hargrave 2020-02-07 01:49:55 
ARM    356.8  47.0 356.8  47.0 1.30E-07 002.7 159.5  65.9 0.000392 0.000500 0.000050 hargrave 2020-02-07 01:50:54 
ARM    357.4  47.0 357.4  47.0 1.29E-07 003.1 158.6  65.7 0.000488 0.000555 0.000041 hargrave 2020-02-07 01:51:53 
ARM    355.8  46.6 355.8  46.6 1.25E-07 002.8 160.4  66.6 0.000408 0.000510 0.000184 hargrave 2020-02-07 01:52:51 
ARM    354.8  45.1 354.8  45.1 1.27E-07 003.3 160.4  68.2 0.000503 0.000573 0.000100 hargrave 2020-02-07 01:53:50 
ARM    351.2  44.5 351.2  44.5 1.15E-07 003.9 166.5  69.7 0.000548 0.000614 0.000074 hargrave 2020-02-07 01:54:48 
ARM    356.3  45.5 356.3  45.5 1.14E-07 003.3 158.4  67.4 0.000457 0.000530 0.000060 hargrave 2020-02-07 01:55:47 
ARM    359.3  47.4 359.3  47.4 9.53E-08 003.7 156.5  64.7 0.000396 0.000514 0.000056 hargrave 2020-02-07 01:56:47 
ARM    352.9  44.8 352.9  44.8 1.05E-07 007.8 163.5  69.1 0.001103 0.000974 0.000297 hargrave 2020-02-07 01:57:45 
ARM    359.7  48.0 359.7  48.0 1.39E-07 002.4 156.6  64.1 0.000413 0.000536 0.000322 hargrave 2020-02-07 01:58:44 
ARM    359.3  40.0 359.3  40.0 1.13E-07 002.8 144.5  70.6 0.000416 0.000486 0.000406 hargrave 2020-02-07 01:59:43 
ARM    000.2  53.9 000.2  53.9 1.43E-07 002.0 162.3  58.8 0.000347 0.000401 0.000064 hargrave 2020-02-07 02:00:42 
ARM    347.3  47.1 347.3  47.1 1.23E-07 005.7 175.4  67.7 0.000962 0.000809 0.000218 hargrave 2020-02-07 02:01:41 
ARM    354.3  41.1 354.3  41.1 1.58E-07 002.2 156.0  72.0 0.000424 0.000494 0.000295 hargrave 2020-02-07 02:02:40 
ARM    000.4  34.9 000.4  34.9 1.30E-07 002.8 130.0  73.2 0.000425 0.000577 0.000381 hargrave 2020-02-07 02:03:39 
ARM    009.9  46.9 009.9  46.9 1.51E-07 002.4 144.0  60.3 0.000420 0.000487 0.000135 hargrave 2020-02-07 02:04:38 
ARM    008.7  38.7 008.7  38.7 1.26E-07 005.8 130.0  65.5 0.001012 0.000873 0.000269 hargrave 2020-02-07 02:05:37 
ARM    004.5  21.7 004.5  21.7 1.36E-07 002.6 083.7  71.5 0.000416 0.000544 0.000372 hargrave 2020-02-07 02:06:36 
ARM    003.3  32.4 003.3  32.4 1.10E-07 002.8 118.7  72.1 0.000366 0.000474 0.000233 hargrave 2020-02-07 02:07:35 
ARM    350.3  27.1 350.3  27.1 1.21E-07 002.6 114.1  84.5 0.000366 0.000424 0.000264 hargrave 2020-02-07 02:08:36 
ARM    350.0  44.0 350.0  44.0 1.65E-07 002.1 168.5  70.5 0.000369 0.000515 0.000075 hargrave 2020-02-07 02:09:35 
ARM    357.4  24.2 357.4  24.2 1.88E-07 002.4 088.6  78.4 0.000463 0.000683 0.000188 hargrave 2020-02-07 02:10:34 
ARM    345.5  32.1 345.5  32.1 1.77E-07 002.1 174.7  82.9 0.000413 0.000516 0.000147 hargrave 2020-02-07 02:11:34 
ARM    347.8  21.8 347.8  21.8 1.62E-07 003.1 041.9  85.7 0.000539 0.000691 0.000108 hargrave 2020-02-07 02:12:33 
ARM    357.8  38.0 357.8  38.0 1.66E-07 002.3 142.7  72.9 0.000438 0.000615 0.000280 hargrave 2020-02-07 02:13:33 
ARM    012.9  35.4 012.9  35.4 1.32E-07 003.7 119.9  63.6 0.000572 0.000707 0.000140 hargrave 2020-02-07 02:14:32 
ARM    357.1  39.2 357.1  39.2 1.04E-07 003.3 146.8  72.3 0.000363 0.000552 0.000271 hargrave 2020-02-07 02:15:31 
ARM    019.9  10.0 019.9  10.0 1.29E-07 003.6 072.1  53.4 0.000518 0.000672 0.000189 hargrave 2020-02-07 02:16:31 
ARM    355.1  46.1 355.1  46.1 1.57E-07 002.1 161.1  67.3 0.000408 0.000505 0.000214 hargrave 2020-02-07 02:17:30 
ARM    000.5  34.7 000.5  34.7 1.38E-07 005.8 128.9  73.2 0.001062 0.000990 0.000312 hargrave 2020-02-07 02:18:30 
ARM    002.8  21.4 002.8  21.4 1.65E-07 002.6 081.3  73.0 0.000545 0.000608 0.000270 hargrave 2020-02-07 02:19:29 
ARM    012.1  15.2 012.1  15.2 1.90E-07 002.0 074.3  62.6 0.000465 0.000534 0.000159 hargrave 2020-02-07 02:20:29 
ARM    353.9  17.0 353.9  17.0 1.75E-07 004.3 049.0  78.3 0.001035 0.000877 0.000181 hargrave 2020-02-07 02:21:28 
ARM    355.7  24.4 355.7  24.4 2.16E-07 001.7 088.7  80.0 0.000431 0.000479 0.000063 hargrave 2020-02-07 02:22:28 
ARM    351.8  26.6 351.8  26.6 1.51E-07 002.2 105.4  83.4 0.000387 0.000442 0.000158 hargrave 2020-02-07 02:23:27 
ARM    354.9  23.3 354.9  23.3 2.00E-07 002.0 081.5  80.5 0.000419 0.000579 0.000213 hargrave 2020-02-07 02:24:27 
AFz 10 354.7  23.4 354.7  23.4 1.98E-07 002.7 082.0  80.7 0.000619 0.000751 0.000445 hargrave 2020-02-07 02:25:23 
AFz 20 354.5  23.8 354.5  23.8 1.96E-07 004.3 084.6  81.0 0.001124 0.000985 0.000429 hargrave 2020-02-07 02:26:19 
AFz 30 354.3  23.9 354.3  23.9 1.94E-07 004.4 084.8  81.1 0.001120 0.001019 0.000410 hargrave 2020-02-07 02:27:15 
AFz 40 354.1  24.2 354.1  24.2 1.97E-07 004.2 086.8  81.4 0.001096 0.000979 0.000366 hargrave 2020-02-07 02:28:11 
AFz 50 354.4  24.1 354.4  24.1 1.95E-07 004.2 085.9  81.1 0.001083 0.000996 0.000360 hargrave 2020-02-07 02:29:08 
AFz 60 355.1  24.9 355.1  24.9 1.96E-07 002.0 091.3  80.6 0.000412 0.000551 0.000066 hargrave 2020-02-07 02:30:04 
AFz 70 353.6  25.6 353.6  25.6 1.90E-07 004.4 096.4  81.9 0.001100 0.000967 0.000322 hargrave 2020-02-07 02:31:00 
AFz 80 353.4  21.5 353.4  21.5 1.98E-07 004.2 068.4  81.3 0.001076 0.000997 0.000279 hargrave 2020-02-07 02:31:56 
AFz 90 352.2  20.5 352.2  20.5 1.93E-07 004.3 058.6  81.7 0.001107 0.000952 0.000268 hargrave 2020-02-07 02:32:53 
AFz100 352.2  20.3 352.2  20.3 1.95E-07 004.2 057.6  81.6 0.001091 0.000960 0.000241 hargrave 2020-02-07 02:33:49 
AFz120 352.8  16.8 352.8  16.8 1.88E-07 004.4 044.0  78.8 0.001137 0.000949 0.000264 hargrave 2020-02-07 02:34:45 
AFz140 352.2  17.1 352.2  17.1 2.03E-07 002.6 043.3  79.4 0.000620 0.000689 0.000104 hargrave 2020-02-07 02:35:42 
AFz160 354.4  18.3 354.4  18.3 2.15E-07 001.6 055.2  78.8 0.000412 0.000464 0.000117 hargrave 2020-02-07 02:36:38 
AFz180 351.0  12.7 351.0  12.7 1.99E-07 001.5 026.9  76.3 0.000330 0.000412 0.000296 hargrave 2020-02-07 02:37:34 
AFz200 349.5  12.0 349.5  12.0 1.97E-07 004.2 020.0  76.2 0.001147 0.000963 0.000380 hargrave 2020-02-07 02:38:30 
AFz250 349.2  12.8 349.2  12.8 2.06E-07 001.6 019.9  77.0 0.000424 0.000398 0.000102 hargrave 2020-02-07 02:39:26 
AFz300 348.4  20.3 348.4  20.3 2.13E-07 003.9 036.9  84.1 0.001103 0.000957 0.000291 hargrave 2020-02-07 02:40:23 
AFz350 351.5  18.5 351.5  18.5 2.01E-07 001.9 045.5  80.9 0.000434 0.000504 0.000031 hargrave 2020-02-07 02:41:19 
AFz400 349.7  09.9 349.7  09.9 2.11E-07 001.9 018.4  74.1 0.000486 0.000492 0.000125 hargrave 2020-02-07 02:42:15 
AFz450 350.6  13.3 350.6  13.3 1.96E-07 001.7 026.4  77.1 0.000360 0.000451 0.000282 hargrave 2020-02-07 02:43:11 
AFz500 344.2  24.9 344.2  24.9 1.67E-07 001.7 280.6  89.5 0.000322 0.000358 0.000159 hargrave 2020-02-07 02:44:08 
AFz550 339.0  30.1 339.0  30.1 1.63E-07 003.1 223.7  82.8 0.000551 0.000639 0.000386 hargrave 2020-02-07 02:45:04 
AFz600 344.6  34.8 344.6  34.8 1.74E-07 002.5 180.3  80.2 0.000492 0.000570 0.000438 hargrave 2020-02-07 02:46:01 
AFz650 350.4  26.6 350.4  26.6 1.85E-07 002.6 108.4  84.6 0.000580 0.000641 0.000127 hargrave 2020-02-07 02:46:57 
AFz700 353.2  10.3 353.2  10.3 1.66E-07 002.0 030.4  73.2 0.000362 0.000470 0.000324 hargrave 2020-02-07 02:47:53 
AFz750 349.4  01.9 349.4  01.9 1.98E-07 002.9 011.8  66.4 0.000735 0.000707 0.000446 hargrave 2020-02-07 02:48:50 
AFz800 346.6  17.3 346.6  17.3 1.85E-07 004.7 013.3  82.0 0.001160 0.000971 0.000211 hargrave 2020-02-07 02:49:46 
AFz850 355.5  20.9 355.5  20.9 1.48E-07 003.4 070.0  79.2 0.000602 0.000711 0.000517 hargrave 2020-02-07 02:50:42 
AFz900 352.8  04.0 352.8  04.0 2.40E-07 001.8 021.7  67.6 0.000530 0.000520 0.000153 hargrave 2020-02-07 02:51:39 
AFz950 356.2  15.2 356.2  15.2 1.87E-07 002.5 049.9  75.4 0.000549 0.000638 0.000088 hargrave 2020-02-07 02:52:35 
AFz000 353.6  11.8 353.6  11.8 1.69E-07 003.0 034.1  74.3 0.000625 0.000671 0.000399 hargrave 2020-02-07 02:53:31 
AFz050 359.2  18.1 359.2  18.1 2.06E-07 001.6 065.8  74.9 0.000404 0.000423 0.000078 hargrave 2020-02-07 02:54:28 
AFz100 004.2  12.2 004.2  12.2 2.28E-07 001.7 058.8  67.6 0.000482 0.000507 0.000159 hargrave 2020-02-07 02:55:24 
AFz150 351.6  00.9 351.6  00.9 2.25E-07 003.7 016.5  65.0 0.001228 0.000990 0.000290 hargrave 2020-02-07 02:56:20 
AFz200 351.4  14.9 351.4  14.9 1.91E-07 004.3 033.2  78.0 0.001135 0.000933 0.000367 hargrave 2020-02-07 02:57:17 
AFz250 350.4  17.4 350.4  17.4 2.04E-07 001.5 036.4  80.7 0.000396 0.000354 0.000032 hargrave 2020-02-07 02:58:13 
AFz300 352.7  12.1 352.7  12.1 2.22E-07 001.9 031.9  75.0 0.000525 0.000527 0.000089 hargrave 2020-02-07 02:59:10 
AFz500 347.2  02.1 347.2  02.1 2.31E-07 002.0 006.3  67.0 0.000623 0.000551 0.000048 hargrave 2020-02-07 03:00:06 
ARM    351.4  04.8 351.4  04.8 2.29E-07 001.3 018.7  68.8 0.000378 0.000359 0.000102 hargrave 2020-02-07 03:01:06 
ARM    349.4  10.1 349.4  10.1 2.31E-07 003.2 017.4  74.4 0.001111 0.000791 0.000274 hargrave 2020-02-07 03:02:05 
ARM    347.9  06.2 347.9  06.2 2.52E-07 003.3 009.7  71.0 0.001223 0.000901 0.000277 hargrave 2020-02-07 03:03:04 
ARM    344.4 -06.6 344.4 -06.6 1.33E-07 002.0 359.4  58.4 0.000263 0.000246 0.000345 hargrave 2020-02-07 03:04:04 
ARM    155.0 -54.3 155.0 -54.3 1.82E-07 003.4 011.3 -59.8 0.000965 0.000669 0.000456 hargrave 2020-02-07 03:05:03 
ARM  1 165.5 -34.2 165.5 -34.2 4.74E-07 001.2 355.8 -80.8 0.000828 0.000571 0.000687 hargrave 2020-02-07 03:06:03 
ARM  1 162.6 -29.8 162.6 -29.8 7.50E-07 000.5 020.5 -84.8 0.000564 0.000338 0.000778 hargrave 2020-02-07 03:07:02 
ARM  1 165.7 -29.6 165.7 -29.6 1.02E-06 000.3 349.2 -85.3 0.000510 0.000294 0.001003 hargrave 2020-02-07 03:08:02 
ARM  1 165.3 -28.4 165.3 -28.4 1.30E-06 000.2 351.3 -86.6 0.000382 0.000177 0.001271 hargrave 2020-02-07 03:09:01 
ARM  1 164.9 -26.8 164.9 -26.8 1.63E-06 000.1 355.1 -88.2 0.000241 0.000227 0.001365 hargrave 2020-02-07 03:10:00 
ARM  1 164.5 -25.5 164.5 -25.5 2.25E-06 000.4 022.0 -89.5 0.001152 0.001019 0.001469 hargrave 2020-02-07 03:11:00 
ARM  2 165.0 -26.2 165.0 -26.2 2.98E-06 000.2 349.0 -88.8 0.000809 0.000862 0.002162 hargrave 2020-02-07 03:11:59 
ARM  2 164.9 -25.5 164.9 -25.5 3.62E-06 000.3 345.6 -89.4 0.001193 0.001172 0.002540 hargrave 2020-02-07 03:12:59 
ARM  2 164.5 -25.8 164.5 -25.8 4.26E-06 000.4 014.5 -89.2 0.002193 0.001854 0.002751 hargrave 2020-02-07 03:13:58 
ARM  2 164.7 -25.5 164.7 -25.5 5.50E-06 000.3 002.8 -89.5 0.002240 0.002111 0.003644 hargrave 2020-02-07 03:14:58 
ARM  3 164.7 -25.2 164.7 -25.2 6.69E-06 000.3 347.3 -89.8 0.002897 0.002613 0.004395 hargrave 2020-02-07 03:15:57 
ARM  4 164.9 -25.2 164.9 -25.2 7.84E-06 000.4 327.3 -89.7 0.003571 0.003293 0.005103 hargrave 2020-02-07 03:16:57 
ARM  4 164.8 -25.3 164.8 -25.3 8.87E-06 000.4 345.3 -89.7 0.004125 0.003816 0.005799 hargrave 2020-02-07 03:17:56 
ARM  4 164.8 -24.9 164.8 -24.9 9.94E-06 000.4 217.2 -89.9 0.005648 0.004873 0.006259 hargrave 2020-02-07 03:18:55 
ARM  5 164.6 -25.1 164.6 -25.1 1.09E-05 000.4 024.1 -89.9 0.005312 0.004689 0.006986 hargrave 2020-02-07 03:19:56 
