AX3- 10b mag compass orientation (IGRF corrected)
      0  65.7  73.0   0.0   0.0   1.0
NRM    329.9  22.9 329.9  22.9 6.24E-08 003.3 221.8  81.8 0.000287 0.000222 0.000098 hargrave 2020-02-07 05:44:32 
AF  10 333.2  18.0 333.2  18.0 6.34E-08 002.8 246.6  87.3 0.000241 0.000197 0.000352 hargrave 2020-02-07 05:45:51 
AF  20 331.8  11.6 331.8  11.6 6.93E-08 001.2 324.8  83.3 0.000117 0.000106 0.000146 hargrave 2020-02-07 05:47:11 
AF  30 335.6  08.6 335.6  08.6 7.15E-08 001.8 359.4  81.5 0.000154 0.000165 0.000295 hargrave 2020-02-07 05:48:31 
AF  40 332.8  18.0 332.8  18.0 7.30E-08 001.0 249.4  86.9 0.000105 0.000087 0.000226 hargrave 2020-02-07 05:49:51 
AF  50 335.9  21.3 335.9  21.3 8.08E-08 004.3 177.6  85.6 0.000517 0.000321 0.000071 hargrave 2020-02-07 05:51:10 
AF  60 336.6  17.6 336.6  17.6 7.58E-08 001.0 126.4  88.9 0.000071 0.000106 0.000288 hargrave 2020-02-07 05:52:30 
AF  70 344.3  18.8 344.3  18.8 8.57E-08 000.6 103.9  81.6 0.000064 0.000025 0.000295 hargrave 2020-02-07 05:53:49 
AF  80 344.8  14.2 344.8  14.2 6.17E-08 000.7 073.6  80.7 0.000015 0.000069 0.000159 hargrave 2020-02-07 05:55:09 
AF  90 346.6  04.5 346.6  04.5 7.25E-08 000.8 041.8  73.5 0.000055 0.000045 0.000124 hargrave 2020-02-07 05:56:28 
AF 100 334.4 -07.0 334.4 -07.0 7.65E-08 004.1 356.9  65.9 0.000311 0.000316 0.000448 hargrave 2020-02-07 05:57:48 
AF 120 330.8  08.4 330.8  08.4 6.46E-08 006.2 330.2  80.1 0.000594 0.000362 0.000080 hargrave 2020-02-07 05:59:07 
AF 140 343.0  23.0 343.0  23.0 1.04E-07 000.9 132.5  80.9 0.000109 0.000141 0.000085 hargrave 2020-02-07 06:00:27 
AF 160 343.8  13.2 343.8  13.2 9.13E-08 001.4 065.4  81.2 0.000138 0.000169 0.000146 hargrave 2020-02-07 06:01:47 
AF 180 330.3  34.6 330.3  34.6 1.08E-07 001.4 194.4  71.7 0.000204 0.000207 0.000219 hargrave 2020-02-07 06:03:06 
AF 200 355.7  30.7 355.7  30.7 1.30E-07 001.6 130.6  67.2 0.000253 0.000343 0.000184 hargrave 2020-02-07 06:04:26 
AF 250 341.0  32.9 341.0  32.9 1.35E-07 001.9 164.4  73.3 0.000281 0.000409 0.000269 hargrave 2020-02-07 06:05:45 
AF 300 337.6  33.4 337.6  33.4 1.41E-07 002.2 174.5  73.5 0.000346 0.000481 0.000485 hargrave 2020-02-07 06:07:05 
AF 350 325.6  21.5 325.6  21.5 1.69E-07 004.0 243.2  79.5 0.000843 0.000828 0.000103 hargrave 2020-02-07 06:08:25 
AF 400 326.2  22.2 326.2  22.2 1.94E-07 001.8 238.2  79.6 0.000393 0.000445 0.000546 hargrave 2020-02-07 06:09:44 
AF 450 343.4  21.2 343.4  21.2 1.75E-07 002.2 121.2  81.5 0.000411 0.000555 0.000249 hargrave 2020-02-07 06:11:04 
AF 500 324.8  29.3 324.8  29.3 1.75E-07 003.9 217.2  74.1 0.000857 0.000888 0.000060 hargrave 2020-02-07 06:12:24 
AF 550 337.0  43.2 337.0  43.2 1.84E-07 003.7 177.9  63.7 0.000810 0.000882 0.000383 hargrave 2020-02-07 06:13:43 
AF 600 330.9  16.5 330.9  16.5 1.42E-07 005.1 276.0  85.3 0.000936 0.000803 0.000383 hargrave 2020-02-07 06:15:03 
AF 650 343.8  22.6 343.8  22.6 1.20E-07 005.7 127.7  80.4 0.000921 0.000749 0.000473 hargrave 2020-02-07 06:16:23 
AF 700 332.3  13.8 332.3  13.8 1.67E-07 001.8 313.3  85.4 0.000341 0.000395 0.000319 hargrave 2020-02-07 06:17:42 
AF 750 321.8  12.0 321.8  12.0 1.59E-07 001.7 288.7  75.6 0.000323 0.000335 0.000157 hargrave 2020-02-07 06:19:02 
AF 800 348.0  18.6 348.0  18.6 1.51E-07 002.8 099.5  78.1 0.000468 0.000636 0.000323 hargrave 2020-02-07 06:20:22 
AF 850 304.6  30.4 304.6  30.4 1.59E-07 002.1 239.0  58.7 0.000372 0.000388 0.000398 hargrave 2020-02-07 06:21:42 
AF 900 320.7  04.6 320.7  04.6 1.32E-07 002.1 308.3  70.7 0.000291 0.000248 0.000518 hargrave 2020-02-07 06:23:02 
AF 950 330.8  17.4 330.8  17.4 1.92E-07 002.1 264.1  85.2 0.000457 0.000518 0.000303 hargrave 2020-02-07 06:24:22 
AF1000 345.5  11.9 345.5  11.9 1.06E-07 002.9 063.1  79.1 0.000325 0.000440 0.000287 hargrave 2020-02-07 06:25:42 
AF1050 318.2  09.2 318.2  09.2 1.61E-07 004.3 292.5  71.2 0.000940 0.000768 0.000219 hargrave 2020-02-07 06:27:03 
AF1100 328.1  02.8 328.1  02.8 1.86E-07 002.1 331.4  74.0 0.000434 0.000452 0.000436 hargrave 2020-02-07 06:28:23 
AF1150 332.5  15.0 332.5  15.0 1.46E-07 002.0 303.4  86.3 0.000356 0.000359 0.000298 hargrave 2020-02-07 06:29:44 
AF1200 324.9  14.4 324.9  14.4 2.30E-07 001.7 282.3  79.2 0.000483 0.000471 0.000171 hargrave 2020-02-07 06:31:05 
AF1250 310.1  10.7 310.1  10.7 1.68E-07 003.9 280.9  64.3 0.000854 0.000792 0.000116 hargrave 2020-02-07 06:32:27 
AF1300 308.9  17.8 308.9  17.8 1.30E-07 005.6 264.3  64.4 0.000858 0.000820 0.000499 hargrave 2020-02-07 06:33:49 
ARM    310.6  17.9 310.6  17.9 1.38E-07 005.0 264.1  66.1 0.000862 0.000837 0.000211 hargrave 2020-02-07 06:34:49 
ARM    310.5  17.5 310.5  17.5 1.33E-07 002.7 265.1  65.9 0.000330 0.000413 0.000379 hargrave 2020-02-07 06:35:48 
ARM    310.1  17.4 310.1  17.4 1.29E-07 002.9 265.2  65.5 0.000438 0.000421 0.000404 hargrave 2020-02-07 06:36:47 
ARM    309.9  17.6 309.9  17.6 1.33E-07 005.5 264.7  65.3 0.000894 0.000853 0.000427 hargrave 2020-02-07 06:37:46 
ARM    308.7  17.9 308.7  17.9 1.37E-07 005.2 263.9  64.2 0.000890 0.000869 0.000255 hargrave 2020-02-07 06:38:45 
ARM    309.6  17.7 309.6  17.7 1.39E-07 004.8 264.4  65.0 0.000844 0.000837 0.000171 hargrave 2020-02-07 06:39:43 
ARM    308.7  17.5 308.7  17.5 1.33E-07 005.0 264.9  64.1 0.000840 0.000820 0.000185 hargrave 2020-02-07 06:40:42 
ARM    308.4  17.4 308.4  17.4 1.37E-07 004.7 265.1  63.9 0.000839 0.000793 0.000096 hargrave 2020-02-07 06:41:41 
ARM    308.2  15.2 308.2  15.2 1.34E-07 005.3 269.8  63.5 0.000850 0.000815 0.000473 hargrave 2020-02-07 06:42:40 
ARM    309.6  17.0 309.6  17.0 1.35E-07 005.4 266.1  65.0 0.000863 0.000830 0.000491 hargrave 2020-02-07 06:43:39 
ARM    309.5  14.4 309.5  14.4 1.55E-07 004.5 272.1  64.7 0.000856 0.000817 0.000309 hargrave 2020-02-07 06:44:37 
ARM    316.1  17.0 316.1  17.0 1.67E-07 002.0 267.2  71.2 0.000325 0.000406 0.000380 hargrave 2020-02-07 06:45:36 
ARM    317.7  18.2 317.7  18.2 1.61E-07 002.1 263.4  72.8 0.000327 0.000385 0.000406 hargrave 2020-02-07 06:46:35 
ARM    316.9  20.6 316.9  20.6 1.54E-07 002.2 255.7  71.9 0.000342 0.000419 0.000364 hargrave 2020-02-07 06:47:34 
ARM    315.7  22.8 315.7  22.8 1.64E-07 002.1 249.5  70.3 0.000387 0.000473 0.000157 hargrave 2020-02-07 06:48:33 
ARM    323.5  24.5 323.5  24.5 1.82E-07 002.0 234.5  76.3 0.000384 0.000503 0.000053 hargrave 2020-02-07 06:49:32 
ARM    322.9  17.8 322.9  17.8 1.74E-07 004.2 264.5  77.7 0.000913 0.000898 0.000204 hargrave 2020-02-07 06:50:31 
ARM    319.7  24.8 319.7  24.8 1.31E-07 005.4 239.9  73.1 0.000856 0.000909 0.000152 hargrave 2020-02-07 06:51:30 
ARM    324.4  26.4 324.4  26.4 1.38E-07 002.5 226.2  75.8 0.000381 0.000470 0.000310 hargrave 2020-02-07 06:52:29 
ARM    320.6  30.4 320.6  30.4 1.57E-07 002.3 223.0  70.7 0.000414 0.000487 0.000240 hargrave 2020-02-07 06:53:28 
ARM    325.3  22.2 325.3  22.2 1.63E-07 004.5 240.3  78.9 0.000915 0.000913 0.000209 hargrave 2020-02-07 06:54:27 
ARM    327.7  12.0 327.7  12.0 1.64E-07 002.6 301.7  80.8 0.000530 0.000517 0.000116 hargrave 2020-02-07 06:55:26 
ARM    332.7  18.4 332.7  18.4 1.67E-07 004.6 243.6  86.8 0.000995 0.000927 0.000092 hargrave 2020-02-07 06:56:25 
ARM    326.4  14.5 326.4  14.5 1.76E-07 004.6 284.1  80.7 0.001016 0.000922 0.000413 hargrave 2020-02-07 06:57:24 
ARM    326.1  18.1 326.1  18.1 1.78E-07 004.4 261.7  80.7 0.001019 0.000902 0.000097 hargrave 2020-02-07 06:58:22 
ARM    326.8  22.0 326.8  22.0 2.03E-07 003.7 237.8  80.2 0.000964 0.000920 0.000116 hargrave 2020-02-07 06:59:21 
ARM    335.5  23.2 335.5  23.2 1.82E-07 001.9 181.9  83.8 0.000408 0.000455 0.000333 hargrave 2020-02-07 07:00:20 
ARM    336.4  19.8 336.4  19.8 1.65E-07 004.7 167.6  87.1 0.001010 0.000897 0.000049 hargrave 2020-02-07 07:01:19 
ARM    333.3  19.7 333.3  19.7 1.80E-07 002.2 220.9  86.4 0.000484 0.000504 0.000224 hargrave 2020-02-07 07:02:17 
ARM    329.5  18.3 329.5  18.3 1.55E-07 002.4 256.5  83.9 0.000448 0.000440 0.000375 hargrave 2020-02-07 07:03:16 
ARM    336.8  16.4 336.8  16.4 1.89E-07 001.9 060.4  88.8 0.000428 0.000445 0.000263 hargrave 2020-02-07 07:04:15 
ARM    327.9  19.6 327.9  19.6 1.77E-07 002.1 249.4  82.1 0.000484 0.000426 0.000078 hargrave 2020-02-07 07:05:14 
ARM    335.7  07.6 335.7  07.6 1.71E-07 002.2 000.2  80.6 0.000489 0.000420 0.000251 hargrave 2020-02-07 07:06:13 
ARM    325.7  21.2 325.7  21.2 1.94E-07 001.7 244.5  79.6 0.000473 0.000337 0.000277 hargrave 2020-02-07 07:07:12 
ARM    339.2  12.4 339.2  12.4 2.12E-07 001.7 036.2  84.3 0.000498 0.000411 0.000237 hargrave 2020-02-07 07:08:11 
ARM    329.1  25.8 329.1  25.8 1.61E-07 004.5 213.8  79.2 0.000933 0.000793 0.000483 hargrave 2020-02-07 07:09:10 
ARM    335.3  04.7 335.3  04.7 1.56E-07 002.2 358.3  77.6 0.000457 0.000338 0.000273 hargrave 2020-02-07 07:10:09 
AFz 10 335.3  05.2 335.3  05.2 1.60E-07 002.5 357.9  78.1 0.000565 0.000384 0.000095 hargrave 2020-02-07 07:11:05 
AFz 20 334.7  04.6 334.7  04.6 1.52E-07 005.1 355.3  77.5 0.001093 0.000831 0.000289 hargrave 2020-02-07 07:12:01 
AFz 30 335.6  04.8 335.6  04.8 1.55E-07 002.1 359.4  77.8 0.000431 0.000330 0.000367 hargrave 2020-02-07 07:12:56 
AFz 40 335.4  04.3 335.4  04.3 1.54E-07 002.3 358.8  77.2 0.000475 0.000355 0.000412 hargrave 2020-02-07 07:13:52 
AFz 50 335.2  03.7 335.2  03.7 1.55E-07 002.1 357.7  76.6 0.000444 0.000329 0.000248 hargrave 2020-02-07 07:14:47 
AFz 60 335.1  03.7 335.1  03.7 1.60E-07 002.0 357.3  76.7 0.000448 0.000324 0.000066 hargrave 2020-02-07 07:15:43 
AFz 70 335.9  03.7 335.9  03.7 1.59E-07 003.2 000.7  76.7 0.000676 0.000571 0.000182 hargrave 2020-02-07 07:16:39 
AFz 80 335.3  04.0 335.3  04.0 1.56E-07 004.7 358.3  77.0 0.001064 0.000733 0.000136 hargrave 2020-02-07 07:17:35 
AFz 90 335.2  03.5 335.2  03.5 1.56E-07 004.4 357.7  76.5 0.000985 0.000736 0.000269 hargrave 2020-02-07 07:18:31 
AFz100 335.6  04.2 335.6  04.2 1.54E-07 002.3 359.6  77.1 0.000506 0.000375 0.000057 hargrave 2020-02-07 07:19:27 
AFz120 334.5  02.2 334.5  02.2 1.50E-07 002.3 355.1  75.1 0.000472 0.000349 0.000186 hargrave 2020-02-07 07:20:22 
AFz140 336.0  03.1 336.0  03.1 1.53E-07 002.3 001.1  76.1 0.000475 0.000344 0.000263 hargrave 2020-02-07 07:21:18 
AFz160 333.5  05.7 333.5  05.7 1.39E-07 002.4 348.8  78.5 0.000460 0.000338 0.000163 hargrave 2020-02-07 07:22:14 
AFz180 339.5  01.6 339.5  01.6 1.25E-07 002.7 013.9  74.2 0.000460 0.000330 0.000287 hargrave 2020-02-07 07:23:09 
AFz200 342.7  09.0 342.7  09.0 1.24E-07 004.1 041.1  79.5 0.000623 0.000610 0.000140 hargrave 2020-02-07 07:24:05 
AFz250 333.4  10.9 333.4  10.9 1.56E-07 002.6 339.7  83.5 0.000533 0.000441 0.000327 hargrave 2020-02-07 07:25:01 
AFz300 339.3  09.0 339.3  09.0 1.44E-07 002.3 024.0  81.2 0.000455 0.000367 0.000182 hargrave 2020-02-07 07:25:57 
AFz350 344.8  11.0 344.8  11.0 1.57E-07 002.1 057.0  79.3 0.000461 0.000359 0.000325 hargrave 2020-02-07 07:26:53 
AFz400 339.3  21.5 339.3  21.5 1.45E-07 005.1 143.7  84.3 0.001020 0.000791 0.000432 hargrave 2020-02-07 07:27:49 
AFz450 338.2  07.8 338.2  07.8 1.52E-07 004.7 015.0  80.4 0.001002 0.000756 0.000084 hargrave 2020-02-07 07:28:45 
AFz500 340.0  12.3 340.0  12.3 1.11E-07 006.3 042.1  83.7 0.000997 0.000736 0.000121 hargrave 2020-02-07 07:29:41 
AFz550 336.3  11.2 336.3  11.2 1.19E-07 006.1 005.7  84.1 0.001022 0.000751 0.000414 hargrave 2020-02-07 07:30:37 
AFz600 329.8  10.8 329.8  10.8 1.39E-07 002.4 316.6  81.5 0.000447 0.000309 0.000373 hargrave 2020-02-07 07:31:33 
AFz650 333.1  19.3 333.1  19.3 1.67E-07 004.3 227.6  86.6 0.000973 0.000788 0.000134 hargrave 2020-02-07 07:32:29 
AFz700 341.7  14.8 341.7  14.8 1.19E-07 005.3 070.3  83.7 0.000911 0.000643 0.000253 hargrave 2020-02-07 07:33:25 
AFz750 337.5  14.8 337.5  14.8 1.76E-07 004.3 038.7  87.1 0.001061 0.000794 0.000378 hargrave 2020-02-07 07:34:21 
AFz800 336.2  24.4 336.2  24.4 1.93E-07 003.8 176.7  82.6 0.000979 0.000839 0.000306 hargrave 2020-02-07 07:35:17 
AFz850 329.7  18.6 329.7  18.6 1.80E-07 004.0 253.3  84.1 0.000977 0.000767 0.000264 hargrave 2020-02-07 07:36:13 
AFz900 329.4  17.2 329.4  17.2 1.86E-07 003.8 267.3  84.0 0.000957 0.000729 0.000400 hargrave 2020-02-07 07:37:08 
AFz950 329.8  15.8 329.8  15.8 1.75E-07 004.1 280.9  84.2 0.000993 0.000786 0.000028 hargrave 2020-02-07 07:38:04 
AFz000 314.9  18.2 314.9  18.2 1.77E-07 001.9 263.4  70.1 0.000520 0.000224 0.000339 hargrave 2020-02-07 07:39:00 
AFz050 332.0  13.1 332.0  13.1 1.84E-07 004.2 317.2  84.7 0.001044 0.000848 0.000284 hargrave 2020-02-07 07:39:56 
AFz100 341.5  21.9 341.5  21.9 1.88E-07 003.8 132.7  82.7 0.000994 0.000784 0.000467 hargrave 2020-02-07 07:40:52 
AFz150 334.7  20.1 334.7  20.1 1.61E-07 004.5 196.5  86.7 0.000982 0.000797 0.000448 hargrave 2020-02-07 07:41:47 
AFz200 331.6  18.5 331.6  18.5 1.54E-07 004.5 248.6  85.8 0.000935 0.000776 0.000092 hargrave 2020-02-07 07:42:43 
AFz250 335.7  14.7 335.7  14.7 1.87E-07 004.2 359.7  87.7 0.001090 0.000814 0.000137 hargrave 2020-02-07 07:43:39 
AFz300 329.2  16.9 329.2  16.9 1.86E-07 003.8 270.0  83.8 0.000978 0.000738 0.000353 hargrave 2020-02-07 07:44:35 
AFz500 329.5  15.5 329.5  15.5 1.85E-07 003.7 283.0  83.8 0.000965 0.000722 0.000176 hargrave 2020-02-07 07:45:30 
ARM    337.1  24.4 337.1  24.4 1.94E-07 001.8 170.2  82.4 0.000486 0.000399 0.000270 hargrave 2020-02-07 07:46:29 
ARM    329.0  26.6 329.0  26.6 2.29E-07 002.1 211.9  78.6 0.000628 0.000581 0.000138 hargrave 2020-02-07 07:47:28 
ARM    342.2  26.0 342.2  26.0 2.05E-07 001.6 147.2  79.1 0.000454 0.000433 0.000296 hargrave 2020-02-07 07:48:28 
ARM    331.2  24.7 331.2  24.7 1.12E-07 003.9 207.6  81.2 0.000557 0.000521 0.000090 hargrave 2020-02-07 07:49:27 
ARM    161.3 -09.5 161.3 -09.5 2.05E-07 001.8 216.9 -80.7 0.000477 0.000302 0.000621 hargrave 2020-02-07 07:50:26 
ARM  1 157.7 -16.7 157.7 -16.7 4.94E-07 000.7 261.5 -88.0 0.000489 0.000413 0.000323 hargrave 2020-02-07 07:51:24 
ARM  1 156.2 -16.7 156.2 -16.7 7.56E-07 000.5 237.6 -89.4 0.000549 0.000413 0.000458 hargrave 2020-02-07 07:52:24 
ARM  1 155.4 -16.7 155.4 -16.7 1.08E-06 000.4 131.6 -89.6 0.000576 0.000465 0.000711 hargrave 2020-02-07 07:53:24 
ARM  1 155.5 -17.4 155.5 -17.4 1.32E-06 000.4 023.0 -89.5 0.000655 0.000552 0.000800 hargrave 2020-02-07 07:54:23 
ARM  1 154.5 -16.9 154.5 -16.9 1.59E-06 000.2 092.5 -88.9 0.000295 0.000321 0.000790 hargrave 2020-02-07 07:55:22 
ARM  1 154.9 -16.7 154.9 -16.7 2.29E-06 000.3 113.1 -89.2 0.001033 0.000923 0.001167 hargrave 2020-02-07 07:56:22 
ARM  2 155.3 -17.4 155.3 -17.4 2.95E-06 000.4 047.4 -89.5 0.001480 0.001273 0.001391 hargrave 2020-02-07 07:57:21 
ARM  2 155.0 -17.1 155.0 -17.1 3.62E-06 000.2 083.7 -89.3 0.000966 0.001021 0.001705 hargrave 2020-02-07 07:58:20 
ARM  2 155.6 -17.7 155.6 -17.7 4.28E-06 000.4 008.0 -89.3 0.002083 0.001894 0.002051 hargrave 2020-02-07 07:59:20 
ARM  2 155.0 -17.2 155.0 -17.2 5.49E-06 000.4 074.5 -89.3 0.002559 0.002271 0.002212 hargrave 2020-02-07 08:00:19 
ARM  3 155.3 -17.2 155.3 -17.2 6.62E-06 000.4 065.2 -89.6 0.003113 0.002769 0.002928 hargrave 2020-02-07 08:01:19 
ARM  4 155.3 -17.2 155.3 -17.2 7.77E-06 000.3 061.2 -89.5 0.002986 0.002819 0.003354 hargrave 2020-02-07 08:02:18 
ARM  4 155.1 -17.4 155.1 -17.4 8.80E-06 000.4 055.1 -89.3 0.004111 0.003778 0.003678 hargrave 2020-02-07 08:03:18 
ARM  4 155.3 -17.6 155.3 -17.6 9.80E-06 000.4 034.3 -89.3 0.004692 0.004256 0.004229 hargrave 2020-02-07 08:04:17 
ARM  5 155.1 -17.5 155.1 -17.5 1.07E-05 000.3 047.9 -89.3 0.004346 0.004138 0.004637 hargrave 2020-02-07 08:05:18 
