AX3- 2b mag compass orientation (IGRF corrected)
      0  81.7  71.0   0.0   0.0   1.0
NRM    077.4  17.7 077.4  17.7 1.51E-07 002.9 105.5  09.6 0.000750 0.000612 0.000122 hargrave 2020-02-06 10:08:55 
AF  10 077.8  23.1 077.8  23.1 1.44E-07 002.8 110.9  10.8 0.000716 0.000571 0.000056 hargrave 2020-02-06 10:10:14 
AF  20 078.6  22.7 078.6  22.7 1.34E-07 001.9 110.8  10.0 0.000374 0.000386 0.000165 hargrave 2020-02-06 10:11:33 
AF  30 079.5  21.4 079.5  21.4 1.30E-07 004.0 109.7  08.8 0.000890 0.000684 0.000229 hargrave 2020-02-06 10:12:53 
AF  40 078.7  28.8 078.7  28.8 1.28E-07 003.7 116.7  11.6 0.000882 0.000620 0.000115 hargrave 2020-02-06 10:14:12 
AF  50 078.5  30.7 078.5  30.7 1.33E-07 001.6 118.6  12.2 0.000280 0.000326 0.000184 hargrave 2020-02-06 10:15:32 
AF  60 079.6  34.9 079.6  34.9 1.37E-07 002.9 123.0  12.4 0.000733 0.000547 0.000186 hargrave 2020-02-06 10:16:51 
AF  70 082.5  42.0 082.5  42.0 1.37E-07 001.8 130.6  12.0 0.000279 0.000335 0.000289 hargrave 2020-02-06 10:18:11 
AF  80 082.4  41.1 082.4  41.1 1.24E-07 003.5 129.7  11.8 0.000908 0.000632 0.000141 hargrave 2020-02-06 10:19:30 
AF  90 081.7  34.7 081.7  34.7 1.27E-07 002.9 123.2  10.6 0.000694 0.000517 0.000119 hargrave 2020-02-06 10:20:49 
AF 100 066.1  11.7 066.1  11.7 1.23E-07 003.5 096.4  18.4 0.000723 0.000582 0.000172 hargrave 2020-02-06 10:22:09 
AF 120 067.9  18.0 067.9  18.0 9.43E-08 004.8 103.3  18.4 0.000707 0.000572 0.000242 hargrave 2020-02-06 10:23:28 
AF 140 084.7  21.2 084.7  21.2 8.03E-08 003.0 111.0  04.1 0.000319 0.000283 0.000236 hargrave 2020-02-06 10:24:48 
AF 160 099.2  43.2 099.2  43.2 7.78E-08 003.2 136.0  00.9 0.000253 0.000333 0.000256 hargrave 2020-02-06 10:26:07 
AF 180 070.7  57.9 070.7  57.9 7.28E-08 005.1 145.8  21.8 0.000638 0.000501 0.000261 hargrave 2020-02-06 10:27:26 
AF 200 098.6  67.6 098.6  67.6 1.10E-07 003.0 158.2  11.3 0.000862 0.000604 0.000272 hargrave 2020-02-06 10:28:45 
AF 250 144.0  80.7 144.0  80.7 9.87E-08 002.6 175.6  10.7 0.000268 0.000402 0.000226 hargrave 2020-02-06 10:30:04 
AF 300 031.5  25.7 031.5  25.7 6.09E-08 003.1 107.8  52.7 0.000125 0.000365 0.000281 hargrave 2020-02-06 10:31:24 
AF 350 031.5 -01.7 031.5 -01.7 1.19E-07 004.0 066.6  45.8 0.000720 0.000576 0.000168 hargrave 2020-02-06 10:32:43 
AF 400 066.7 -06.4 066.7 -06.4 7.64E-08 007.1 078.9  11.9 0.000826 0.000555 0.000277 hargrave 2020-02-06 10:34:02 
AF 450 065.4 -50.4 065.4 -50.4 2.17E-07 001.5 037.8 -04.7 0.000646 0.000232 0.000444 hargrave 2020-02-06 10:35:22 
AF 500 034.1 -60.4 034.1 -60.4 2.48E-07 001.2 019.5  03.6 0.000754 0.000218 0.000347 hargrave 2020-02-06 10:36:41 
AF 550 020.0 -63.3 020.0 -63.3 3.88E-07 001.1 012.3  04.8 0.000629 0.000545 0.000477 hargrave 2020-02-06 10:38:00 
AF 600 023.7 -61.8 023.7 -61.8 4.46E-07 001.2 014.6  05.3 0.000769 0.000668 0.000463 hargrave 2020-02-06 10:39:19 
AF 650 047.4 -78.0 047.4 -78.0 5.46E-07 001.1 010.1 -12.0 0.000829 0.000678 0.000731 hargrave 2020-02-06 10:40:38 
AF 700 086.2 -78.7 086.2 -78.7 6.14E-07 001.2 011.9 -19.5 0.001489 0.000845 0.000743 hargrave 2020-02-06 10:41:58 
AF 750 094.3 -71.6 094.3 -71.6 6.86E-07 001.0 019.4 -22.0 0.001066 0.000624 0.000902 hargrave 2020-02-06 10:43:17 
AF 800 104.1 -71.3 104.1 -71.3 8.36E-07 001.1 019.1 -25.1 0.001905 0.000995 0.001032 hargrave 2020-02-06 10:44:36 
AF 850 104.6 -68.2 104.6 -68.2 8.82E-07 001.0 022.4 -26.0 0.001535 0.000920 0.000985 hargrave 2020-02-06 10:45:55 
AF 900 081.0 -79.4 081.0 -79.4 1.08E-06 000.9 011.2 -18.5 0.001706 0.000992 0.001252 hargrave 2020-02-06 10:47:15 
AF 950 095.0 -73.0 095.0 -73.0 1.16E-06 001.0 017.9 -22.0 0.002222 0.001200 0.001362 hargrave 2020-02-06 10:48:35 
AF1000 102.8 -74.1 102.8 -74.1 1.27E-06 000.9 016.2 -24.0 0.002228 0.001117 0.001277 hargrave 2020-02-06 10:49:54 
AF1050 069.4 -80.3 069.4 -80.3 1.51E-06 000.9 009.9 -16.7 0.002710 0.001689 0.001448 hargrave 2020-02-06 10:51:14 
AF1100 071.6 -81.2 071.6 -81.2 1.59E-06 001.0 009.0 -17.2 0.003004 0.001746 0.001498 hargrave 2020-02-06 10:52:34 
AF1150 048.9 -80.6 048.9 -80.6 1.75E-06 001.1 008.1 -13.7 0.004037 0.002364 0.001475 hargrave 2020-02-06 10:53:54 
AF1200 020.4 -81.8 020.4 -81.8 1.86E-06 001.1 004.0 -11.7 0.003768 0.002707 0.001675 hargrave 2020-02-06 10:55:15 
AF1250 026.4 -77.8 026.4 -77.8 1.95E-06 001.1 007.0 -08.9 0.004568 0.002764 0.001545 hargrave 2020-02-06 10:56:36 
AF1300 026.0 -78.3 026.0 -78.3 2.17E-06 001.0 006.6 -09.2 0.004956 0.002957 0.001685 hargrave 2020-02-06 10:57:58 
ARM    026.7 -78.3 026.7 -78.3 2.18E-06 001.0 006.8 -09.3 0.004359 0.002929 0.001759 hargrave 2020-02-06 10:58:57 
ARM    026.6 -78.3 026.6 -78.3 2.18E-06 001.0 006.7 -09.3 0.004452 0.002944 0.001745 hargrave 2020-02-06 10:59:55 
ARM    026.8 -78.3 026.8 -78.3 2.18E-06 001.0 006.8 -09.3 0.004344 0.002919 0.001760 hargrave 2020-02-06 11:00:54 
ARM    026.6 -78.3 026.6 -78.3 2.18E-06 001.0 006.8 -09.3 0.004433 0.002926 0.001713 hargrave 2020-02-06 11:01:52 
ARM    027.0 -78.3 027.0 -78.3 2.18E-06 001.0 006.8 -09.3 0.004418 0.002840 0.001773 hargrave 2020-02-06 11:02:51 
ARM    027.0 -78.3 027.0 -78.3 2.17E-06 001.1 006.8 -09.3 0.004972 0.003090 0.001642 hargrave 2020-02-06 11:03:49 
ARM    028.6 -78.7 028.6 -78.7 2.18E-06 001.0 006.8 -09.9 0.004382 0.003002 0.001795 hargrave 2020-02-06 11:04:47 
ARM    029.6 -78.6 029.6 -78.6 2.18E-06 001.0 007.1 -09.9 0.004479 0.002914 0.001784 hargrave 2020-02-06 11:05:46 
ARM    029.4 -78.7 029.4 -78.7 2.18E-06 001.1 007.0 -09.9 0.005032 0.003070 0.001712 hargrave 2020-02-06 11:06:44 
ARM    030.1 -78.8 030.1 -78.8 2.17E-06 001.0 007.0 -10.1 0.004401 0.002971 0.001667 hargrave 2020-02-06 11:07:43 
ARM    033.8 -79.0 033.8 -79.0 2.18E-06 001.0 007.5 -10.7 0.004562 0.002797 0.001668 hargrave 2020-02-06 11:08:41 
ARM    036.7 -79.9 036.7 -79.9 2.16E-06 001.0 007.2 -11.8 0.004343 0.002937 0.001662 hargrave 2020-02-06 11:09:40 
ARM    038.4 -79.8 038.4 -79.8 2.15E-06 001.0 007.5 -11.9 0.004319 0.002852 0.001762 hargrave 2020-02-06 11:10:39 
ARM    037.0 -79.9 037.0 -79.9 2.13E-06 001.1 007.3 -11.8 0.004852 0.002968 0.001644 hargrave 2020-02-06 11:11:38 
ARM    044.9 -80.3 044.9 -80.3 2.09E-06 001.0 007.9 -13.0 0.004202 0.002743 0.001590 hargrave 2020-02-06 11:12:36 
ARM    055.9 -80.5 055.9 -80.5 2.00E-06 001.0 008.8 -14.7 0.004210 0.002371 0.001602 hargrave 2020-02-06 11:13:35 
ARM    080.1 -79.8 080.1 -79.8 1.87E-06 001.2 010.8 -18.4 0.004705 0.002244 0.001434 hargrave 2020-02-06 11:14:35 
ARM    114.6 -76.7 114.6 -76.7 1.79E-06 001.0 012.4 -25.8 0.003197 0.001878 0.001426 hargrave 2020-02-06 11:15:34 
ARM    107.2 -73.2 107.2 -73.2 1.62E-06 000.9 016.8 -25.4 0.002952 0.001435 0.001342 hargrave 2020-02-06 11:16:33 
ARM    114.4 -68.1 114.4 -68.1 1.42E-06 000.9 021.2 -29.5 0.002506 0.001080 0.001223 hargrave 2020-02-06 11:17:32 
ARM    120.2 -58.2 120.2 -58.2 1.32E-06 000.9 030.6 -35.9 0.002156 0.000843 0.001097 hargrave 2020-02-06 11:18:31 
ARM    117.1 -48.3 117.1 -48.3 1.06E-06 000.9 043.0 -37.4 0.001606 0.000886 0.000932 hargrave 2020-02-06 11:19:30 
ARM    128.8 -32.1 128.8 -32.1 1.17E-06 000.9 062.5 -49.5 0.001423 0.001325 0.000848 hargrave 2020-02-06 11:20:29 
ARM    119.6 -16.5 119.6 -16.5 9.95E-07 001.1 084.1 -40.5 0.001234 0.001951 0.000589 hargrave 2020-02-06 11:21:28 
ARM    122.3 -01.7 122.3 -01.7 1.12E-06 001.0 103.6 -38.7 0.001227 0.002448 0.000450 hargrave 2020-02-06 11:22:27 
ARM    127.1  06.1 127.1  06.1 1.30E-06 001.0 115.4 -39.4 0.001408 0.002782 0.000314 hargrave 2020-02-06 11:23:26 
ARM    128.2  14.3 128.2  14.3 1.43E-06 001.0 124.7 -35.8 0.001644 0.003198 0.000381 hargrave 2020-02-06 11:24:25 
ARM    125.0  21.0 125.0  21.0 1.53E-06 000.9 128.9 -29.3 0.001933 0.003623 0.000243 hargrave 2020-02-06 11:25:24 
ARM    123.2  26.5 123.2  26.5 1.72E-06 000.9 132.5 -24.6 0.002058 0.004324 0.000306 hargrave 2020-02-06 11:26:23 
ARM    123.3  30.1 123.3  30.1 1.91E-06 000.9 135.6 -22.3 0.002545 0.004691 0.000484 hargrave 2020-02-06 11:27:22 
ARM    128.2  29.9 128.2  29.9 2.12E-06 000.9 138.6 -25.6 0.002761 0.005074 0.000436 hargrave 2020-02-06 11:28:21 
ARM    125.6  34.1 125.6  34.1 2.20E-06 000.9 140.3 -21.1 0.002448 0.005212 0.000763 hargrave 2020-02-06 11:29:20 
ARM    125.5  36.8 125.5  36.8 2.33E-06 000.9 142.3 -19.2 0.003426 0.005816 0.000844 hargrave 2020-02-06 11:30:19 
ARM    123.6  39.5 123.6  39.5 2.43E-06 000.9 143.2 -16.3 0.003712 0.005926 0.001187 hargrave 2020-02-06 11:31:18 
ARM    124.3  37.7 124.3  37.7 2.58E-06 000.9 142.2 -17.9 0.003741 0.006116 0.001079 hargrave 2020-02-06 11:32:17 
ARM    125.7  38.8 125.7  38.8 2.72E-06 000.9 143.9 -17.9 0.003894 0.006577 0.001177 hargrave 2020-02-06 11:33:16 
ARM    125.1  39.2 125.1  39.2 2.85E-06 000.9 143.9 -17.4 0.004185 0.006762 0.001266 hargrave 2020-02-06 11:34:15 
AFz 10 125.1  39.3 125.1  39.3 2.85E-06 000.9 143.9 -17.2 0.003605 0.006828 0.001375 hargrave 2020-02-06 11:35:11 
AFz 20 125.1  39.3 125.1  39.3 2.85E-06 000.9 143.9 -17.2 0.003669 0.006818 0.001400 hargrave 2020-02-06 11:36:07 
AFz 30 125.1  39.3 125.1  39.3 2.85E-06 000.9 143.9 -17.3 0.003612 0.006869 0.001312 hargrave 2020-02-06 11:37:03 
AFz 40 125.0  39.4 125.0  39.4 2.85E-06 000.9 143.9 -17.1 0.003634 0.006835 0.001431 hargrave 2020-02-06 11:37:59 
AFz 50 125.1  39.3 125.1  39.3 2.85E-06 000.9 143.9 -17.2 0.003632 0.006892 0.001366 hargrave 2020-02-06 11:38:55 
AFz 60 124.9  39.3 124.9  39.3 2.85E-06 000.9 143.9 -17.1 0.004124 0.006770 0.001339 hargrave 2020-02-06 11:39:51 
AFz 70 124.8  39.4 124.8  39.4 2.84E-06 000.9 143.9 -17.0 0.004290 0.006829 0.001344 hargrave 2020-02-06 11:40:47 
AFz 80 124.7  39.6 124.7  39.6 2.84E-06 000.9 143.9 -16.9 0.003670 0.006824 0.001372 hargrave 2020-02-06 11:41:43 
AFz 90 124.8  39.6 124.8  39.6 2.84E-06 000.9 144.0 -16.9 0.003647 0.006758 0.001332 hargrave 2020-02-06 11:42:39 
AFz100 124.9  39.5 124.9  39.5 2.84E-06 000.9 143.9 -17.0 0.004326 0.006793 0.001324 hargrave 2020-02-06 11:43:35 
AFz120 124.9  39.4 124.9  39.4 2.85E-06 000.9 143.9 -17.1 0.004132 0.006781 0.001373 hargrave 2020-02-06 11:44:31 
AFz140 124.8  39.4 124.8  39.4 2.85E-06 000.9 143.9 -17.0 0.003635 0.006807 0.001341 hargrave 2020-02-06 11:45:27 
AFz160 125.1  39.2 125.1  39.2 2.84E-06 000.9 143.9 -17.3 0.003617 0.006782 0.001375 hargrave 2020-02-06 11:46:23 
AFz180 125.0  39.0 125.0  39.0 2.86E-06 000.9 143.7 -17.4 0.003659 0.006835 0.001294 hargrave 2020-02-06 11:47:19 
AFz200 125.0  39.1 125.0  39.1 2.84E-06 000.9 143.8 -17.3 0.003617 0.006772 0.001350 hargrave 2020-02-06 11:48:15 
AFz250 123.7  40.0 123.7  40.0 2.82E-06 000.9 143.7 -16.0 0.004199 0.006762 0.001362 hargrave 2020-02-06 11:49:11 
AFz300 124.9  39.1 124.9  39.1 2.83E-06 000.9 143.7 -17.3 0.004349 0.006485 0.001364 hargrave 2020-02-06 11:50:07 
AFz350 124.6  39.2 124.6  39.2 2.83E-06 000.9 143.5 -17.0 0.003603 0.006778 0.001323 hargrave 2020-02-06 11:51:03 
AFz400 125.6  38.9 125.6  38.9 2.83E-06 000.9 143.9 -17.8 0.004146 0.006742 0.001240 hargrave 2020-02-06 11:51:59 
AFz450 125.0  39.0 125.0  39.0 2.87E-06 000.9 143.6 -17.4 0.003671 0.006962 0.001279 hargrave 2020-02-06 11:52:55 
AFz500 125.7  38.6 125.7  38.6 2.88E-06 000.9 143.7 -18.1 0.004122 0.006921 0.001308 hargrave 2020-02-06 11:53:51 
AFz550 126.1  39.4 126.1  39.4 2.86E-06 000.9 144.6 -17.7 0.003818 0.006909 0.001337 hargrave 2020-02-06 11:54:47 
AFz600 126.3  38.9 126.3  38.9 2.88E-06 000.9 144.3 -18.2 0.003630 0.006779 0.001326 hargrave 2020-02-06 11:55:43 
AFz650 125.8  39.2 125.8  39.2 2.90E-06 001.0 144.2 -17.7 0.003680 0.006951 0.001306 hargrave 2020-02-06 11:56:39 
AFz700 125.8  39.2 125.8  39.2 2.91E-06 000.9 144.3 -17.7 0.003700 0.006916 0.001329 hargrave 2020-02-06 11:57:35 
AFz750 125.7  40.9 125.7  40.9 2.88E-06 000.9 145.4 -16.5 0.003924 0.006953 0.001413 hargrave 2020-02-06 11:58:31 
AFz800 126.2  40.1 126.2  40.1 2.93E-06 000.9 145.2 -17.3 0.003912 0.006985 0.001365 hargrave 2020-02-06 11:59:27 
AFz850 124.4  40.8 124.4  40.8 2.86E-06 000.9 144.7 -15.8 0.003694 0.006845 0.001374 hargrave 2020-02-06 12:00:23 
AFz900 124.0  41.3 124.0  41.3 2.88E-06 000.9 144.8 -15.2 0.003849 0.007091 0.001497 hargrave 2020-02-06 12:01:18 
AFz950 123.4  42.2 123.4  42.2 2.93E-06 000.9 145.2 -14.4 0.003916 0.007194 0.001557 hargrave 2020-02-06 12:02:14 
AFz000 123.3  42.1 123.3  42.1 2.95E-06 000.9 145.1 -14.3 0.004350 0.007226 0.001447 hargrave 2020-02-06 12:03:10 
AFz050 122.1  41.3 122.1  41.3 2.92E-06 000.9 143.9 -14.2 0.003753 0.006868 0.001375 hargrave 2020-02-06 12:04:06 
AFz100 122.7  42.3 122.7  42.3 2.94E-06 000.9 144.9 -13.9 0.003949 0.007257 0.001446 hargrave 2020-02-06 12:05:02 
AFz150 123.2  41.2 123.2  41.2 2.96E-06 000.9 144.3 -14.9 0.004508 0.007172 0.001497 hargrave 2020-02-06 12:05:58 
AFz200 124.3  40.8 124.3  40.8 2.97E-06 000.9 144.6 -15.7 0.003956 0.007204 0.001551 hargrave 2020-02-06 12:06:54 
AFz250 125.5  40.6 125.5  40.6 2.94E-06 000.9 145.1 -16.6 0.004638 0.007117 0.001470 hargrave 2020-02-06 12:07:50 
AFz300 124.6  39.3 124.6  39.3 2.94E-06 000.9 143.6 -16.9 0.004369 0.006949 0.001359 hargrave 2020-02-06 12:08:46 
AFz500 124.6  39.3 124.6  39.3 2.93E-06 000.9 143.7 -17.0 0.003696 0.006877 0.001369 hargrave 2020-02-06 12:09:42 
ARM    123.6  40.7 123.6  40.7 2.93E-06 000.9 144.2 -15.5 0.004137 0.007122 0.001424 hargrave 2020-02-06 12:10:41 
ARM    125.3  39.5 125.3  39.5 2.93E-06 000.9 144.2 -17.2 0.003734 0.006981 0.001265 hargrave 2020-02-06 12:11:40 
ARM    126.2  37.8 126.2  37.8 2.94E-06 000.9 143.4 -18.9 0.004101 0.006792 0.001258 hargrave 2020-02-06 12:12:39 
ARM    142.5  20.4 142.5  20.4 3.71E-06 001.0 142.5 -41.3 0.004534 0.006558 0.001226 hargrave 2020-02-06 12:13:39 
ARM    157.7 -01.5 157.7 -01.5 7.36E-06 000.7 140.2 -67.8 0.006309 0.006560 0.004267 hargrave 2020-02-06 12:14:38 
ARM  1 162.5 -08.8 162.5 -08.8 1.19E-05 000.6 137.6 -76.4 0.008647 0.007643 0.008040 hargrave 2020-02-06 12:15:37 
ARM  1 164.5 -12.0 164.5 -12.0 1.63E-05 000.5 134.5 -80.2 0.010880 0.009043 0.011498 hargrave 2020-02-06 12:16:36 
ARM  1 165.9 -13.9 165.9 -13.9 2.11E-05 000.5 132.1 -82.5 0.014116 0.011301 0.015323 hargrave 2020-02-06 12:17:35 
ARM  1 166.8 -15.1 166.8 -15.1 2.60E-05 000.5 128.5 -83.9 0.016416 0.013452 0.019062 hargrave 2020-02-06 12:18:34 
ARM  1 167.3 -15.9 167.3 -15.9 3.05E-05 000.4 125.6 -84.8 0.019047 0.015750 0.022577 hargrave 2020-02-06 12:19:33 
ARM  1 168.2 -17.1 168.2 -17.1 4.21E-05 000.4 118.6 -86.1 0.026069 0.021757 0.031937 hargrave 2020-02-06 12:20:32 
ARM  2 168.7 -17.8 168.7 -17.8 5.37E-05 000.5 111.5 -86.9 0.032836 0.028659 0.041279 hargrave 2020-02-06 12:21:31 
ARM  2 169.0 -18.2 169.0 -18.2 6.52E-05 000.4 106.0 -87.3 0.039216 0.034914 0.049856 hargrave 2020-02-06 12:22:30 
ARM  2 169.2 -18.6 169.2 -18.6 7.68E-05 000.4 099.5 -87.6 0.045389 0.041280 0.059271 hargrave 2020-02-06 12:23:29 
ARM  2 169.5 -19.0 169.5 -19.0 9.89E-05 000.5 089.7 -87.9 0.058289 0.054155 0.077005 hargrave 2020-02-06 12:24:28 
ARM  3 169.7 -19.2 169.7 -19.2 1.21E-04 000.5 082.6 -88.1 0.071703 0.067313 0.093856 hargrave 2020-02-06 12:25:28 
ARM  4 169.8 -19.4 169.8 -19.4 1.42E-04 000.5 076.4 -88.2 0.083239 0.079262 0.112406 hargrave 2020-02-06 12:26:27 
ARM  4 169.9 -19.6 169.9 -19.6 1.63E-04 000.4 071.0 -88.2 0.090130 0.089163 0.128838 hargrave 2020-02-06 12:27:26 
ARM  4 170.0 -19.7 170.0 -19.7 1.84E-04 000.4 067.0 -88.3 0.101801 0.099367 0.146204 hargrave 2020-02-06 12:28:25 
ARM  5 170.1 -19.7 170.1 -19.7 2.04E-04 000.4 064.2 -88.3 0.112131 0.109028 0.163119 hargrave 2020-02-06 12:29:24 
