BD1- 12b mag compass orientation (IGRF corrected)
      0 314.2  56.0   0.0   0.0   1.0
NRM    295.9  39.4 295.9  39.4 1.84E-03 000.5 118.0  33.8 1.027153 0.459823 1.304755 hargrave 2019-12-18 17:12:11 
100.00 296.0  37.8 296.0  37.8 1.83E-03 000.5 116.2  33.2 1.525930 0.502956 1.268546 hargrave 2019-12-19 10:28:28 
100.10 296.2  35.0 296.2  35.0 1.61E-03 000.4 113.2  32.1 0.895203 0.411141 1.171471 hargrave 2019-12-19 15:49:13 
200.10 297.1  35.2 297.1  35.2 1.44E-03 000.5 113.8  31.4 1.281520 0.349963 1.022730 hargrave 2019-12-20 10:33:48 
200.00 297.3  36.3 297.3  36.3 1.43E-03 000.6 115.1  31.7 1.719499 0.596228 1.009696 hargrave 2019-12-20 13:40:43 
300.00 299.1  41.1 299.1  41.1 1.39E-03 000.6 120.8  32.0 1.823784 0.768455 0.980878 hargrave 2019-12-20 17:34:49 
100.20 296.7  34.0 296.7  34.0 1.32E-03 000.6 112.3  31.3 1.610373 0.639600 0.999083 hargrave 2019-12-21 12:07:51 
300.10 299.5  37.0 299.5  37.0 1.28E-03 000.6 116.5  30.3 1.936380 1.122126 0.966973 hargrave 2019-12-21 15:24:32 
400.10 297.8  35.9 297.8  35.9 1.13E-03 000.5 114.8  31.2 1.345416 0.898641 0.784371 hargrave 2019-12-22 12:37:18 
400.00 297.0  38.7 297.0  38.7 1.10E-03 000.5 117.6  32.7 1.349099 0.761946 0.740878 hargrave 2019-12-22 15:13:48 
425.00 296.5  38.5 296.5  38.5 1.04E-03 000.4 117.2  33.0 1.092155 0.977814 0.716697 hargrave 2019-12-23 11:09:02 
300.20 297.2  35.2 297.2  35.2 1.09E-03 000.3 113.7  31.3 0.936699 0.932975 0.777287 hargrave 2019-12-23 14:15:57 
425.10 300.9  37.8 300.9  37.8 1.05E-03 000.3 117.9  29.6 0.842454 1.088843 0.777344 hargrave 2019-12-24 02:08:51 
450.10 299.8  32.8 299.8  32.8 1.00E-03 000.3 112.2  28.5 0.677971 1.029549 0.807237 hargrave 2019-12-24 12:08:32 
450.00 297.4  36.0 297.4  36.0 9.21E-04 000.3 114.7  31.5 0.766133 1.024598 0.696241 hargrave 2019-12-25 12:46:59 
475.00 295.0  38.9 295.0  38.9 7.17E-04 000.2 117.2  34.2 0.414960 0.733466 0.519625 hargrave 2019-12-25 16:24:40 
425.20 298.9  35.2 298.9  35.2 9.39E-04 000.2 114.3  30.1 0.628084 1.150340 0.734078 hargrave 2019-12-26 11:16:02 
475.10 303.1  34.7 303.1  34.7 8.49E-04 000.2 115.4  26.7 0.428553 0.999548 0.749948 hargrave 2019-12-26 15:13:45 
500.10 311.5  30.7 311.5  30.7 7.14E-04 000.5 115.0  18.7 0.123262 0.716463 0.666478 hargrave 2019-12-27 12:48:03 
500.00 258.3 -71.4 258.3 -71.4 4.05E-05 006.0 010.9 -18.1 0.281952 0.392987 0.034783 hargrave 2019-12-27 16:43:54 
520.00 106.2 -48.6 106.2 -48.6 3.10E-04 000.7 307.5 -42.6 0.295296 0.635652 0.188777 hargrave 2019-12-28 16:21:19 
475.20 334.0  09.4 334.0  09.4 3.92E-04 000.6 109.1 -10.7 0.067485 0.308390 0.333315 hargrave 2019-12-29 14:57:09 
520.10 029.0 -28.0 029.0 -28.0 1.03E-03 000.4 110.6 -75.7 0.406998 0.556568 0.374515 hargrave 2019-12-30 11:21:03 
530.10 034.8 -30.9 034.8 -30.9 1.33E-03 000.4 109.1 -81.5 0.610442 0.641230 0.260994 hargrave 2019-12-30 15:15:20 
530.00 096.6 -51.4 096.6 -51.4 1.42E-04 000.7 311.3 -48.8 0.099030 0.188669 0.037636 hargrave 2019-12-30 21:25:48 
540.00 006.2 -29.4 006.2 -29.4 4.33E-05 001.0 087.6 -57.5 0.065648 0.022876 0.052961 hargrave 2020-01-01 10:31:59 
520.20 040.3 -33.0 040.3 -33.0 1.96E-03 000.4 105.2 -86.6 0.931143 0.930668 0.088232 hargrave 2020-01-01 14:02:07 
540.10 042.5 -33.5 042.5 -33.5 2.59E-03 000.5 107.4 -88.5 1.229723 2.127717 0.123987 hargrave 2020-01-01 17:57:50 
550.10 042.7 -33.9 042.7 -33.9 3.12E-03 000.3 095.0 -88.8 1.344363 1.346859 0.288024 hargrave 2020-01-02 13:29:11 
550.00 337.1  14.1 337.1  14.1 6.50E-05 000.5 114.8 -10.2 0.019790 0.071592 0.043075 hargrave 2020-01-02 17:54:28 
553.00 339.8  19.1 339.8  19.1 7.70E-05 000.6 120.4 -09.0 0.043957 0.082502 0.062447 hargrave 2020-01-03 11:29:07 
540.20 045.0 -34.6 045.0 -34.6 3.71E-03 000.4 311.0 -89.1 1.760525 1.622566 0.572974 hargrave 2020-01-03 15:00:36 
553.10 048.2 -30.4 048.2 -30.4 4.03E-03 000.4 355.1 -89.6 1.974249 1.797589 1.025551 hargrave 2020-01-14 15:55:54 
556.10 047.3 -29.9 047.3 -29.9 4.19E-03 000.4 096.4 -89.2 1.891009 1.973246 0.647760 hargrave 2020-01-18 14:51:14 
556.00 010.2  13.3 010.2  13.3 8.34E-05 001.0 134.2 -33.3 0.084642 0.112458 0.051572 hargrave 2020-01-19 11:13:54 
559.00 348.2  25.0 348.2  25.0 7.55E-05 000.8 127.1 -10.4 0.050351 0.095641 0.057417 hargrave 2020-01-19 14:38:45 
553.20 046.9 -29.8 046.9 -29.8 4.42E-03 000.4 098.3 -88.9 1.979744 2.067666 0.634473 hargrave 2020-01-20 11:14:35 
