BD1- 14b mag compass orientation (IGRF corrected)
      0 318.2  60.0   0.0   0.0   1.0
NRM    293.7  36.4 293.7  36.4 1.63E-02 000.7 115.3  35.8 7.534323 12.88822 14.78333 hargrave 2019-12-18 16:21:50 
100.00 295.7  42.0 295.7  42.0 1.61E-02 000.6 122.5  35.5 7.664761 11.81565 12.13107 hargrave 2019-12-19 09:47:26 
100.10 294.9  35.0 294.9  35.0 1.59E-02 000.7 114.0  34.6 7.125929 11.87435 12.55744 hargrave 2019-12-19 14:36:18 
200.10 297.4  40.2 297.4  40.2 1.52E-02 000.6 120.7  33.9 9.227422 10.37034 10.13197 hargrave 2019-12-20 09:50:19 
200.00 294.8  36.7 294.8  36.7 1.54E-02 000.6 116.0  35.1 8.487381 10.40852 10.81142 hargrave 2019-12-20 12:58:59 
300.00 295.3  40.6 295.3  40.6 1.51E-02 000.6 120.7  35.5 10.67078 8.432521 9.706548 hargrave 2019-12-20 16:51:47 
100.20 295.5  37.5 295.5  37.5 1.49E-02 000.7 117.1  34.7 10.57786 10.31777 10.33668 hargrave 2019-12-21 11:23:25 
300.10 297.9  40.0 297.9  40.0 1.46E-02 000.5 120.5  33.5 8.816530 3.847706 9.613786 hargrave 2019-12-21 14:39:36 
400.10 299.4  36.9 299.4  36.9 1.37E-02 000.6 117.4  31.5 9.317325 8.714899 9.044269 hargrave 2019-12-22 11:55:40 
400.00 295.9  36.3 295.9  36.3 1.40E-02 000.6 115.8  34.1 9.458685 8.407424 9.241909 hargrave 2019-12-22 14:33:42 
425.00 294.7  36.2 294.7  36.2 1.40E-02 000.6 115.3  35.0 10.57565 7.980328 8.967510 hargrave 2019-12-23 10:30:43 
300.20 297.2  34.5 297.2  34.5 1.35E-02 000.6 114.0  32.6 9.407138 5.148152 8.536005 hargrave 2019-12-23 13:34:16 
425.10 298.7  36.3 298.7  36.3 1.33E-02 000.5 116.4  32.0 7.656748 3.538010 8.872748 hargrave 2019-12-24 01:25:09 
450.10 300.7  32.7 300.7  32.7 1.26E-02 000.5 113.1  29.3 8.466213 2.204947 8.594000 hargrave 2019-12-24 11:25:28 
450.00 297.3  38.0 297.3  38.0 1.30E-02 000.5 118.1  33.4 8.231296 3.720168 7.927373 hargrave 2019-12-25 12:07:57 
475.00 294.0  36.0 294.0  36.0 1.24E-02 000.4 114.9  35.5 6.737395 2.608058 7.193924 hargrave 2019-12-25 15:42:54 
425.20 299.5  33.3 299.5  33.3 1.15E-02 000.5 113.3  30.4 6.520626 3.131219 7.747688 hargrave 2019-12-26 10:33:39 
475.10 312.2  34.6 312.2  34.6 1.03E-02 000.5 118.8  21.0 5.447404 2.176190 8.103996 hargrave 2019-12-26 14:30:36 
500.10 337.0  16.6 337.0  16.6 7.86E-03 000.5 113.9 -07.1 2.196329 2.102588 6.976554 hargrave 2019-12-27 12:04:52 
500.00 299.4  36.6 299.4  36.6 8.51E-03 000.4 117.0  31.5 3.565122 1.772972 6.251125 hargrave 2019-12-27 16:02:10 
520.00 294.9  33.6 294.9  33.6 5.68E-03 000.4 112.3  34.2 1.798163 1.039854 3.855518 hargrave 2019-12-28 15:41:15 
475.20 350.9  07.2 350.9  07.2 4.88E-03 000.5 114.3 -23.7 1.657838 1.583497 3.745092 hargrave 2019-12-29 14:14:37 
520.10 035.1 -21.4 035.1 -21.4 1.21E-02 000.4 123.0 -75.4 5.126427 5.388181 2.439220 hargrave 2019-12-30 10:37:03 
530.10 037.9 -23.6 037.9 -23.6 1.41E-02 000.4 122.3 -78.8 6.462397 6.325770 2.509754 hargrave 2019-12-30 14:30:17 
530.00 314.7  31.2 314.7  31.2 2.86E-03 000.6 116.3  17.7 1.605829 0.457942 2.543053 hargrave 2019-12-30 20:45:40 
540.00 299.7  37.8 299.7  37.8 2.17E-03 000.6 118.5  31.6 0.815333 0.867841 1.776862 hargrave 2020-01-01 09:51:16 
520.20 044.2 -27.3 044.2 -27.3 1.59E-02 000.4 127.1 -85.6 7.699590 6.934794 2.355565 hargrave 2020-01-01 13:18:47 
540.10 045.3 -28.3 045.3 -28.3 1.85E-02 000.4 122.9 -86.9 8.985101 8.397685 4.018112 hargrave 2020-01-01 17:14:20 
550.10 045.6 -29.3 045.6 -29.3 1.94E-02 000.3 106.7 -87.6 8.444704 8.101347 3.524125 hargrave 2020-01-02 12:44:44 
550.00 322.8  38.8 322.8  38.8 9.48E-04 000.6 126.4  15.0 0.158304 0.387145 0.849921 hargrave 2020-01-02 17:15:41 
553.00 310.9  41.5 310.9  41.5 9.61E-04 000.6 125.3  24.4 0.212669 0.489996 0.789727 hargrave 2020-01-03 10:50:34 
540.20 046.7 -29.8 046.7 -29.8 1.80E-02 000.4 099.5 -88.7 7.766622 7.881599 3.662339 hargrave 2020-01-03 14:18:08 
553.10 047.7 -30.9 047.7 -30.9 1.86E-02 000.4 024.6 -89.0 8.176858 7.943773 4.439010 hargrave 2020-01-14 15:12:08 
556.10 045.9 -27.8 045.9 -27.8 2.85E-02 000.3 136.6 -87.0 11.42651 11.81294 3.547969 hargrave 2020-01-18 14:07:30 
556.00 334.6  24.7 334.6  24.7 9.96E-04 000.5 119.3 -00.7 0.252318 0.442689 0.871221 hargrave 2020-01-19 10:34:47 
559.00 315.9  38.4 315.9  38.4 1.05E-03 000.6 123.8  19.7 0.295574 0.461061 0.914688 hargrave 2020-01-19 13:59:44 
553.20 045.5 -28.7 045.5 -28.7 2.84E-02 000.3 118.5 -87.3 11.55019 11.79561 3.791841 hargrave 2020-01-20 10:31:00 
