BD1- 6b mag compass orientation (IGRF corrected)
      0   0.2  78.0   0.0   0.0   1.0
NRM    294.0  44.4 294.0  44.4 7.58E-03 000.6 152.3  51.7 3.431977 4.769053 4.945638 hargrave 2019-12-18 17:03:36 
100.00 295.0  43.3 295.0  43.3 7.55E-03 000.5 150.3  52.1 2.568561 4.384951 4.092119 hargrave 2019-12-19 10:23:48 
100.10 294.9  43.9 294.9  43.9 7.09E-03 000.4 151.0  51.7 2.347035 3.339855 3.400836 hargrave 2019-12-19 17:00:47 
200.10 298.6  47.7 298.6  47.7 6.22E-03 000.4 152.0  47.1 1.999609 3.048360 3.222506 hargrave 2019-12-20 10:26:44 
200.00 295.9  45.3 295.9  45.3 6.53E-03 000.4 151.6  50.1 2.920271 2.823424 3.023333 hargrave 2019-12-20 13:36:07 
300.00 292.2  45.1 292.2  45.1 6.34E-03 000.4 154.5  52.0 2.800689 2.452276 2.688266 hargrave 2019-12-20 17:29:11 
100.20 291.6  45.6 291.6  45.6 6.36E-03 000.4 155.7  51.8 2.798547 2.353201 2.786278 hargrave 2019-12-21 12:01:33 
300.10 303.3  53.1 303.3  53.1 5.03E-03 000.4 154.1  41.2 2.257132 1.458774 2.871817 hargrave 2019-12-21 15:18:32 
400.10 356.3  63.7 356.3  63.7 3.76E-03 000.5 153.1  12.5 1.369412 1.246649 2.890069 hargrave 2019-12-22 12:31:08 
400.00 298.6  47.3 298.6  47.3 4.73E-03 000.4 151.6  47.4 2.150356 1.680368 2.277751 hargrave 2019-12-22 15:09:12 
425.00 293.7  42.9 293.7  42.9 4.37E-03 000.4 151.0  53.0 2.037498 2.037865 1.813817 hargrave 2019-12-23 11:04:27 
300.20 307.3  48.6 307.3  48.6 6.67E-03 000.4 147.4  42.2 2.957429 2.909865 3.587542 hargrave 2019-12-23 14:09:45 
425.10 318.0  51.6 318.0  51.6 6.10E-03 000.4 145.9  34.8 2.463425 2.362497 3.826505 hargrave 2019-12-24 02:01:55 
450.10 328.5  57.5 328.5  57.5 4.42E-03 000.5 149.1  26.8 1.579301 1.813862 3.213074 hargrave 2019-12-24 12:02:23 
450.00 304.0  47.6 304.0  47.6 3.12E-03 000.4 148.3  44.5 1.252674 1.149340 1.744236 hargrave 2019-12-25 12:42:22 
475.00 298.8  44.6 298.8  44.6 2.15E-03 000.4 148.5  49.2 0.992050 0.804259 1.159195 hargrave 2019-12-25 16:20:03 
425.20 331.7  59.6 331.7  59.6 2.15E-03 000.6 150.8  24.5 0.844571 1.203592 1.683025 hargrave 2019-12-26 11:09:53 
475.10 060.8  29.4 060.8  29.4 2.04E-03 000.5 146.1 -39.8 0.279891 1.194790 1.486798 hargrave 2019-12-26 15:07:35 
500.10 081.5  00.5 081.5  00.5 4.01E-03 000.4 144.6 -74.8 1.090299 2.003835 1.564541 hargrave 2019-12-27 12:41:54 
500.00 026.4  50.7 026.4  50.7 4.75E-04 000.5 145.1 -06.5 0.181675 0.233024 0.376296 hargrave 2019-12-27 16:39:17 
520.00 031.1  46.4 031.1  46.4 3.30E-04 000.5 142.9 -11.3 0.099464 0.171278 0.265620 hargrave 2019-12-28 16:16:43 
475.20 084.8 -10.3 084.8 -10.3 4.94E-03 000.4 107.2 -84.5 2.152915 2.531183 1.764245 hargrave 2019-12-29 14:50:58 
520.10 087.4 -13.1 087.4 -13.1 8.85E-03 000.4 067.0 -87.1 3.920458 3.994881 2.843700 hargrave 2019-12-30 11:14:53 
530.10 086.8 -15.1 086.8 -15.1 1.04E-02 000.4 046.9 -85.4 5.632417 5.342628 5.500735 hargrave 2019-12-30 15:08:18 
530.00 079.4 -04.1 079.4 -04.1 6.63E-04 000.4 125.6 -76.7 0.294822 0.344008 0.187786 hargrave 2019-12-30 21:21:13 
540.00 081.3  14.0 081.3  14.0 2.88E-04 000.4 161.1 -62.5 0.125735 0.153319 0.030703 hargrave 2020-01-01 10:26:36 
520.20 087.5 -13.4 087.5 -13.4 1.26E-02 000.4 061.8 -87.0 6.700897 6.527351 3.587909 hargrave 2020-01-01 13:55:57 
540.10 085.6 -17.6 085.6 -17.6 1.58E-02 000.4 037.8 -82.9 8.641611 8.142572 4.788764 hargrave 2020-01-01 17:51:39 
550.10 088.1 -15.2 088.1 -15.2 1.85E-02 000.4 032.4 -86.2 9.009202 9.157018 4.032234 hargrave 2020-01-02 13:22:09 
550.00 081.0 -08.9 081.0 -08.9 3.35E-04 000.3 108.1 -80.4 0.103538 0.165774 0.027877 hargrave 2020-01-02 17:48:56 
553.00 079.3  03.3 079.3  03.3 1.60E-04 000.5 144.0 -71.2 0.062482 0.119226 0.015384 hargrave 2020-01-03 11:24:30 
540.20 087.6 -15.0 087.6 -15.0 1.92E-02 000.4 039.2 -86.1 9.234045 9.792772 2.461608 hargrave 2020-01-03 14:54:25 
553.10 136.7 -39.9 136.7 -39.9 2.01E-02 000.3 347.1 -85.0 8.055843 9.028022 3.095002 hargrave 2020-01-14 15:45:32 
556.10 129.6 -37.3 129.6 -37.3 1.99E-02 000.4 061.1 -84.9 9.143038 8.259046 5.542129 hargrave 2020-01-18 14:40:49 
556.00 129.5 -28.4 129.5 -28.4 2.02E-04 000.3 142.1 -81.8 0.070455 0.098547 0.033845 hargrave 2020-01-19 11:06:09 
559.00 138.7 -20.9 138.7 -20.9 1.08E-04 000.5 193.4 -75.6 0.087783 0.059704 0.027238 hargrave 2020-01-19 14:31:01 
553.20 131.2 -38.9 131.2 -38.9 1.90E-02 000.4 038.7 -85.0 8.826612 8.024734 5.098803 hargrave 2020-01-20 11:04:13 
