BD1- 13b mag compass orientation (IGRF corrected)
      0 318.2  60.0   0.0   0.0   1.0
NRM    292.2  43.0 292.2  43.0 6.24E-03 000.5 123.2  38.2 1.620097 2.926250 4.639467 hargrave 2019-12-18 17:15:02 
100.00 292.6  43.0 292.6  43.0 6.26E-03 000.4 123.3  37.9 1.494125 2.410528 4.263917 hargrave 2019-12-19 10:30:49 
100.10 293.0  42.5 293.0  42.5 5.74E-03 000.5 122.7  37.6 1.161648 2.471996 4.036060 hargrave 2019-12-19 15:51:16 
200.10 293.9  45.1 293.9  45.1 5.28E-03 000.4 126.0  37.3 1.902685 1.685523 3.303783 hargrave 2019-12-20 10:36:42 
200.00 293.0  40.6 293.0  40.6 5.27E-03 000.5 120.3  37.3 2.587089 1.483118 3.687190 hargrave 2019-12-20 13:42:15 
300.00 293.5  42.3 293.5  42.3 5.24E-03 000.4 122.5  37.1 2.446386 1.107922 3.240844 hargrave 2019-12-20 17:37:14 
100.20 293.2  40.3 293.2  40.3 4.94E-03 000.4 119.9  37.0 2.566982 1.046434 3.130721 hargrave 2019-12-21 12:09:55 
300.10 295.2  44.8 295.2  44.8 4.82E-03 000.4 125.8  36.3 1.923658 1.504815 3.197058 hargrave 2019-12-21 15:26:35 
400.10 295.9  39.5 295.9  39.5 4.52E-03 000.4 119.6  34.9 1.990365 0.747450 2.751203 hargrave 2019-12-22 12:39:21 
400.00 295.2  40.9 295.2  40.9 4.42E-03 000.4 121.1  35.7 2.288995 0.883835 2.605736 hargrave 2019-12-22 15:15:21 
425.00 294.4  40.3 294.4  40.3 4.46E-03 000.4 120.3  36.2 2.231682 1.204204 2.615140 hargrave 2019-12-23 11:10:34 
300.20 294.3  35.1 294.3  35.1 4.40E-03 000.4 113.9  35.1 1.904210 0.616186 2.655879 hargrave 2019-12-23 14:18:49 
425.10 295.4  38.7 295.4  38.7 4.29E-03 000.4 118.5  35.0 1.729514 0.592878 2.559018 hargrave 2019-12-24 02:10:54 
450.10 296.0  38.7 296.0  38.7 4.14E-03 000.4 118.6  34.6 1.669109 0.634629 2.566363 hargrave 2019-12-24 12:10:34 
450.00 295.3  40.2 295.3  40.2 3.97E-03 000.4 120.3  35.4 1.712277 0.849263 2.255446 hargrave 2019-12-25 12:48:31 
475.00 295.0  41.1 295.0  41.1 3.81E-03 000.4 121.3  35.8 1.665004 0.813758 2.243087 hargrave 2019-12-25 16:26:12 
425.20 296.1  38.0 296.1  38.0 4.04E-03 000.4 117.9  34.4 1.751240 0.352685 2.637584 hargrave 2019-12-26 11:18:05 
475.10 297.1  42.5 297.1  42.5 3.95E-03 000.4 123.3  34.6 1.701405 0.459557 2.605158 hargrave 2019-12-26 15:16:38 
500.10 299.2  38.1 299.2  38.1 3.73E-03 000.5 118.6  32.0 1.295761 0.922962 2.682096 hargrave 2019-12-27 12:50:08 
500.00 294.9  38.9 294.9  38.9 2.82E-03 000.4 118.6  35.5 1.007219 0.580142 1.745859 hargrave 2019-12-27 16:45:26 
520.00 294.4  42.2 294.4  42.2 2.09E-03 000.4 122.6  36.5 0.918285 0.409753 1.291281 hargrave 2019-12-28 16:22:51 
475.20 299.7  41.7 299.7  41.7 3.00E-03 000.5 122.8  32.5 0.915483 1.446808 2.179675 hargrave 2019-12-29 14:59:13 
520.10 325.9  32.2 325.9  32.2 2.28E-03 000.5 121.7  09.7 0.709893 0.998847 1.946549 hargrave 2019-12-30 11:23:07 
530.10 339.8  27.7 339.8  27.7 2.02E-03 000.6 124.5 -02.8 0.846628 1.283723 1.781928 hargrave 2019-12-30 15:17:24 
530.00 296.7  44.5 296.7  44.5 1.44E-03 000.6 125.7  35.3 0.856465 0.407012 1.308882 hargrave 2019-12-30 21:28:13 
540.00 293.3  42.0 293.3  42.0 1.43E-03 000.5 122.1  37.3 0.512263 0.509497 1.162168 hargrave 2020-01-01 10:33:31 
520.20 010.8  01.8 010.8  01.8 2.20E-03 000.4 124.9 -42.2 1.083796 0.933637 1.126461 hargrave 2020-01-01 14:04:10 
540.10 027.1 -13.5 027.1 -13.5 3.50E-03 000.4 125.6 -64.4 1.744399 1.298670 0.813206 hargrave 2020-01-01 17:59:54 
550.10 035.2 -20.2 035.2 -20.2 5.14E-03 000.3 126.8 -74.8 2.079328 1.845327 0.349152 hargrave 2020-01-02 13:31:16 
550.00 302.3  43.0 302.3  43.0 1.32E-03 000.5 124.9  31.0 0.327189 0.609566 1.089434 hargrave 2020-01-02 17:56:01 
553.00 302.1  40.3 302.1  40.3 1.36E-03 000.5 121.8  30.4 0.299499 0.591554 1.052053 hargrave 2020-01-03 11:30:39 
540.20 040.9 -25.6 040.9 -25.6 7.63E-03 000.3 122.4 -82.2 3.042332 3.007602 0.636605 hargrave 2020-01-03 15:02:39 
553.10 139.5 -26.4 139.5 -26.4 2.70E-02 000.3 172.7 -88.4 10.89657 11.84002 5.741309 hargrave 2020-01-14 15:15:05 
556.10 138.5 -27.1 138.5 -27.1 1.82E-02 000.3 129.7 -88.6 7.771696 7.891791 2.786319 hargrave 2020-01-18 14:10:26 
556.00 055.0  37.5 055.0  37.5 3.72E-04 000.5 125.9  12.8 0.059223 0.143679 0.297427 hargrave 2020-01-19 10:37:42 
559.00 028.6  41.8 028.6  41.8 3.98E-04 000.5 123.6  33.3 0.091749 0.147964 0.306430 hargrave 2020-01-19 14:02:39 
553.20 138.6 -25.2 138.6 -25.2 1.73E-02 000.3 159.9 -87.0 7.278463 7.457684 1.980064 hargrave 2020-01-20 10:33:55 
