BD1- 1b sun compass orientation
      0  88.2  25.0   0.0   0.0   1.0
NRM    296.1  45.1 296.1  45.1 2.90E-02 000.4 270.0  51.4 10.84102 9.424357 13.59018 hargrave 2019-12-18 16:11:30 
100.00 295.3  44.9 295.3  44.9 2.85E-02 000.4 269.5  50.9 9.989337 10.10892 12.38258 hargrave 2019-12-19 09:37:52 
100.10 291.9  45.2 291.9  45.2 2.80E-02 000.3 266.2  49.7 7.732045 10.05320 11.72336 hargrave 2019-12-19 14:25:33 
200.10 290.8  40.9 290.8  40.9 2.54E-02 000.4 269.0  45.7 9.300915 10.32861 14.71152 hargrave 2019-12-20 09:40:43 
200.00 293.0  42.9 293.0  42.9 2.64E-02 000.4 269.2  48.3 8.237772 11.14405 14.74477 hargrave 2019-12-20 12:49:30 
300.00 296.7  42.1 296.7  42.1 2.54E-02 000.5 273.3  49.2 10.41266 14.20161 16.80735 hargrave 2019-12-20 16:41:29 
100.20 295.2  41.7 295.2  41.7 2.49E-02 000.5 272.3  48.2 8.789445 12.56283 16.68590 hargrave 2019-12-21 11:12:58 
300.10 287.3  40.5 287.3  40.5 2.31E-02 000.4 266.1  43.9 4.291513 8.262578 13.13036 hargrave 2019-12-21 14:26:52 
400.10 285.1  32.4 285.1  32.4 1.83E-02 000.5 269.8  36.1 6.238138 8.285686 14.39062 hargrave 2019-12-22 11:46:57 
400.00 293.7  40.5 293.7  40.5 2.02E-02 000.5 271.8  46.7 6.193547 10.45064 14.51415 hargrave 2019-12-22 14:23:17 
425.00 292.5  42.6 292.5  42.6 1.81E-02 000.5 269.0  47.9 5.411180 9.118683 12.31912 hargrave 2019-12-23 10:21:16 
300.20 284.3  32.4 284.3  32.4 1.51E-02 000.6 269.0  35.8 5.483474 7.813336 12.31694 hargrave 2019-12-23 13:25:31 
425.10 277.7  17.4 277.7  17.4 1.23E-02 000.6 271.0  19.8 2.268476 6.453987 11.43045 hargrave 2019-12-24 01:14:04 
450.10 258.7 -13.1 258.7 -13.1 9.68E-03 000.6 267.1 -15.9 5.253423 2.008094 8.495517 hargrave 2019-12-24 11:13:24 
450.00 285.6  35.2 285.6  35.2 1.01E-02 000.6 268.4  38.7 1.755448 5.641531 8.621842 hargrave 2019-12-25 11:59:17 
475.00 289.6  40.5 289.6  40.5 7.58E-03 000.6 268.2  44.9 1.230658 4.043761 6.160366 hargrave 2019-12-25 15:34:13 
425.20 242.8 -36.2 242.8 -36.2 7.84E-03 000.4 264.9 -42.9 4.166902 1.237761 4.588304 hargrave 2019-12-26 10:24:08 
475.10 215.2 -58.6 215.2 -58.6 1.61E-02 000.3 267.1 -71.7 7.641098 5.611544 2.718402 hargrave 2019-12-26 14:21:03 
500.10 195.7 -60.7 195.7 -60.7 2.58E-02 000.3 249.5 -80.9 10.24961 10.98358 1.724104 hargrave 2019-12-27 11:54:33 
500.00 273.8  17.8 273.8  17.8 2.05E-03 000.6 267.3  18.5 0.419907 0.821994 1.951106 hargrave 2019-12-27 15:50:45 
520.00 281.4  30.2 281.4  30.2 9.21E-04 000.6 267.7  32.6 0.195939 0.469116 0.845544 hargrave 2019-12-28 15:31:45 
475.20 186.5 -62.8 186.5 -62.8 2.35E-02 000.4 242.6 -85.7 10.46237 11.58755 4.355521 hargrave 2019-12-29 14:05:55 
520.10 181.1 -62.7 181.1 -62.7 3.20E-02 000.3 210.0 -87.3 12.73880 14.39899 4.697865 hargrave 2019-12-30 10:28:23 
530.10 178.9 -63.7 178.9 -63.7 3.18E-02 000.3 194.1 -88.6 13.08850 14.33554 5.165035 hargrave 2019-12-30 14:21:34 
530.00 178.5 -61.9 178.5 -61.9 7.86E-04 000.3 182.9 -86.9 0.233871 0.376658 0.081491 hargrave 2019-12-30 20:36:13 
540.00 170.5 -56.1 170.5 -56.1 4.14E-04 000.4 153.7 -80.3 0.155706 0.206194 0.015813 hargrave 2020-01-01 09:40:27 
520.20 178.2 -64.5 178.2 -64.5 2.89E-02 000.4 179.0 -89.5 13.22900 13.70009 3.660074 hargrave 2020-01-01 13:10:01 
540.10 180.9 -62.5 180.9 -62.5 2.81E-02 000.4 207.3 -87.3 13.05162 13.51270 2.910708 hargrave 2020-01-01 17:05:34 
550.10 178.7 -64.5 178.7 -64.5 2.80E-02 000.4 202.1 -89.5 12.05212 12.39340 2.398287 hargrave 2020-01-02 12:36:03 
550.00 208.9 -52.5 208.9 -52.5 3.13E-04 000.3 245.8 -70.1 0.128737 0.107353 0.108143 hargrave 2020-01-02 17:06:07 
553.00 250.7 -33.5 250.7 -33.5 2.04E-04 000.4 270.4 -37.3 0.045348 0.108551 0.113708 hargrave 2020-01-03 10:40:11 
540.20 179.6 -65.0 179.6 -65.0 2.83E-02 000.4 266.9 -89.4 12.63373 13.03375 2.379402 hargrave 2020-01-03 14:09:26 
553.10 182.7 -63.9 182.7 -63.9 2.89E-02 000.4 243.2 -87.8 12.71825 12.36431 4.816150 hargrave 2020-01-14 15:03:16 
556.10 179.2 -63.6 179.2 -63.6 2.89E-02 000.3 197.3 -88.5 11.83107 12.29277 5.087538 hargrave 2020-01-18 13:58:55 
556.00 237.0 -37.2 237.0 -37.2 2.75E-04 000.4 260.1 -46.3 0.100338 0.105179 0.137804 hargrave 2020-01-19 10:25:23 
559.00 246.2 -14.8 246.2 -14.8 2.18E-04 000.5 256.2 -22.6 0.091541 0.092285 0.141688 hargrave 2020-01-19 13:51:11 
553.20 179.0 -64.5 179.0 -64.5 2.87E-02 000.4 214.7 -89.4 12.45201 12.61169 5.122130 hargrave 2020-01-20 10:22:24 
