BD1- 5b sun compass orientation
      0  45.2  55.0   0.0   0.0   1.0
NRM    291.5  39.8 291.5  39.8 1.08E-02 000.4 248.5  70.7 4.977598 4.378538 1.855165 hargrave 2019-12-18 16:59:49 
100.00 291.5  41.7 291.5  41.7 1.07E-02 000.4 243.0  70.3 3.884556 5.285962 0.843666 hargrave 2019-12-19 10:21:22 
100.10 291.7  42.4 291.7  42.4 1.01E-02 000.4 241.0  70.3 4.358581 4.612998 1.434848 hargrave 2019-12-19 15:38:26 
200.10 288.7  41.6 288.7  41.6 8.97E-03 000.3 244.5  68.3 2.860983 4.255067 1.577514 hargrave 2019-12-20 10:24:35 
200.00 290.5  40.7 290.5  40.7 9.29E-03 000.3 246.2  69.8 2.644076 4.123879 2.024239 hargrave 2019-12-20 13:33:37 
300.00 291.5  40.0 291.5  40.0 8.95E-03 000.3 248.0  70.6 2.364576 3.854445 2.077627 hargrave 2019-12-20 17:26:45 
100.20 291.7  40.7 291.7  40.7 9.13E-03 000.3 245.7  70.7 2.715144 3.721535 2.292134 hargrave 2019-12-21 11:59:24 
300.10 285.7  40.6 285.7  40.6 7.32E-03 000.3 247.7  66.2 1.892919 3.088394 2.853328 hargrave 2019-12-21 15:15:40 
400.10 272.5  40.6 272.5  40.6 5.03E-03 000.3 247.6  56.1 0.868578 1.987474 2.121442 hargrave 2019-12-22 12:28:59 
400.00 291.0  38.5 291.0  38.5 6.01E-03 000.3 252.5  70.3 1.597718 2.513361 1.376410 hargrave 2019-12-22 15:06:46 
425.00 288.9  36.5 288.9  36.5 4.46E-03 000.3 258.2  68.6 1.096415 1.854310 1.686817 hargrave 2019-12-23 11:02:50 
300.20 289.5  39.5 289.5  39.5 8.63E-03 000.3 250.0  69.1 2.424616 3.898491 3.063188 hargrave 2019-12-23 14:07:37 
425.10 283.9  39.7 283.9  39.7 6.53E-03 000.4 250.0  64.8 1.620597 2.854657 2.946478 hargrave 2019-12-24 01:59:47 
450.10 274.3  37.6 274.3  37.6 3.66E-03 000.4 253.2  57.2 0.585880 1.354739 2.070417 hargrave 2019-12-24 11:59:27 
450.00 286.3  39.2 286.3  39.2 2.14E-03 000.3 251.1  66.7 0.435955 0.713626 0.843543 hargrave 2019-12-25 12:40:46 
475.00 286.2  35.6 286.2  35.6 1.28E-03 000.3 260.0  66.4 0.234397 0.505570 0.538623 hargrave 2019-12-25 16:17:36 
425.20 273.2  35.1 273.2  35.1 1.91E-03 000.3 257.4  55.8 0.232380 0.658014 1.014279 hargrave 2019-12-26 11:07:44 
475.10 177.3 -28.2 177.3 -28.2 1.62E-03 000.4 271.1 -53.7 0.789251 0.420613 0.673423 hargrave 2019-12-26 15:05:27 
500.10 146.1 -34.6 146.1 -34.6 4.93E-03 000.3 270.5 -81.1 1.907979 1.765652 0.362905 hargrave 2019-12-27 12:39:46 
500.00 202.7 -22.8 202.7 -22.8 1.66E-04 000.5 277.7 -30.8 0.107003 0.109764 0.079994 hargrave 2019-12-27 16:37:40 
520.00 216.2 -18.8 216.2 -18.8 1.44E-04 000.5 280.8 -17.8 0.082384 0.078252 0.075697 hargrave 2019-12-28 16:15:06 
475.20 138.1 -38.3 138.1 -38.3 7.85E-03 000.4 325.8 -86.0 3.543401 3.322047 1.346622 hargrave 2019-12-29 14:48:50 
520.10 131.8 -36.5 131.8 -36.5 1.31E-02 000.3 060.1 -86.9 5.652481 5.291054 2.730864 hargrave 2019-12-30 11:12:44 
530.10 133.5 -40.0 133.5 -40.0 1.53E-02 000.4 014.8 -84.9 7.342586 6.666020 3.784754 hargrave 2019-12-30 15:06:09 
530.00 151.9 -39.0 151.9 -39.0 3.97E-04 000.5 291.8 -76.1 0.237286 0.223841 0.167113 hargrave 2019-12-30 21:19:32 
540.00 153.3 -32.4 153.3 -32.4 1.81E-04 000.7 265.3 -74.7 0.131477 0.149168 0.090896 hargrave 2020-01-01 10:24:10 
520.20 132.1 -35.6 132.1 -35.6 1.90E-02 000.4 076.5 -87.4 9.539970 8.874412 3.515629 hargrave 2020-01-01 13:53:46 
540.10 133.7 -42.8 133.7 -42.8 2.11E-02 000.4 008.3 -82.1 10.97355 10.90612 5.577812 hargrave 2020-01-01 17:49:29 
550.10 134.6 -38.8 134.6 -38.8 2.28E-02 000.4 006.7 -86.1 10.71293 10.89807 4.507698 hargrave 2020-01-02 13:20:00 
550.00 146.5 -34.7 146.5 -34.7 2.08E-04 000.4 271.5 -80.7 0.122687 0.074468 0.085179 hargrave 2020-01-02 17:47:18 
553.00 141.2 -34.2 141.2 -34.2 9.97E-05 000.7 262.8 -85.0 0.092001 0.091029 0.030783 hargrave 2020-01-03 11:22:53 
540.20 134.2 -38.9 134.2 -38.9 2.32E-02 000.4 011.8 -86.0 10.60104 11.50414 2.756929 hargrave 2020-01-03 14:52:16 
553.10 088.7 -18.0 088.7 -18.0 2.36E-02 000.4 013.7 -83.8 10.16356 10.76318 0.998364 hargrave 2020-01-14 15:47:40 
556.10 086.7 -16.0 086.7 -16.0 2.34E-02 000.4 040.2 -84.8 11.86273 10.20450 7.644016 hargrave 2020-01-18 14:42:59 
556.00 084.2 -07.1 084.2 -07.1 2.11E-04 000.4 129.4 -82.3 0.080735 0.114701 0.052809 hargrave 2020-01-19 11:07:46 
559.00 096.5  00.1 096.5  00.1 1.20E-04 000.5 207.7 -76.4 0.083421 0.057523 0.025704 hargrave 2020-01-19 14:32:37 
553.20 091.0 -17.5 091.0 -17.5 2.26E-02 000.4 352.4 -84.5 11.06550 10.22761 7.350174 hargrave 2020-01-20 11:06:22 