BD1- 7b mag compass orientation (IGRF corrected)
      0 353.2  75.0   0.0   0.0   1.0
NRM    290.9  46.0 290.9  46.0 7.75E-03 000.5 148.9  51.3 2.770823 4.295276 4.894426 hargrave 2019-12-18 17:06:31 
100.00 293.0  44.0 293.0  44.0 7.71E-03 000.5 144.9  51.5 2.356295 4.372003 4.423911 hargrave 2019-12-19 10:25:24 
100.10 297.4  46.8 297.4  46.8 6.40E-03 000.4 145.4  47.3 1.803082 2.994119 3.434558 hargrave 2019-12-20 10:29:42 
200.10 295.4  43.2 295.4  43.2 6.79E-03 000.4 142.3  50.6 2.911895 3.223845 3.257844 hargrave 2019-12-20 13:37:43 
200.00 290.3  43.8 290.3  43.8 6.48E-03 000.4 146.8  53.1 2.451453 2.458752 2.767927 hargrave 2019-12-20 17:31:41 
300.00 292.0  43.4 292.0  43.4 6.53E-03 000.4 145.0  52.4 2.457496 2.464027 2.963768 hargrave 2019-12-21 12:03:44 
100.20 305.7  50.2 305.7  50.2 5.12E-03 000.4 145.2  40.9 2.216987 1.808821 2.915564 hargrave 2019-12-21 15:20:31 
300.10 352.2  49.4 352.2  49.4 3.94E-03 000.5 138.3  12.0 1.457378 0.935073 3.084267 hargrave 2019-12-22 12:33:15 
400.10 301.4  43.7 301.4  43.7 4.87E-03 000.4 139.3  46.7 2.215310 1.941889 2.340678 hargrave 2019-12-22 15:10:47 
400.00 293.3  42.7 293.3  42.7 4.79E-03 000.4 143.1  52.1 2.315297 2.123613 1.857539 hargrave 2019-12-23 11:06:03 
425.00 312.9  46.3 312.9  46.3 7.13E-03 000.4 137.9  38.2 3.013699 2.457660 4.059423 hargrave 2019-12-23 14:11:52 
300.20 323.3  47.3 323.3  47.3 6.82E-03 000.4 136.6  31.1 2.690945 1.898514 4.471436 hargrave 2019-12-24 02:04:50 
425.10 332.1  46.7 332.1  46.7 4.87E-03 000.4 135.0  25.3 1.777562 1.293304 3.511423 hargrave 2019-12-24 12:04:30 
450.10 306.5  43.3 306.5  43.3 3.21E-03 000.4 136.4  43.6 1.368717 0.948323 1.650020 hargrave 2019-12-25 12:43:59 
450.00 302.5  41.0 302.5  41.0 2.21E-03 000.4 135.3  47.2 0.922708 0.579541 1.056576 hargrave 2019-12-25 16:21:39 
475.00 333.0  50.6 333.0  50.6 2.45E-03 000.5 139.2  24.3 0.978392 0.831298 1.890172 hargrave 2019-12-26 11:12:00 
425.20 048.5  33.2 048.5  33.2 2.10E-03 000.5 146.0 -31.6 0.294061 1.071462 1.692106 hargrave 2019-12-26 15:09:42 
475.10 072.3 -00.1 072.3 -00.1 3.76E-03 000.3 143.3 -71.6 1.061196 1.720188 1.098053 hargrave 2019-12-27 12:44:01 
500.10 353.4  48.2 353.4  48.2 4.75E-04 000.6 137.2  11.0 0.186720 0.262595 0.456471 hargrave 2019-12-27 16:40:53 
500.00 352.6  51.9 352.6  51.9 3.45E-04 000.6 140.8  12.1 0.084854 0.182195 0.302013 hargrave 2019-12-28 16:18:19 
520.00 080.0 -10.6 080.0 -10.6 5.10E-03 000.4 144.6 -84.6 2.129634 2.361684 0.718067 hargrave 2019-12-29 14:53:06 
475.20 081.9 -13.1 081.9 -13.1 8.54E-03 000.3 146.2 -87.8 3.532581 3.592209 1.140688 hargrave 2019-12-30 11:17:00 
520.10 082.2 -14.8 082.2 -14.8 9.90E-03 000.4 101.8 -89.0 4.674804 4.442384 2.136177 hargrave 2019-12-30 15:10:27 
530.10 066.9  06.6 066.9  06.6 5.27E-04 000.4 141.9 -63.0 0.212163 0.321612 0.168690 hargrave 2019-12-30 21:22:48 
530.00 059.1  18.6 059.1  18.6 2.39E-04 000.5 143.9 -48.9 0.102800 0.172612 0.106789 hargrave 2020-01-01 10:28:12 
540.00 082.4 -15.1 082.4 -15.1 1.24E-02 000.4 085.2 -89.3 6.066829 5.871603 2.759874 hargrave 2020-01-01 13:58:05 
520.20 083.3 -16.2 083.3 -16.2 1.55E-02 000.4 353.8 -88.8 7.606674 7.403411 3.812177 hargrave 2020-01-01 17:53:46 
540.10 082.9 -15.1 082.9 -15.1 1.82E-02 000.4 065.0 -89.7 8.044083 8.001618 3.516612 hargrave 2020-01-02 13:24:17 
550.10 077.5 -02.1 077.5 -02.1 3.32E-04 000.4 155.8 -75.9 0.145877 0.152174 0.066200 hargrave 2020-01-02 17:51:26 
550.00 075.7  09.7 075.7  09.7 1.88E-04 000.4 162.7 -64.2 0.087038 0.089436 0.070548 hargrave 2020-01-03 11:26:06 
553.00 084.5 -14.7 084.5 -14.7 1.96E-02 000.4 257.7 -88.7 8.677413 8.746203 4.103249 hargrave 2020-01-03 14:56:33 
540.20 079.7 -20.4 079.7 -20.4 2.07E-02 000.4 031.2 -83.7 9.568701 10.64761 2.253075 hargrave 2020-01-14 15:49:47 
553.10 079.6 -19.0 079.6 -19.0 2.10E-02 000.4 039.5 -84.7 11.32663 10.16587 8.857655 hargrave 2020-01-18 14:45:07 
556.10 080.3 -08.0 080.3 -08.0 2.64E-04 000.3 157.6 -82.4 0.113961 0.118232 0.071092 hargrave 2020-01-19 11:09:21 
556.00 079.4  02.8 079.4  02.8 1.32E-04 000.4 167.8 -71.8 0.076699 0.070247 0.018553 hargrave 2020-01-19 14:34:13 
559.00 079.2 -18.8 079.2 -18.8 2.06E-02 000.4 044.7 -84.6 11.20797 9.912498 8.492493 hargrave 2020-01-20 11:08:29 
