BD1- 11b mag compass orientation (IGRF corrected)
      0 287.2  52.0   0.0   0.0   1.0
NRM    290.2  41.7 290.2  41.7 4.03E-03 000.6 126.3  22.3 1.477033 2.368344 3.311271 hargrave 2019-12-18 17:09:22 
100.00 290.5  41.7 290.5  41.7 4.01E-03 000.5 126.5  22.1 1.510731 1.966602 3.071014 hargrave 2019-12-19 10:26:57 
100.10 289.9  40.6 289.9  40.6 3.57E-03 000.5 125.2  21.9 0.785636 1.863852 2.791563 hargrave 2019-12-19 15:46:24 
200.10 290.5  40.0 290.5  40.0 3.26E-03 000.5 124.9  21.2 1.195672 1.196658 2.507630 hargrave 2019-12-20 10:31:45 
200.00 290.5  40.1 290.5  40.1 3.24E-03 000.6 125.0  21.2 2.031916 1.231560 2.399935 hargrave 2019-12-20 13:39:14 
300.00 289.1  38.8 289.1  38.8 3.15E-03 000.5 123.2  21.4 1.602839 1.243871 2.327932 hargrave 2019-12-20 17:33:17 
100.20 289.9  39.1 289.9  39.1 2.97E-03 000.5 123.8  21.0 1.680268 0.825288 2.252215 hargrave 2019-12-21 12:05:51 
300.10 295.6  44.9 295.6  44.9 2.84E-03 000.4 131.5  20.7 1.629502 1.206866 2.131649 hargrave 2019-12-21 15:22:29 
400.10 291.0  37.9 291.0  37.9 2.66E-03 000.5 123.3  19.7 1.304142 0.794989 1.916701 hargrave 2019-12-22 12:35:18 
400.00 292.2  41.1 292.2  41.1 2.53E-03 000.5 126.6  20.7 1.400398 0.879530 1.787087 hargrave 2019-12-22 15:12:19 
425.00 290.4  39.8 290.4  39.8 2.38E-03 000.5 124.7  21.1 1.249128 1.021210 1.691140 hargrave 2019-12-23 11:07:34 
300.20 289.7  38.4 289.7  38.4 2.48E-03 000.4 123.1  20.8 1.007658 0.833583 1.734646 hargrave 2019-12-23 14:13:54 
425.10 291.4  38.4 291.4  38.4 2.34E-03 000.4 123.9  19.7 0.847031 0.858212 1.653881 hargrave 2019-12-24 02:06:51 
450.10 291.6  38.7 291.6  38.7 2.15E-03 000.4 124.2  19.7 0.709267 0.774129 1.579866 hargrave 2019-12-24 12:06:32 
450.00 289.7  39.8 289.7  39.8 1.89E-03 000.5 124.4  21.6 0.711673 0.811874 1.314489 hargrave 2019-12-25 12:45:30 
475.00 288.1  40.0 288.1  40.0 1.47E-03 000.5 123.9  22.8 0.665114 0.571194 1.075741 hargrave 2019-12-25 16:23:11 
425.20 291.0  37.4 291.0  37.4 1.99E-03 000.5 122.8  19.4 0.790796 0.799328 1.479917 hargrave 2019-12-26 11:14:02 
475.10 292.1  37.4 292.1  37.4 1.89E-03 000.5 123.4  18.7 0.756420 0.737603 1.481464 hargrave 2019-12-26 15:11:44 
500.10 294.3  36.4 294.3  36.4 1.75E-03 000.6 123.5  16.7 0.999920 0.318322 1.446160 hargrave 2019-12-27 12:46:03 
500.00 255.8  29.9 255.8  29.9 2.08E-04 000.6 098.8  41.5 0.184800 0.120357 0.077358 hargrave 2019-12-27 16:42:25 
520.00 117.0 -44.2 117.0 -44.2 1.63E-03 000.6 311.5 -19.5 0.890040 0.695288 1.292805 hargrave 2019-12-28 16:19:50 
475.20 301.6  31.8 301.6  31.8 1.30E-03 000.5 123.6  09.1 0.604058 0.236722 1.066600 hargrave 2019-12-29 14:55:09 
520.10 340.0 -02.8 340.0 -02.8 1.36E-03 000.4 126.8 -41.1 0.391196 0.440469 0.825456 hargrave 2019-12-30 11:19:02 
530.10 356.1 -21.1 356.1 -21.1 1.88E-03 000.3 126.9 -65.2 0.717788 0.787405 0.575755 hargrave 2019-12-30 15:13:19 
530.00 123.9 -40.2 123.9 -40.2 1.03E-03 000.6 311.4 -13.0 0.596119 0.370327 0.893814 hargrave 2019-12-30 21:24:19 
540.00 118.0 -46.2 118.0 -46.2 2.21E-04 000.8 313.6 -20.0 0.230252 0.132862 0.202663 hargrave 2020-01-01 10:29:42 
520.20 008.2 -32.3 008.2 -32.3 2.83E-03 000.4 125.0 -80.7 1.548824 1.444673 0.486200 hargrave 2020-01-01 14:00:07 
540.10 013.5 -35.2 013.5 -35.2 4.32E-03 000.4 132.3 -85.9 2.296043 2.287827 0.687972 hargrave 2020-01-01 17:55:49 
550.10 013.8 -35.4 013.8 -35.4 5.49E-03 000.4 131.8 -86.3 2.709529 2.511712 0.979612 hargrave 2020-01-02 13:26:21 
550.00 308.9  14.5 308.9  14.5 1.62E-04 000.6 114.9 -07.4 0.088724 0.102799 0.127521 hargrave 2020-01-02 17:52:57 
553.00 306.3  29.8 306.3  29.8 1.77E-04 000.5 124.7  04.7 0.070503 0.050681 0.129397 hargrave 2020-01-03 11:27:38 
540.20 017.3 -35.8 017.3 -35.8 7.12E-03 000.4 182.4 -87.8 3.516707 3.436390 0.776735 hargrave 2020-01-03 14:58:35 
553.10 044.2 -33.9 044.2 -33.9 7.96E-03 000.4 176.6 -89.9 3.737360 3.723723 0.582140 hargrave 2020-01-14 15:53:50 
556.10 042.5 -32.7 042.5 -32.7 8.65E-03 000.4 132.9 -88.1 4.702733 4.584372 2.675672 hargrave 2020-01-18 14:49:10 
556.00 003.4  20.2 003.4  20.2 1.94E-04 000.4 138.1 -23.4 0.043568 0.101849 0.114241 hargrave 2020-01-19 11:12:22 
559.00 354.4  29.8 354.4  29.8 2.08E-04 000.5 137.6 -10.8 0.035468 0.133166 0.155710 hargrave 2020-01-19 14:37:13 
553.20 042.8 -32.5 042.8 -32.5 9.85E-03 000.4 141.7 -88.1 5.312993 5.237575 2.819263 hargrave 2020-01-20 11:12:32 
