BD1- 15b mag compass orientation (IGRF corrected)
      0 328.2  58.0   0.0   0.0   1.0
NRM    288.9  38.2 288.9  38.2 1.58E-02 000.5 113.2  48.6 5.944005 8.903949 10.02728 hargrave 2019-12-18 16:23:15 
100.00 288.3  36.5 288.3  36.5 1.55E-02 000.5 110.5  48.8 7.141375 6.794040 9.385972 hargrave 2019-12-19 09:48:52 
100.10 289.8  37.9 289.8  37.9 1.52E-02 000.4 112.9  47.9 6.256314 5.537722 8.608579 hargrave 2019-12-19 14:37:46 
200.10 291.5  40.9 291.5  40.9 1.42E-02 000.4 117.6  46.9 7.863700 4.699804 7.132168 hargrave 2019-12-20 09:51:45 
200.00 289.7  37.8 289.7  37.8 1.44E-02 000.4 112.7  47.9 6.729304 3.665449 7.437740 hargrave 2019-12-20 13:00:25 
300.00 289.0  36.6 289.0  36.6 1.40E-02 000.4 110.8  48.3 8.491648 2.855175 7.194355 hargrave 2019-12-20 16:53:13 
100.20 289.9  35.9 289.9  35.9 1.38E-02 000.4 110.0  47.5 8.167054 2.948106 7.388540 hargrave 2019-12-21 11:24:55 
300.10 290.5  33.6 290.5  33.6 1.34E-02 000.4 106.8  46.5 5.313519 2.721475 7.169914 hargrave 2019-12-21 14:41:52 
400.10 293.5  33.9 293.5  33.9 1.24E-02 000.4 108.0  44.1 6.979909 3.054646 6.517880 hargrave 2019-12-22 11:57:06 
400.00 291.6  37.2 291.6  37.2 1.28E-02 000.4 112.2  46.3 7.113844 3.373143 5.908240 hargrave 2019-12-22 14:35:13 
425.00 290.1  34.5 290.1  34.5 1.28E-02 000.4 108.0  47.0 7.731735 2.871748 6.211887 hargrave 2019-12-23 10:32:09 
300.20 293.8  37.2 293.8  37.2 1.22E-02 000.4 112.6  44.6 6.603909 3.119701 5.778909 hargrave 2019-12-23 13:35:42 
425.10 294.4  36.3 294.4  36.3 1.19E-02 000.3 111.6  43.9 5.392334 2.741856 6.275932 hargrave 2019-12-24 01:26:35 
450.10 296.5  33.4 296.5  33.4 1.13E-02 000.4 108.2  41.6 6.061242 2.986701 6.076805 hargrave 2019-12-24 11:26:58 
450.00 291.0  31.1 291.0  31.1 1.19E-02 000.3 103.5  45.4 4.465430 2.734129 5.662113 hargrave 2019-12-25 12:10:12 
475.00 289.9  34.5 289.9  34.5 1.16E-02 000.3 108.0  47.2 4.544507 2.763529 5.154015 hargrave 2019-12-25 15:45:09 
425.20 294.4  32.0 294.4  32.0 1.04E-02 000.3 105.8  42.9 4.589267 2.769826 5.321380 hargrave 2019-12-26 10:35:05 
475.10 305.4  33.9 305.4  33.9 9.20E-03 000.3 111.6  34.7 3.128548 3.160071 5.993814 hargrave 2019-12-26 14:32:55 
500.10 336.3  17.8 336.3  17.8 6.41E-03 000.6 109.3  02.8 2.671316 1.524883 5.506704 hargrave 2019-12-27 12:06:18 
500.00 294.0  33.4 294.0  33.4 7.92E-03 000.4 107.5  43.6 3.594905 1.882727 4.070753 hargrave 2019-12-27 16:03:36 
520.00 290.2  33.8 290.2  33.8 5.34E-03 000.3 107.0  46.8 2.199553 1.104165 2.348549 hargrave 2019-12-28 15:42:40 
475.20 349.6  08.6 349.6  08.6 3.78E-03 000.5 109.0 -13.1 1.322010 0.738255 3.107607 hargrave 2019-12-29 14:16:03 
520.10 044.4 -24.3 044.4 -24.3 1.21E-02 000.3 118.9 -75.6 4.032569 4.743072 2.900704 hargrave 2019-12-30 10:38:29 
530.10 047.5 -23.9 047.5 -23.9 1.42E-02 000.3 127.9 -77.6 4.992717 5.710514 2.573326 hargrave 2019-12-30 14:31:44 
530.00 314.0  28.8 314.0  28.8 2.36E-03 000.5 109.1  25.9 0.907254 0.758116 1.714957 hargrave 2019-12-30 20:47:56 
540.00 295.8  37.2 295.8  37.2 1.70E-03 000.5 113.1  43.0 0.589757 0.731713 1.042296 hargrave 2020-01-01 09:52:42 
520.20 052.9 -27.5 052.9 -27.5 1.60E-02 000.4 132.6 -83.6 7.116233 6.960645 0.856597 hargrave 2020-01-01 13:20:15 
540.10 054.5 -28.6 054.5 -28.6 1.89E-02 000.4 135.8 -85.3 8.563959 8.712580 1.072342 hargrave 2020-01-01 17:15:46 
550.10 055.7 -30.5 055.7 -30.5 1.98E-02 000.3 123.5 -87.4 8.456250 8.629020 1.699138 hargrave 2020-01-02 12:46:11 
550.00 331.7  35.9 331.7  35.9 4.89E-04 000.5 122.9  15.6 0.132155 0.132717 0.385339 hargrave 2020-01-02 17:17:08 
553.00 310.6  36.3 310.6  36.3 5.28E-04 000.5 115.9  31.4 0.208872 0.158323 0.372966 hargrave 2020-01-03 10:52:00 
540.20 056.7 -29.3 056.7 -29.3 1.84E-02 000.3 153.2 -87.0 7.710977 8.049175 3.162395 hargrave 2020-01-03 14:19:35 
553.10 056.7 -32.0 056.7 -32.0 1.90E-02 000.3 089.0 -88.7 7.883012 7.983819 2.716986 hargrave 2020-01-14 15:13:35 
556.10 058.6 -30.6 058.6 -30.6 1.85E-02 000.4 192.4 -88.5 8.619792 8.047516 3.871360 hargrave 2020-01-18 14:08:57 
556.00 335.2  32.3 335.2  32.3 7.15E-04 000.5 121.2  11.3 0.132283 0.237763 0.618309 hargrave 2020-01-19 10:36:13 
559.00 324.4  40.7 324.4  40.7 7.16E-04 000.6 124.8  22.9 0.158170 0.298874 0.628310 hargrave 2020-01-19 14:01:10 
553.20 058.7 -30.2 058.7 -30.2 1.76E-02 000.4 193.4 -88.2 8.122298 7.837414 2.939607 hargrave 2020-01-20 10:32:26 
