BD1- 9b mag compass orientation (IGRF corrected)
      0  79.2  16.0   0.0   0.0   1.0
NRM    288.4  41.9 288.4  41.9 1.38E-02 000.3 284.2  48.0 4.463768 2.885054 4.960059 hargrave 2019-12-18 16:18:12 
100.00 286.1  41.5 286.1  41.5 1.34E-02 000.4 282.1  46.9 5.208436 4.805257 6.432772 hargrave 2019-12-19 09:43:45 
100.10 285.0  39.7 285.0  39.7 1.30E-02 000.4 281.9  45.0 5.131476 5.011672 6.689338 hargrave 2019-12-19 14:32:26 
200.10 285.4  33.2 285.4  33.2 1.16E-02 000.5 285.2  39.0 5.273008 4.625576 7.299506 hargrave 2019-12-20 09:46:37 
200.00 281.0  38.6 281.0  38.6 1.23E-02 000.5 278.4  42.8 3.636675 5.671264 7.272099 hargrave 2019-12-20 12:55:22 
300.00 284.6  39.0 284.6  39.0 1.19E-02 000.5 281.8  44.2 5.154654 6.248011 7.820846 hargrave 2019-12-20 16:47:21 
100.20 283.8  37.5 283.8  37.5 1.16E-02 000.5 281.7  42.6 4.661339 5.647398 7.783200 hargrave 2019-12-21 11:19:42 
300.10 282.2  31.4 282.2  31.4 1.05E-02 000.5 282.7  36.4 1.835513 4.615063 7.227694 hargrave 2019-12-21 14:35:43 
400.10 277.6  14.7 277.6  14.7 7.64E-03 000.6 283.7  19.1 3.565792 3.519376 6.120906 hargrave 2019-12-22 11:52:49 
400.00 284.8  33.4 284.8  33.4 8.88E-03 000.6 284.5  39.0 3.262778 4.856991 6.531823 hargrave 2019-12-22 14:29:17 
425.00 286.8  36.3 286.8  36.3 7.77E-03 000.5 285.3  42.2 2.842095 3.855315 5.305718 hargrave 2019-12-23 10:27:55 
300.20 274.7  18.1 274.7  18.1 6.23E-03 000.6 279.9  21.6 2.870368 2.749000 4.975178 hargrave 2019-12-23 13:31:24 
425.10 270.8 -04.8 270.8 -04.8 5.48E-03 000.5 282.4 -01.4 2.225545 2.588560 4.535516 hargrave 2019-12-24 01:20:42 
450.10 256.5 -39.3 256.5 -39.3 5.97E-03 000.5 280.2 -38.3 4.402880 1.588636 3.644727 hargrave 2019-12-24 11:21:45 
450.00 277.5  19.3 277.5  19.3 4.65E-03 000.6 282.2  23.5 1.427509 2.732642 4.049540 hargrave 2019-12-25 12:05:07 
475.00 282.6  32.4 282.6  32.4 3.78E-03 000.6 282.7  37.4 0.684465 2.126035 2.955897 hargrave 2019-12-25 15:40:05 
425.20 255.9 -45.7 255.9 -45.7 4.53E-03 000.4 282.8 -44.3 2.734018 1.379295 2.367054 hargrave 2019-12-26 10:30:00 
475.10 229.5 -69.2 229.5 -69.2 8.91E-03 000.4 286.0 -71.3 4.717612 3.026878 1.588792 hargrave 2019-12-26 14:26:55 
500.10 202.4 -72.7 202.4 -72.7 1.30E-02 000.4 278.3 -80.5 6.212516 5.104143 0.574835 hargrave 2019-12-27 12:02:04 
500.00 271.6  03.2 271.6  03.2 1.22E-03 000.5 281.1  06.4 0.530145 0.153611 0.999504 hargrave 2019-12-27 15:58:17 
520.00 283.8  19.5 283.8  19.5 6.77E-04 000.5 288.4  25.4 0.251788 0.192979 0.547642 hargrave 2019-12-28 15:38:27 
475.20 182.9 -73.8 182.9 -73.8 1.30E-02 000.4 273.9 -86.2 6.622967 6.217672 0.564101 hargrave 2019-12-29 14:11:47 
520.10 174.2 -73.8 174.2 -73.8 1.91E-02 000.4 264.3 -88.6 8.869617 8.840922 1.091860 hargrave 2019-12-30 10:34:14 
530.10 169.8 -73.8 169.8 -73.8 2.00E-02 000.4 215.0 -89.7 9.273303 9.127490 2.126343 hargrave 2019-12-30 14:27:28 
530.00 208.2 -73.8 208.2 -73.8 6.42E-04 000.5 287.8 -79.4 0.340591 0.373338 0.149043 hargrave 2019-12-30 20:42:03 
540.00 225.9 -66.8 225.9 -66.8 2.14E-04 000.5 277.8 -70.5 0.114350 0.128342 0.079497 hargrave 2020-01-01 09:47:37 
520.20 168.9 -74.8 168.9 -74.8 2.05E-02 000.4 005.0 -89.2 10.62586 10.76838 4.721929 hargrave 2020-01-01 13:15:53 
540.10 167.4 -75.0 167.4 -75.0 2.06E-02 000.4 024.3 -88.9 10.40926 10.39275 4.242854 hargrave 2020-01-01 17:11:28 
550.10 168.1 -74.9 168.1 -74.9 2.10E-02 000.4 017.4 -89.0 9.804170 9.882414 5.194132 hargrave 2020-01-02 12:41:54 
550.00 208.8 -72.8 208.8 -72.8 2.77E-04 000.5 283.1 -78.8 0.150066 0.150150 0.093887 hargrave 2020-01-02 17:12:02 
553.00 240.7 -60.3 240.7 -60.3 1.53E-04 000.3 280.6 -61.4 0.040095 0.070659 0.075394 hargrave 2020-01-03 10:46:54 
540.20 170.8 -75.1 170.8 -75.1 2.18E-02 000.4 339.7 -88.8 10.28738 10.46044 5.566887 hargrave 2020-01-03 14:15:18 
553.10 171.2 -75.2 171.2 -75.2 2.33E-02 000.4 337.0 -88.7 10.96229 10.67769 5.016558 hargrave 2020-01-14 15:09:14 
556.10 167.1 -73.5 167.1 -73.5 2.41E-02 000.4 128.1 -89.2 11.13172 10.79150 3.494418 hargrave 2020-01-18 14:04:46 
556.00 205.2 -67.0 205.2 -67.0 2.55E-04 000.5 257.5 -76.4 0.144867 0.136851 0.081741 hargrave 2020-01-19 10:31:12 
559.00 219.4 -51.0 219.4 -51.0 1.32E-04 000.7 250.2 -59.1 0.120382 0.098450 0.056698 hargrave 2020-01-19 13:57:01 
553.20 166.2 -73.7 166.2 -73.7 2.47E-02 000.4 106.4 -89.1 11.47550 11.10794 3.427581 hargrave 2020-01-20 10:28:14 
