BD2- 12a sun compass orientation
      0  63.1  74.0   0.0   0.0   1.0
NRM    296.1  30.5 296.1  30.5 1.58E-03 000.4 240.1  53.3 0.682258 0.538877 0.922086 hargrave 2020-10-12 16:19:20 
100.00 296.4  31.4 296.4  31.4 1.58E-03 000.4 238.5  53.2 0.544437 0.569195 0.877247 hargrave 2020-10-14 11:24:09 
100.10 296.1  29.2 296.1  29.2 1.55E-03 000.5 242.2  53.6 0.647524 0.666873 0.932024 hargrave 2020-10-14 17:01:07 
200.10 296.5  30.0 296.5  30.0 1.51E-03 000.5 240.8  53.7 0.499839 0.635229 0.947398 hargrave 2020-10-15 11:47:33 
200.00 297.0  29.9 297.0  29.9 1.51E-03 000.4 240.8  54.2 0.315084 0.650109 0.918552 hargrave 2020-10-15 14:41:55 
300.00 296.8  28.8 296.8  28.8 1.31E-03 000.4 242.6  54.3 0.404101 0.523831 0.799525 hargrave 2020-10-15 17:20:57 
100.20 297.0  29.4 297.0  29.4 1.29E-03 000.4 241.6  54.3 0.391769 0.490235 0.829099 hargrave 2020-10-16 13:48:41 
300.10 290.7  30.0 290.7  30.0 1.02E-03 000.5 242.5  48.9 0.420857 0.453748 0.732937 hargrave 2020-10-18 14:28:41 
400.10 244.1  28.0 244.1  28.0 3.95E-04 000.6 243.2  08.3 0.093335 0.196122 0.394737 hargrave 2020-10-18 18:01:16 
400.00 293.1  31.5 293.1  31.5 5.71E-04 000.5 239.6  50.5 0.151307 0.302178 0.364609 hargrave 2020-10-19 11:56:28 
450.00 293.2  31.5 293.2  31.5 4.79E-04 000.5 239.5  50.6 0.137081 0.255774 0.298027 hargrave 2020-10-19 14:56:18 
300.20 270.1  33.5 270.1  33.5 3.56E-04 000.5 240.1  31.0 0.117483 0.145373 0.283013 hargrave 2020-10-19 19:00:32 
450.10 219.1  21.1 219.1  21.1 3.21E-04 000.4 242.1 -15.4 0.052737 0.097361 0.267214 hargrave 2020-10-20 11:41:12 
475.10 202.9  13.8 202.9  13.8 3.33E-04 000.4 241.6 -32.5 0.088954 0.118526 0.244334 hargrave 2020-10-20 16:25:05 
475.00 291.8  31.5 291.8  31.5 4.03E-04 000.5 240.0  49.5 0.131850 0.195526 0.253088 hargrave 2020-10-21 11:27:40 
500.00 292.6  33.1 292.6  33.1 3.75E-04 000.5 237.3  49.7 0.116685 0.177224 0.227589 hargrave 2020-10-21 15:55:38 
450.20 185.7  01.7 185.7  01.7 3.96E-04 000.3 244.1 -53.3 0.127629 0.165110 0.205426 hargrave 2020-10-22 11:08:20 
500.10 180.2  01.0 180.2  01.0 4.18E-04 000.3 240.0 -58.3 0.129964 0.161856 0.186488 hargrave 2020-10-22 14:56:55 
510.10 179.0 -01.6 179.0 -01.6 4.36E-04 000.3 243.2 -60.7 0.146298 0.175598 0.185579 hargrave 2020-10-22 18:41:18 
510.00 292.3  34.0 292.3  34.0 3.26E-04 000.5 236.0  49.2 0.102996 0.164065 0.207358 hargrave 2020-10-23 12:57:07 
520.00 291.7  31.6 291.7  31.6 3.12E-04 000.5 239.8  49.3 0.103372 0.142908 0.196445 hargrave 2020-10-23 16:02:29 
500.20 173.4 -06.7 173.4 -06.7 5.03E-04 000.3 247.1 -68.1 0.136234 0.174903 0.162785 hargrave 2020-10-25 17:05:10 
520.10 171.3 -06.9 171.3 -06.9 5.27E-04 000.3 245.0 -70.0 0.108849 0.212504 0.154888 hargrave 2020-10-26 12:21:12 
530.10 172.4 -10.2 172.4 -10.2 5.80E-04 000.2 255.2 -70.4 0.165167 0.162613 0.164454 hargrave 2020-10-26 18:50:14 
530.00 291.1  33.2 291.1  33.2 2.78E-04 000.4 237.7  48.5 0.070579 0.095512 0.167060 hargrave 2020-10-27 11:01:30 
540.00 291.9  33.7 291.9  33.7 2.66E-04 000.5 236.7  49.0 0.084001 0.124695 0.162188 hargrave 2020-10-27 14:00:15 
520.20 167.5 -09.9 167.5 -09.9 6.34E-04 000.3 248.2 -74.7 0.204179 0.208294 0.170268 hargrave 2020-10-27 17:14:13 
540.10 166.0 -11.4 166.0 -11.4 6.73E-04 000.3 251.3 -76.7 0.250442 0.212572 0.154587 hargrave 2020-10-28 10:04:18 
550.10 162.5 -12.8 162.5 -12.8 7.49E-04 000.3 251.8 -80.3 0.272323 0.252188 0.115168 hargrave 2020-10-28 14:09:55 
550.00 283.7  35.8 283.7  35.8 2.08E-04 000.5 235.9  41.9 0.078730 0.105230 0.145709 hargrave 2020-10-28 17:13:07 
553.00 288.6  34.8 288.6  34.8 2.19E-04 000.5 236.1  46.1 0.082579 0.099826 0.139431 hargrave 2020-10-29 09:43:31 
540.20 161.4 -12.4 161.4 -12.4 8.11E-04 000.3 247.1 -81.2 0.317989 0.317611 0.098571 hargrave 2020-10-31 10:23:39 
553.10 161.7 -13.4 161.7 -13.4 8.74E-04 000.3 253.9 -81.3 0.356247 0.318153 0.090965 hargrave 2020-10-31 14:16:51 
556.10 161.1 -12.7 161.1 -12.7 9.02E-04 000.3 248.2 -81.5 0.345889 0.325981 0.099980 hargrave 2020-10-31 17:52:08 
556.00 287.7  34.4 287.7  34.4 1.83E-04 000.5 236.8  45.5 0.047220 0.102596 0.114267 hargrave 2020-11-01 09:33:55 
559.00 288.6  34.5 288.6  34.5 1.83E-04 000.6 236.5  46.1 0.087015 0.105606 0.114121 hargrave 2020-11-01 12:43:52 
553.20 159.0 -15.3 159.0 -15.3 9.77E-04 000.3 263.9 -84.3 0.381545 0.351263 0.051950 hargrave 2020-11-01 16:09:27 
559.10 158.9 -15.5 158.9 -15.5 1.03E-03 000.3 266.0 -84.4 0.406118 0.369742 0.055929 hargrave 2020-11-02 10:01:14 
562.10 157.8 -14.9 157.8 -14.9 1.06E-03 000.3 257.1 -85.4 0.439876 0.383645 0.052400 hargrave 2020-11-02 13:35:33 
562.00 279.4  36.8 279.4  36.8 1.11E-04 000.5 235.4  38.3 0.043722 0.053853 0.074947 hargrave 2020-11-02 16:52:09 
565.00 287.3  34.5 287.3  34.5 1.09E-04 000.6 236.8  45.1 0.039642 0.074864 0.066655 hargrave 2020-11-03 09:45:33 
559.20 157.6 -15.6 157.6 -15.6 1.06E-03 000.3 265.8 -85.7 0.436523 0.402149 0.035320 hargrave 2020-11-03 13:10:01 
565.10 156.6 -16.6 156.6 -16.6 1.10E-03 000.3 279.8 -86.6 0.476667 0.423041 0.027049 hargrave 2020-11-03 16:51:00 
570.10 156.4 -15.7 156.4 -15.7 1.15E-03 000.3 265.6 -86.8 0.506249 0.460647 0.054922 hargrave 2020-11-04 10:08:27 
570.00 281.8  34.0 281.8  34.0 8.60E-05 000.5 238.7  40.8 0.053224 0.024150 0.058718 hargrave 2020-11-04 13:20:39 
575.00 282.9  33.0 282.9  33.0 8.28E-05 000.5 239.8  41.8 0.039446 0.028701 0.054845 hargrave 2020-11-04 16:25:29 
565.20 155.3 -16.5 155.3 -16.5 1.12E-03 000.3 283.5 -87.8 0.510506 0.459400 0.043519 hargrave 2020-11-04 20:05:47 
575.10 156.7 -16.2 156.7 -16.2 1.15E-03 000.3 273.9 -86.6 0.519452 0.445283 0.027995 hargrave 2020-11-05 11:35:59 
580.10 155.9 -16.3 155.9 -16.3 1.15E-03 000.3 275.8 -87.3 0.488281 0.444209 0.020621 hargrave 2020-11-05 15:06:08 
580.00 279.6  32.4 279.6  32.4 7.13E-05 000.6 240.9  39.1 0.038783 0.041580 0.048596 hargrave 2020-11-05 18:21:35 
585.00 286.2  40.0 286.2  40.0 7.01E-05 000.7 229.7  42.9 0.078981 0.033770 0.043591 hargrave 2020-11-06 09:40:24 
575.20 156.9 -17.3 156.9 -17.3 1.16E-03 000.3 290.0 -86.1 0.472662 0.430576 0.009532 hargrave 2020-11-06 13:25:47 
585.10 157.0 -16.1 157.0 -16.1 1.18E-03 000.3 272.0 -86.3 0.486539 0.444143 0.023541 hargrave 2020-11-06 17:52:17 
