BD2- 9a sun compass orientation
      0  74.3  77.0   0.0   0.0   1.0
NRM    289.2  25.2 289.2  25.2 1.76E-03 000.4 248.1  36.9 0.746501 0.170858 1.217159 hargrave 2020-10-12 16:11:02 
100.00 289.3  26.0 289.3  26.0 1.76E-03 000.4 247.1  36.9 0.581274 0.283488 1.159678 hargrave 2020-10-14 11:18:10 
100.10 289.5  27.2 289.5  27.2 1.73E-03 000.4 245.6  37.1 0.534904 0.243157 1.132117 hargrave 2020-10-14 16:52:47 
200.10 289.1  25.6 289.1  25.6 1.69E-03 000.4 247.6  36.8 0.648793 0.199399 1.160142 hargrave 2020-10-15 11:40:04 
200.00 289.7  28.1 289.7  28.1 1.69E-03 000.4 244.4  37.2 0.456844 0.259697 1.166590 hargrave 2020-10-15 14:35:06 
300.00 289.4  23.9 289.4  23.9 1.46E-03 000.4 249.7  37.1 0.266261 0.204625 1.040172 hargrave 2020-10-15 17:14:20 
100.20 289.4  24.9 289.4  24.9 1.45E-03 000.4 248.5  37.1 0.286396 0.147203 1.028076 hargrave 2020-10-16 13:41:07 
300.10 283.9  21.3 283.9  21.3 1.27E-03 000.5 252.8  32.0 0.542958 0.277192 0.987793 hargrave 2020-10-18 14:15:17 
400.10 247.6  20.4 247.6  20.4 5.76E-04 000.5 248.7 -01.6 0.157270 0.065997 0.469146 hargrave 2020-10-18 17:52:16 
400.00 286.1  21.4 286.1  21.4 6.65E-04 000.4 252.8  34.1 0.090892 0.160990 0.495242 hargrave 2020-10-19 11:48:49 
450.00 286.9  25.0 286.9  25.0 5.40E-04 000.4 248.4  34.8 0.068875 0.160421 0.390286 hargrave 2020-10-19 14:48:38 
300.20 266.0  33.7 266.0  33.7 4.62E-04 000.5 238.3  16.8 0.133180 0.099447 0.368869 hargrave 2020-10-19 18:51:24 
450.10 228.6  14.1 228.6  14.1 4.70E-04 000.4 249.2 -20.8 0.108556 0.062427 0.340408 hargrave 2020-10-20 11:31:56 
475.10 210.2  10.5 210.2  10.5 5.14E-04 000.3 244.9 -38.7 0.137553 0.092680 0.290991 hargrave 2020-10-20 16:15:51 
475.00 285.5  28.0 285.5  28.0 4.51E-04 000.4 244.9  33.5 0.083308 0.127263 0.315029 hargrave 2020-10-21 11:19:59 
500.00 286.4  25.2 286.4  25.2 4.05E-04 000.5 248.2  34.3 0.066436 0.120733 0.295843 hargrave 2020-10-21 15:47:56 
450.20 193.7  02.0 193.7  02.0 5.94E-04 000.3 244.9 -57.2 0.200899 0.139000 0.203173 hargrave 2020-10-22 10:59:09 
500.10 189.9  05.7 189.9  05.7 6.24E-04 000.3 235.2 -58.5 0.204661 0.150798 0.190175 hargrave 2020-10-22 14:47:36 
510.10 187.0  04.9 187.0  04.9 6.46E-04 000.3 232.9 -61.2 0.234965 0.168633 0.178315 hargrave 2020-10-22 18:31:20 
510.00 285.0  26.4 285.0  26.4 3.53E-04 000.5 246.8  33.0 0.049061 0.148344 0.260986 hargrave 2020-10-23 12:49:26 
520.00 285.5  30.0 285.5  30.0 3.40E-04 000.4 242.5  33.3 0.047301 0.136543 0.232317 hargrave 2020-10-23 15:54:45 
500.20 179.2  00.7 179.2  00.7 7.08E-04 000.2 228.2 -69.9 0.190013 0.183256 0.107134 hargrave 2020-10-25 16:56:41 
520.10 178.8  01.2 178.8  01.2 7.43E-04 000.2 226.4 -69.8 0.179950 0.133855 0.156959 hargrave 2020-10-26 13:47:43 
530.10 180.6  01.0 180.6  01.0 7.97E-04 000.2 230.4 -68.6 0.236666 0.192812 0.161505 hargrave 2020-10-26 18:43:51 
530.00 283.4  25.9 283.4  25.9 3.00E-04 000.5 247.4  31.7 0.076877 0.088859 0.221386 hargrave 2020-10-27 10:54:40 
540.00 284.2  27.0 284.2  27.0 2.86E-04 000.5 246.1  32.3 0.081277 0.093380 0.196248 hargrave 2020-10-27 13:53:18 
520.20 176.5 -00.5 176.5 -00.5 8.49E-04 000.2 225.0 -72.6 0.263657 0.146733 0.194408 hargrave 2020-10-27 17:04:55 
540.10 174.5 -01.9 174.5 -01.9 8.89E-04 000.2 223.3 -75.0 0.293366 0.172684 0.190228 hargrave 2020-10-28 09:55:53 
550.10 173.2 -04.5 173.2 -04.5 9.32E-04 000.2 226.5 -77.8 0.308594 0.204283 0.168434 hargrave 2020-10-28 14:00:38 
550.00 282.6  24.4 282.6  24.4 2.42E-04 000.5 249.1  30.9 0.053583 0.059191 0.184726 hargrave 2020-10-28 17:06:13 
553.00 283.4  25.0 283.4  25.0 2.33E-04 000.5 248.4  31.7 0.050972 0.093134 0.174821 hargrave 2020-10-29 09:36:42 
540.20 170.9 -06.8 170.9 -06.8 9.95E-04 000.3 227.0 -81.0 0.351271 0.268043 0.067400 hargrave 2020-10-31 10:15:23 
553.10 171.4 -05.3 171.4 -05.3 1.03E-03 000.3 223.0 -79.6 0.376934 0.291757 0.177979 hargrave 2020-10-31 14:07:35 
556.10 169.7 -04.5 169.7 -04.5 1.07E-03 000.3 212.6 -80.0 0.372260 0.276477 0.197541 hargrave 2020-10-31 17:43:43 
556.00 280.1  28.3 280.1  28.3 1.92E-04 000.6 244.6  28.6 0.078114 0.083518 0.147170 hargrave 2020-11-01 09:27:03 
559.00 280.8  33.8 280.8  33.8 1.75E-04 000.5 238.4  29.1 0.057312 0.074491 0.132817 hargrave 2020-11-01 12:37:06 
553.20 169.4 -06.6 169.4 -06.6 1.07E-03 000.2 218.6 -81.8 0.343388 0.275603 0.178469 hargrave 2020-11-01 15:59:28 
559.10 169.0 -07.4 169.0 -07.4 1.13E-03 000.2 219.9 -82.7 0.374995 0.297158 0.181952 hargrave 2020-11-02 09:52:01 
562.10 167.9 -06.4 167.9 -06.4 1.12E-03 000.2 208.8 -82.5 0.359535 0.289331 0.184492 hargrave 2020-11-02 13:27:10 
562.00 278.4  29.2 278.4  29.2 1.49E-04 000.5 243.6  27.2 0.048326 0.046945 0.107364 hargrave 2020-11-02 16:45:17 
565.00 279.0  24.0 279.0  24.0 1.34E-04 000.5 249.5  27.6 0.045466 0.053465 0.100127 hargrave 2020-11-03 09:38:38 
559.20 167.1 -06.6 167.1 -06.6 1.13E-03 000.3 203.7 -83.0 0.395073 0.318824 0.197987 hargrave 2020-11-03 13:01:38 
565.10 166.4 -08.2 166.4 -08.2 1.14E-03 000.3 204.0 -84.8 0.401053 0.344254 0.184438 hargrave 2020-11-03 16:42:36 
570.10 165.1 -08.6 165.1 -08.6 1.16E-03 000.3 190.6 -85.5 0.427957 0.403622 0.195409 hargrave 2020-11-04 09:58:25 
570.00 270.4  29.1 270.4  29.1 9.72E-05 000.5 243.5  20.2 0.047806 0.025556 0.076641 hargrave 2020-11-04 13:13:50 
575.00 277.3  28.3 277.3  28.3 9.14E-05 000.5 244.6  26.3 0.040187 0.029633 0.068138 hargrave 2020-11-04 16:17:51 
565.20 165.9 -09.1 165.9 -09.1 1.13E-03 000.3 202.5 -85.8 0.410729 0.355643 0.169189 hargrave 2020-11-04 19:56:32 
575.10 167.6 -08.6 167.6 -08.6 1.14E-03 000.3 216.9 -84.5 0.425271 0.351207 0.147568 hargrave 2020-11-05 11:27:32 
580.10 166.1 -08.5 166.1 -08.5 1.13E-03 000.3 202.2 -85.2 0.414649 0.343437 0.172709 hargrave 2020-11-05 14:57:43 
580.00 270.3  33.4 270.3  33.4 8.44E-05 000.6 238.9  20.4 0.041364 0.037704 0.061781 hargrave 2020-11-05 18:13:57 
585.00 275.7  23.0 275.7  23.0 7.83E-05 000.5 250.5  24.6 0.044243 0.018864 0.058531 hargrave 2020-11-06 09:33:35 
575.20 164.5 -07.7 164.5 -07.7 1.12E-03 000.3 182.5 -84.7 0.359901 0.326712 0.191684 hargrave 2020-11-06 13:17:26 
585.10 165.5 -07.0 165.5 -07.0 1.13E-03 000.3 191.0 -83.9 0.388420 0.331253 0.191402 hargrave 2020-11-06 17:43:54 
