BD2- 15a mag compass orientation (IGRF corrected)
      0 109.9  91.0   0.0   0.0   1.0
NRM    289.7  23.6 289.7  23.6 4.13E-03 000.5 246.4 -00.6 2.416213 1.038687 3.448554 hargrave 2020-10-12 16:25:38 
100.00 289.9  26.9 289.9  26.9 4.13E-03 000.5 243.1 -00.5 2.132678 1.172745 3.275843 hargrave 2020-10-14 11:28:58 
100.10 289.7  25.1 289.7  25.1 4.00E-03 000.5 244.9 -00.6 2.048764 1.206375 3.182200 hargrave 2020-10-14 17:08:22 
200.10 288.7  17.6 288.7  17.6 3.78E-03 000.5 252.4 -01.4 1.749937 2.060317 3.098440 hargrave 2020-10-15 11:53:53 
200.00 289.5  23.6 289.5  23.6 3.79E-03 000.5 246.4 -00.7 1.566394 1.794860 3.111554 hargrave 2020-10-15 14:46:44 
300.00 290.5  23.0 290.5  23.0 3.36E-03 000.5 247.0  00.2 1.274974 1.582794 2.755467 hargrave 2020-10-15 17:25:43 
100.20 289.9  21.1 289.9  21.1 3.23E-03 000.5 248.9 -00.3 1.338403 2.005646 2.747834 hargrave 2020-10-16 13:55:04 
300.10 281.4  19.9 281.4  19.9 2.98E-03 000.5 250.0 -08.4 1.552881 1.981796 2.408481 hargrave 2020-10-18 14:35:50 
400.10 270.8  17.5 270.8  17.5 2.28E-03 000.4 251.9 -18.5 0.855147 1.162117 1.733078 hargrave 2020-10-18 18:07:34 
400.00 288.2  20.8 288.2  20.8 2.13E-03 000.5 249.2 -01.9 0.655543 1.180916 1.722272 hargrave 2020-10-19 12:01:06 
450.00 288.6  19.7 288.6  19.7 1.99E-03 000.5 250.3 -01.5 0.741387 1.310148 1.646499 hargrave 2020-10-19 15:00:56 
300.20 273.7  24.2 273.7  24.2 2.00E-03 000.4 245.2 -15.2 0.721113 0.610391 1.559506 hargrave 2020-10-19 19:06:40 
450.10 267.0  17.8 267.0  17.8 2.03E-03 000.4 251.2 -22.1 0.637154 0.834258 1.503742 hargrave 2020-10-20 11:47:25 
475.10 266.1  14.4 266.1  14.4 1.96E-03 000.4 254.7 -23.3 0.594094 1.155289 1.437604 hargrave 2020-10-20 16:32:07 
475.00 287.3  21.4 287.3  21.4 1.76E-03 000.5 248.6 -02.8 0.621032 0.988286 1.459568 hargrave 2020-10-21 11:32:15 
500.00 287.6  21.0 287.6  21.0 1.72E-03 000.5 249.1 -02.5 0.548629 0.886936 1.412515 hargrave 2020-10-21 16:00:14 
450.20 263.6  14.5 263.6  14.5 1.88E-03 000.4 254.4 -25.6 0.561091 1.023620 1.307343 hargrave 2020-10-22 11:14:29 
500.10 260.8  16.7 260.8  16.7 1.87E-03 000.4 251.6 -28.1 0.492572 0.778729 1.321118 hargrave 2020-10-22 15:04:49 
510.10 259.3  18.7 259.3  18.7 1.87E-03 000.4 249.1 -29.2 0.536943 0.711168 1.289372 hargrave 2020-10-22 18:47:26 
510.00 286.6  18.6 286.6  18.6 1.59E-03 000.5 251.5 -03.4 0.475711 0.961217 1.283216 hargrave 2020-10-23 13:01:43 
520.00 286.9  20.6 286.9  20.6 1.57E-03 000.5 249.4 -03.2 0.545884 0.923334 1.286183 hargrave 2020-10-23 16:07:06 
500.20 255.4  14.0 255.4  14.0 1.80E-03 000.4 253.8 -33.6 0.473441 0.857614 1.184987 hargrave 2020-10-25 17:11:25 
520.10 252.1  18.4 252.1  18.4 1.82E-03 000.3 247.9 -35.9 0.429546 0.746361 1.186467 hargrave 2020-10-26 12:28:13 
530.10 252.3  12.2 252.3  12.2 1.86E-03 000.4 255.5 -36.9 0.446934 1.109490 1.147024 hargrave 2020-10-26 18:58:24 
530.00 285.2  24.0 285.2  24.0 1.47E-03 000.5 246.0 -04.7 0.214535 0.629621 1.230570 hargrave 2020-10-27 11:06:58 
540.00 286.0  20.4 286.0  20.4 1.44E-03 000.5 249.6 -04.0 0.456132 0.792039 1.203356 hargrave 2020-10-27 14:05:02 
520.20 250.9  15.6 250.9  15.6 1.79E-03 000.3 251.0 -37.6 0.154030 0.671024 1.126781 hargrave 2020-10-27 17:21:14 
540.10 247.7  15.0 247.7  15.0 1.81E-03 000.3 250.9 -40.8 0.208676 0.603095 1.094598 hargrave 2020-10-28 10:10:35 
550.10 244.5  15.1 244.5  15.1 1.83E-03 000.3 249.9 -43.8 0.191497 0.584613 1.063858 hargrave 2020-10-28 14:16:11 
550.00 281.0  21.4 281.0  21.4 1.37E-03 000.5 248.5 -08.6 0.280196 0.685641 1.091860 hargrave 2020-10-28 17:17:43 
553.00 284.0  24.0 284.0  24.0 1.33E-03 000.5 246.0 -05.8 0.193230 0.600164 1.074862 hargrave 2020-10-29 09:48:08 
540.20 245.7  13.6 245.7  13.6 1.72E-03 000.3 252.3 -43.0 0.222750 0.686744 0.940937 hargrave 2020-10-31 10:29:59 
553.10 242.4  13.1 242.4  13.1 1.81E-03 000.3 252.1 -46.2 0.393229 0.768111 0.930783 hargrave 2020-10-31 14:23:03 
556.10 240.9  14.3 240.9  14.3 1.83E-03 000.3 249.8 -47.3 0.404167 0.660173 0.951463 hargrave 2020-10-31 17:58:21 
556.00 279.2  21.6 279.2  21.6 1.23E-03 000.4 248.2 -10.3 0.180562 0.518225 0.950612 hargrave 2020-11-01 09:38:34 
559.00 281.8  21.7 281.8  21.7 1.16E-03 000.5 248.2 -07.9 0.173393 0.521831 0.927443 hargrave 2020-11-01 12:48:29 
553.20 239.9  11.4 239.9  11.4 1.73E-03 000.3 253.8 -49.0 0.405725 0.712134 0.837859 hargrave 2020-11-01 16:15:38 
559.10 236.2  13.2 236.2  13.2 1.81E-03 000.3 249.6 -52.1 0.459426 0.677058 0.828515 hargrave 2020-11-02 10:08:15 
562.10 233.2  10.7 233.2  10.7 1.92E-03 000.3 252.4 -55.5 0.489743 0.750832 0.764237 hargrave 2020-11-02 13:42:34 
562.00 271.7  19.6 271.7  19.6 1.09E-03 000.4 249.7 -17.4 0.221935 0.520048 0.811019 hargrave 2020-11-02 16:57:39 
565.00 278.8  22.9 278.8  22.9 1.01E-03 000.4 246.8 -10.6 0.197263 0.452721 0.781363 hargrave 2020-11-03 09:50:12 
559.20 235.6  13.0 235.6  13.0 1.63E-03 000.3 249.7 -52.6 0.463975 0.577219 0.779654 hargrave 2020-11-03 13:16:11 
565.10 228.9  07.5 228.9  07.5 1.89E-03 000.4 256.5 -60.4 0.653322 0.868117 0.597027 hargrave 2020-11-03 16:57:14 
570.10 221.7  08.0 221.7  08.0 2.19E-03 000.3 251.5 -67.2 0.747740 0.874017 0.557194 hargrave 2020-11-04 10:14:39 
570.00 268.6  17.2 268.6  17.2 8.88E-04 000.4 252.0 -20.6 0.227698 0.415567 0.616017 hargrave 2020-11-04 13:25:17 
575.00 276.1  21.0 276.1  21.0 7.99E-04 000.4 248.7 -13.3 0.088093 0.324093 0.605383 hargrave 2020-11-04 16:30:07 
565.20 223.8  08.3 223.8  08.3 1.78E-03 000.3 252.3 -65.1 0.536604 0.702152 0.558174 hargrave 2020-11-04 20:11:58 
575.10 219.8  04.9 219.8  04.9 2.27E-03 000.3 258.5 -69.8 0.816504 1.007922 0.457317 hargrave 2020-11-05 11:42:16 
580.10 214.2  04.4 214.2  04.4 2.36E-03 000.3 256.4 -75.4 0.863614 0.925858 0.450611 hargrave 2020-11-05 15:12:23 
580.00 267.1  14.7 267.1  14.7 6.43E-04 000.4 254.5 -22.3 0.086035 0.282640 0.433552 hargrave 2020-11-05 18:26:10 
585.00 274.4  21.1 274.4  21.1 5.23E-04 000.4 248.4 -14.8 0.084369 0.198958 0.380981 hargrave 2020-11-06 09:45:02 
575.20 214.6  02.9 214.6  02.9 2.31E-03 000.3 262.3 -75.2 0.783860 0.895693 0.368222 hargrave 2020-11-06 13:31:55 
585.10 212.9  03.1 212.9  03.1 2.48E-03 000.3 260.5 -76.8 0.853086 0.954956 0.416086 hargrave 2020-11-06 17:58:26 
