BD2- 18a mag compass orientation (IGRF corrected)
      0 101.9  88.0   0.0   0.0   1.0
NRM    287.8  24.4 287.8  24.4 3.37E-03 000.6 245.7  06.2 1.480466 0.908484 3.097551 hargrave 2020-10-12 16:30:54 
100.00 288.2  28.7 288.2  28.7 3.37E-03 000.6 241.4  06.5 1.368865 1.314668 2.976793 hargrave 2020-10-14 11:32:25 
100.10 288.3  23.4 288.3  23.4 3.21E-03 000.6 246.6  06.6 1.291701 1.156006 2.764628 hargrave 2020-10-14 17:12:53 
200.10 285.5  24.2 285.5  24.2 2.97E-03 000.6 245.8  04.1 0.775593 0.918073 2.671269 hargrave 2020-10-15 11:58:24 
200.00 288.4  25.6 288.4  25.6 3.01E-03 000.6 244.4  06.7 0.705256 1.023140 2.704835 hargrave 2020-10-15 14:50:09 
300.00 289.4  25.0 289.4  25.0 2.48E-03 000.5 245.1  07.7 0.522276 0.799195 2.169935 hargrave 2020-10-15 17:29:08 
100.20 287.9  23.4 287.9  23.4 2.35E-03 000.5 246.7  06.3 0.358310 0.571441 2.140660 hargrave 2020-10-16 13:59:34 
300.10 268.8  23.1 268.8  23.1 2.14E-03 000.5 246.0 -11.3 0.486622 0.204110 1.772026 hargrave 2020-10-18 14:40:19 
400.10 255.9  20.7 255.9  20.7 1.76E-03 000.4 246.4 -23.4 0.300432 0.201693 1.310391 hargrave 2020-10-18 18:11:59 
400.00 288.2  22.0 288.2  22.0 1.64E-03 000.5 248.1  06.6 0.240593 0.501203 1.367458 hargrave 2020-10-19 12:04:20 
450.00 288.9  25.5 288.9  25.5 1.56E-03 000.5 244.6  07.2 0.238889 0.472087 1.295074 hargrave 2020-10-19 15:04:10 
300.20 259.5  18.9 259.5  18.9 1.54E-03 000.4 249.0 -20.4 0.367393 0.185127 1.146088 hargrave 2020-10-19 19:10:54 
450.10 251.5  18.7 251.5  18.7 1.56E-03 000.4 247.6 -27.9 0.309285 0.137724 1.074884 hargrave 2020-10-20 11:51:41 
475.10 249.7  15.5 249.7  15.5 1.56E-03 000.3 250.7 -30.3 0.308473 0.117097 1.008378 hargrave 2020-10-20 16:36:22 
475.00 287.1  25.7 287.1  25.7 1.37E-03 000.5 244.4  05.6 0.207802 0.358264 1.131120 hargrave 2020-10-21 11:35:29 
500.00 287.5  26.2 287.5  26.2 1.34E-03 000.5 243.9  05.9 0.150135 0.353032 1.096307 hargrave 2020-10-21 16:03:28 
450.20 241.9  19.1 241.9  19.1 1.57E-03 000.3 244.3 -36.5 0.340695 0.211960 0.934905 hargrave 2020-10-22 11:18:44 
500.10 240.4  17.0 240.4  17.0 1.60E-03 000.3 246.4 -38.6 0.350236 0.242311 0.951714 hargrave 2020-10-22 15:09:07 
510.10 237.1  15.8 237.1  15.8 1.63E-03 000.4 246.6 -42.0 0.543308 0.226999 0.914996 hargrave 2020-10-23 08:52:25 
510.00 287.7  20.4 287.7  20.4 1.22E-03 000.5 249.7  06.1 0.180434 0.270945 0.973381 hargrave 2020-10-23 13:04:59 
520.00 288.1  22.5 288.1  22.5 1.20E-03 000.5 247.6  06.5 0.160913 0.256497 0.970695 hargrave 2020-10-23 16:10:20 
500.20 231.4  13.0 231.4  13.0 1.61E-03 000.3 247.9 -48.1 0.389617 0.336601 0.783694 hargrave 2020-10-25 17:16:34 
520.10 231.9  10.9 231.9  10.9 1.66E-03 000.2 251.2 -48.2 0.187104 0.062483 0.782476 hargrave 2020-10-26 12:40:10 
530.10 228.9  13.4 228.9  13.4 1.67E-03 000.3 246.2 -50.2 0.425297 0.341408 0.801103 hargrave 2020-10-26 19:02:40 
530.00 284.0  24.6 284.0  24.6 1.08E-03 000.5 245.4  02.7 0.101460 0.333812 0.956052 hargrave 2020-10-27 11:10:12 
540.00 285.1  23.6 285.1  23.6 1.06E-03 000.5 246.5  03.7 0.100838 0.304214 0.932724 hargrave 2020-10-27 14:08:18 
520.20 228.9  13.4 228.9  13.4 1.58E-03 000.3 246.2 -50.2 0.357028 0.142187 0.770948 hargrave 2020-10-27 17:25:35 
540.10 225.5  12.5 225.5  12.5 1.60E-03 000.3 245.7 -53.6 0.418820 0.188696 0.692814 hargrave 2020-10-28 10:14:53 
550.10 224.0  14.0 224.0  14.0 1.56E-03 000.3 242.3 -54.4 0.417197 0.206776 0.665655 hargrave 2020-10-28 14:20:29 
550.00 282.0  22.5 282.0  22.5 9.63E-04 000.5 247.6  00.9 0.111942 0.319134 0.814133 hargrave 2020-10-28 17:21:53 
553.00 283.8  23.6 283.8  23.6 9.41E-04 000.5 246.4  02.6 0.151976 0.285339 0.827629 hargrave 2020-10-29 09:52:13 
540.20 226.2  13.0 226.2  13.0 1.44E-03 000.3 245.3 -52.8 0.416056 0.214140 0.619397 hargrave 2020-10-31 10:34:29 
553.10 226.3  15.0 226.3  15.0 1.47E-03 000.3 242.3 -52.0 0.437311 0.269274 0.689556 hargrave 2020-10-31 14:27:22 
556.10 225.0  15.0 225.0  15.0 1.43E-03 000.3 241.5 -53.1 0.405479 0.310918 0.668577 hargrave 2020-10-31 18:02:38 
556.00 278.0  21.6 278.0  21.6 8.50E-04 000.5 248.2 -02.9 0.153104 0.216007 0.718660 hargrave 2020-11-01 09:41:49 
559.00 280.6  22.3 280.6  22.3 8.30E-04 000.5 247.6 -00.5 0.078329 0.228841 0.692960 hargrave 2020-11-01 12:51:41 
553.20 227.2  15.3 227.2  15.3 1.26E-03 000.3 242.3 -51.1 0.388133 0.238098 0.621533 hargrave 2020-11-01 16:19:55 
559.10 224.5  11.3 224.5  11.3 1.34E-03 000.3 246.9 -54.9 0.405766 0.256091 0.557029 hargrave 2020-11-02 10:12:31 
562.10 223.6  09.7 223.6  09.7 1.36E-03 000.3 249.1 -56.3 0.435609 0.238945 0.555487 hargrave 2020-11-02 13:46:52 
562.00 271.4  24.0 271.4  24.0 7.32E-04 000.5 245.4 -08.8 0.094331 0.134816 0.616948 hargrave 2020-11-02 17:00:54 
565.00 276.1  24.1 276.1  24.1 6.79E-04 000.5 245.6 -04.5 0.146742 0.140491 0.544172 hargrave 2020-11-03 09:53:28 
559.20 222.7  13.1 222.7  13.1 1.23E-03 000.3 242.9 -55.9 0.417617 0.263585 0.515316 hargrave 2020-11-03 13:20:27 
565.10 219.5  06.7 219.5  06.7 1.34E-03 000.3 252.2 -61.1 0.520196 0.322038 0.449189 hargrave 2020-11-03 17:02:21 
570.10 211.6  08.1 211.6  08.1 1.61E-03 000.3 242.6 -67.9 0.648602 0.463433 0.471208 hargrave 2020-11-04 10:18:57 
570.00 260.2  20.9 260.2  20.9 6.19E-04 000.4 247.0 -19.4 0.178751 0.116078 0.472758 hargrave 2020-11-04 13:28:31 
575.00 274.4  22.8 274.4  22.8 5.27E-04 000.4 246.8 -06.2 0.046149 0.135906 0.419724 hargrave 2020-11-04 16:33:20 
565.20 213.5  08.5 213.5  08.5 1.27E-03 000.3 243.7 -66.0 0.453918 0.378452 0.346122 hargrave 2020-11-04 20:16:17 
575.10 207.1  04.8 207.1  04.8 1.73E-03 000.3 245.7 -73.3 0.696321 0.587088 0.377850 hargrave 2020-11-05 11:46:33 
580.10 202.3  03.5 202.3  03.5 1.92E-03 000.3 242.3 -78.3 0.754447 0.632670 0.287796 hargrave 2020-11-05 15:16:41 
580.00 259.6  22.3 259.6  22.3 4.26E-04 000.4 245.4 -19.7 0.052622 0.085918 0.329907 hargrave 2020-11-05 18:30:12 
585.00 272.2  23.7 272.2  23.7 3.13E-04 000.5 245.7 -08.0 0.103804 0.117361 0.272410 hargrave 2020-11-06 09:48:16 
575.20 200.4  01.9 200.4  01.9 1.87E-03 000.3 245.2 -80.7 0.723962 0.609051 0.201030 hargrave 2020-11-06 13:36:12 
585.10 198.8  02.1 198.8  02.1 2.11E-03 000.3 239.2 -82.0 0.821408 0.676869 0.186013 hargrave 2020-11-06 18:02:42 
