BD2- 11a sun compass orientation
      0  59.5  74.0   0.0   0.0   1.0
NRM    290.4  21.0 290.4  21.0 1.65E-03 000.4 256.2  52.7 0.833753 0.564110 0.882004 hargrave 2020-10-12 16:15:07 
100.00 290.8  23.3 290.8  23.3 1.65E-03 000.4 252.3  52.9 0.648295 0.632231 0.836602 hargrave 2020-10-14 11:21:14 
100.10 290.9  20.0 290.9  20.0 1.63E-03 000.4 257.8  53.2 0.667268 0.636457 0.810455 hargrave 2020-10-14 16:57:43 
200.10 290.4  21.6 290.4  21.6 1.58E-03 000.4 255.2  52.7 0.654390 0.525076 0.848476 hargrave 2020-10-15 11:44:08 
200.00 290.9  22.3 290.9  22.3 1.58E-03 000.4 254.0  53.1 0.483637 0.570098 0.888939 hargrave 2020-10-15 14:38:11 
300.00 292.0  20.5 292.0  20.5 1.33E-03 000.4 257.0  54.1 0.356896 0.613795 0.756257 hargrave 2020-10-15 17:18:04 
100.20 291.7  18.9 291.7  18.9 1.32E-03 000.4 259.6  53.9 0.448760 0.456728 0.756561 hargrave 2020-10-16 13:45:15 
300.10 285.7  23.2 285.7  23.2 1.04E-03 000.5 252.8  48.3 0.480861 0.604334 0.588321 hargrave 2020-10-18 14:23:41 
400.10 238.1  22.8 238.1  22.8 3.97E-04 000.4 247.6  04.9 0.093845 0.087537 0.299140 hargrave 2020-10-18 17:56:18 
400.00 289.2  23.6 289.2  23.6 5.63E-04 000.5 252.0  51.4 0.187884 0.286691 0.343774 hargrave 2020-10-19 11:52:05 
450.00 289.6  23.3 289.6  23.3 4.80E-04 000.5 252.5  51.8 0.143361 0.230685 0.301045 hargrave 2020-10-19 14:51:54 
300.20 266.6  25.8 266.6  25.8 3.56E-04 000.5 249.1  31.0 0.107158 0.160718 0.261412 hargrave 2020-10-19 18:55:40 
450.10 218.6  14.0 218.6  14.0 3.40E-04 000.4 250.1 -15.4 0.077246 0.095740 0.239208 hargrave 2020-10-20 11:36:15 
475.10 199.6  07.6 199.6  07.6 3.71E-04 000.4 248.3 -35.1 0.129315 0.097771 0.217261 hargrave 2020-10-20 16:20:09 
475.00 288.5  26.3 288.5  26.3 4.02E-04 000.4 247.9  50.6 0.120310 0.149790 0.246986 hargrave 2020-10-21 11:23:15 
500.00 288.8  25.3 288.8  25.3 3.74E-04 000.5 249.4  50.9 0.113936 0.178415 0.226704 hargrave 2020-10-21 15:51:13 
450.20 185.4  00.2 185.4  00.2 4.49E-04 000.4 248.9 -51.0 0.198737 0.176534 0.193249 hargrave 2020-10-22 11:03:26 
500.10 180.6 -00.8 180.6 -00.8 4.80E-04 000.4 246.7 -55.8 0.217121 0.209179 0.182953 hargrave 2020-10-22 14:51:58 
510.10 178.3 -02.1 178.3 -02.1 5.06E-04 000.4 246.9 -58.4 0.244110 0.245783 0.189114 hargrave 2020-10-22 18:36:26 
510.00 288.1  25.6 288.1  25.6 3.28E-04 000.4 249.0  50.3 0.109757 0.091718 0.208973 hargrave 2020-10-23 12:52:42 
520.00 288.0  26.5 288.0  26.5 3.16E-04 000.4 247.6  50.1 0.105383 0.093192 0.195121 hargrave 2020-10-23 15:58:01 
500.20 170.0 -07.3 170.0 -07.3 6.11E-04 000.4 249.0 -68.1 0.279502 0.329948 0.157931 hargrave 2020-10-25 17:01:01 
520.10 168.5 -07.0 168.5 -07.0 6.47E-04 000.4 246.2 -69.4 0.274873 0.337965 0.183550 hargrave 2020-10-26 11:31:56 
530.10 169.8 -06.9 169.8 -06.9 7.14E-04 000.4 247.6 -68.2 0.311809 0.322173 0.201371 hargrave 2020-10-26 18:48:09 
530.00 286.0  23.9 286.0  23.9 2.80E-04 000.4 251.9  48.5 0.054472 0.070696 0.183772 hargrave 2020-10-27 10:57:55 
540.00 286.6  24.4 286.6  24.4 2.68E-04 000.4 251.1  49.0 0.070509 0.088463 0.160624 hargrave 2020-10-27 13:56:36 
520.20 164.6 -06.8 164.6 -06.8 7.65E-04 000.3 239.8 -72.6 0.329812 0.282750 0.136056 hargrave 2020-10-27 17:10:04 
540.10 163.4 -09.3 163.4 -09.3 8.09E-04 000.4 245.4 -74.9 0.394898 0.346025 0.118996 hargrave 2020-10-28 10:00:12 
550.10 160.6 -09.8 160.6 -09.8 8.79E-04 000.4 241.3 -77.5 0.396857 0.381190 0.110484 hargrave 2020-10-28 14:05:48 
550.00 280.3  25.6 280.3  25.6 2.10E-04 000.4 249.6  43.2 0.063337 0.073063 0.142115 hargrave 2020-10-28 17:09:29 
553.00 284.4  29.2 284.4  29.2 2.16E-04 000.5 244.2  46.6 0.067667 0.102612 0.134810 hargrave 2020-10-29 09:39:56 
540.20 159.5 -09.5 159.5 -09.5 9.39E-04 000.4 237.4 -78.3 0.431041 0.392153 0.129537 hargrave 2020-10-31 10:19:27 
553.10 159.2 -11.9 159.2 -11.9 9.88E-04 000.4 247.4 -79.8 0.500077 0.479170 0.071596 hargrave 2020-10-31 14:11:55 
556.10 158.3 -09.4 158.3 -09.4 1.02E-03 000.4 233.4 -79.2 0.497323 0.479030 0.054320 hargrave 2020-10-31 17:48:01 
556.00 283.8  25.2 283.8  25.2 1.78E-04 000.4 250.1  46.5 0.056805 0.067024 0.113150 hargrave 2020-11-01 09:30:20 
559.00 284.4  27.4 284.4  27.4 1.77E-04 000.5 246.8  46.8 0.071409 0.087745 0.115957 hargrave 2020-11-01 12:40:20 
553.20 157.5 -12.2 157.5 -12.2 1.06E-03 000.3 245.1 -81.3 0.476337 0.426910 0.048376 hargrave 2020-11-01 16:04:35 
559.10 156.4 -12.5 156.4 -12.5 1.10E-03 000.3 243.0 -82.4 0.472938 0.437083 0.038062 hargrave 2020-11-02 09:57:07 
562.10 155.9 -11.9 155.9 -11.9 1.12E-03 000.3 237.4 -82.5 0.489059 0.478775 0.048675 hargrave 2020-11-02 13:31:27 
562.00 280.8  27.5 280.8  27.5 1.07E-04 000.5 247.0  43.6 0.068154 0.054170 0.070396 hargrave 2020-11-02 16:48:34 
565.00 281.7  24.3 281.7  24.3 1.06E-04 000.6 251.5  44.6 0.069596 0.070067 0.070778 hargrave 2020-11-03 09:41:55 
559.20 156.2 -12.4 156.2 -12.4 1.11E-03 000.4 241.4 -82.6 0.517719 0.517863 0.057805 hargrave 2020-11-03 13:05:55 
565.10 155.2 -13.4 155.2 -13.4 1.14E-03 000.4 245.5 -83.9 0.517625 0.511579 0.105177 hargrave 2020-11-03 16:46:54 
570.10 154.7 -12.4 154.7 -12.4 1.18E-03 000.3 235.2 -83.8 0.512213 0.505798 0.041765 hargrave 2020-11-04 10:03:33 
570.00 277.0  25.3 277.0  25.3 9.17E-05 000.4 250.2  40.3 0.019506 0.023976 0.067064 hargrave 2020-11-04 13:17:05 
575.00 281.5  24.2 281.5  24.2 9.26E-05 000.4 251.5  44.4 0.028191 0.029182 0.061388 hargrave 2020-11-04 16:21:07 
565.20 153.6 -13.0 153.6 -13.0 1.15E-03 000.4 233.5 -85.0 0.521007 0.506773 0.064741 hargrave 2020-11-04 20:01:41 
575.10 155.0 -12.0 155.0 -12.0 1.16E-03 000.4 233.8 -83.4 0.560347 0.511769 0.046805 hargrave 2020-11-05 11:31:52 
580.10 154.3 -13.1 154.3 -13.1 1.16E-03 000.4 238.6 -84.5 0.546623 0.529361 0.077720 hargrave 2020-11-05 15:02:01 
580.00 273.8  27.0 273.8  27.0 7.67E-05 000.6 248.0  37.4 0.043022 0.051798 0.054349 hargrave 2020-11-05 18:18:01 
585.00 277.6  24.9 277.6  24.9 8.29E-05 000.6 250.7  40.9 0.048966 0.055262 0.055423 hargrave 2020-11-06 09:36:50 
575.20 154.9 -13.9 154.9 -13.9 1.17E-03 000.4 248.8 -84.4 0.553313 0.472182 0.056287 hargrave 2020-11-06 13:21:42 
585.10 154.6 -12.0 154.6 -12.0 1.18E-03 000.4 231.8 -83.7 0.529122 0.511729 0.040426 hargrave 2020-11-06 17:48:12 
