BD2- 1b mag compass orientation (IGRF corrected)
      0  49.7  62.0   0.0   0.0   1.0
NRM    292.2  15.4 292.2  15.4 2.46E-03 000.3 290.6  61.6 0.699607 0.531477 0.840793 hargrave 2019-12-18 16:24:44 
100.00 291.7  16.1 291.7  16.1 2.43E-03 000.3 288.9  61.6 0.713731 0.592217 1.114367 hargrave 2019-12-19 09:50:22 
100.10 289.9  17.5 289.9  17.5 2.37E-03 000.3 284.6  60.7 0.713121 0.563432 1.161195 hargrave 2019-12-19 14:39:19 
200.10 289.5  13.7 289.5  13.7 2.22E-03 000.4 290.7  58.5 0.704162 0.567260 1.361844 hargrave 2019-12-20 09:53:15 
200.00 290.9  13.8 290.9  13.8 2.30E-03 000.4 292.0  59.7 0.719194 0.568545 1.471318 hargrave 2019-12-20 13:01:54 
300.00 290.8  14.1 290.8  14.1 2.25E-03 000.4 291.3  59.8 0.877686 0.626524 1.469987 hargrave 2019-12-20 16:54:42 
100.20 291.3  12.7 291.3  12.7 2.22E-03 000.4 294.2  59.4 0.733150 0.659537 1.588881 hargrave 2019-12-21 11:26:28 
300.10 289.9  12.1 289.9  12.1 2.14E-03 000.3 293.7  57.9 0.600670 0.540955 1.060912 hargrave 2019-12-21 14:43:17 
400.10 286.2  12.1 286.2  12.1 1.84E-03 000.4 290.1  54.9 0.723812 0.417300 1.347789 hargrave 2019-12-22 11:58:37 
400.00 288.9  13.9 288.9  13.9 1.98E-03 000.4 289.8  58.1 0.712496 0.514666 1.367589 hargrave 2019-12-22 14:36:43 
425.00 290.6  13.5 290.6  13.5 1.95E-03 000.4 292.1  59.3 0.819611 0.493828 1.380358 hargrave 2019-12-23 10:33:38 
300.20 287.2  14.2 287.2  14.2 1.84E-03 000.4 287.7  56.9 0.635477 0.474173 1.218303 hargrave 2019-12-23 13:37:12 
425.10 286.7  08.8 286.7  08.8 1.66E-03 000.4 295.3  53.4 0.635541 0.499273 1.190707 hargrave 2019-12-24 01:28:04 
450.10 283.2  07.5 283.2  07.5 1.48E-03 000.5 293.7  49.9 0.686410 0.509455 1.136206 hargrave 2019-12-24 11:28:28 
450.00 287.8  13.1 287.8  13.1 1.70E-03 000.4 290.0  56.7 0.575103 0.678571 1.212655 hargrave 2019-12-25 12:11:41 
475.00 289.9  12.4 289.9  12.4 1.69E-03 000.5 293.3  58.1 0.555469 0.790517 1.185985 hargrave 2019-12-25 15:46:40 
425.20 273.5 -00.1 273.5 -00.1 1.19E-03 000.6 294.4  37.6 0.510247 0.533024 1.053538 hargrave 2019-12-26 10:36:35 
475.10 252.9 -18.2 252.9 -18.2 9.63E-04 001.0 297.4  10.6 0.537445 0.403251 1.664437 hargrave 2019-12-26 14:34:24 
500.10 227.7 -37.3 227.7 -37.3 9.79E-04 000.5 303.3 -18.0 0.358497 0.309318 0.795386 hargrave 2019-12-27 12:07:48 
500.00 288.5  10.6 288.5  10.6 1.43E-03 000.4 294.6  56.0 0.316623 0.693292 0.940336 hargrave 2019-12-27 16:05:09 
520.00 290.7  09.3 290.7  09.3 1.37E-03 000.4 298.8  56.9 0.340433 0.628876 0.770124 hargrave 2019-12-28 15:44:10 
475.20 191.4 -40.8 191.4 -40.8 1.23E-03 000.4 300.9 -46.1 0.564749 0.132219 0.656647 hargrave 2019-12-29 14:17:33 
520.10 171.5 -40.0 171.5 -40.0 1.62E-03 000.3 302.9 -61.3 0.540304 0.430049 0.543873 hargrave 2019-12-30 10:39:59 
530.10 168.1 -40.4 168.1 -40.4 1.79E-03 000.3 305.5 -63.6 0.694559 0.599527 0.565402 hargrave 2019-12-30 14:33:16 
530.00 286.4  06.2 286.4  06.2 1.11E-03 000.3 298.3  51.6 0.448288 0.256429 0.519639 hargrave 2019-12-30 20:50:14 
540.00 287.2  09.5 287.2  09.5 1.10E-03 000.3 294.8  54.2 0.356795 0.280730 0.454395 hargrave 2020-01-01 09:54:12 
520.20 164.6 -40.5 164.6 -40.5 1.89E-03 000.4 307.9 -66.1 0.711016 0.923579 0.629296 hargrave 2020-01-01 13:21:44 
540.10 156.8 -40.0 156.8 -40.0 2.26E-03 000.4 314.8 -71.5 0.879529 1.054405 0.593186 hargrave 2020-01-01 17:17:16 
550.10 152.1 -37.4 152.1 -37.4 2.52E-03 000.3 315.1 -76.0 0.886985 1.137780 0.541904 hargrave 2020-01-02 12:47:41 
550.00 279.7  05.6 279.7  05.6 7.37E-04 000.3 293.0  45.9 0.078757 0.170018 0.411009 hargrave 2020-01-02 17:18:39 
553.00 282.9  08.1 282.9  08.1 7.74E-04 000.3 292.6  50.0 0.140943 0.169260 0.410158 hargrave 2020-01-03 10:53:30 
540.20 155.6 -38.7 155.6 -38.7 2.26E-03 000.4 313.2 -73.0 0.881020 1.018072 0.506658 hargrave 2020-01-03 14:21:04 
553.10 185.9 -27.3 185.9 -27.3 2.72E-03 000.3 313.2 -77.5 1.046555 1.224210 0.543506 hargrave 2020-01-14 15:16:38 
556.10 182.5 -26.7 182.5 -26.7 2.83E-03 000.3 322.4 -80.1 1.083242 1.020845 0.529497 hargrave 2020-01-18 14:11:59 
556.00 307.7 -05.3 307.7 -05.3 5.44E-04 000.3 292.4  36.9 0.111394 0.086021 0.338864 hargrave 2020-01-19 10:39:15 
559.00 315.7 -01.0 315.7 -01.0 6.12E-04 000.3 292.5  45.9 0.163936 0.129690 0.315527 hargrave 2020-01-19 14:04:11 
553.20 183.0 -27.4 183.0 -27.4 2.66E-03 000.3 322.8 -79.3 1.001665 0.983790 0.494919 hargrave 2020-01-20 10:35:27 
559.10 145.2 -36.6 145.2 -36.6 2.87E-03 000.3 333.2 -80.2 1.018081 1.003882 0.548983 hargrave 2020-01-20 14:49:28 
562.10 149.2 -36.4 149.2 -36.4 2.84E-03 000.3 318.9 -78.4 1.019602 1.037903 0.512507 hargrave 2020-01-21 08:32:12 
562.00 277.5  02.3 277.5  02.3 5.22E-04 000.4 294.9  42.3 0.243479 0.159276 0.289096 hargrave 2020-01-21 12:18:35 
565.00 279.5  06.2 279.5  06.2 5.29E-04 000.4 292.1  46.2 0.205752 0.155699 0.275975 hargrave 2020-01-21 15:23:29 
559.20 144.5 -35.7 144.5 -35.7 2.66E-03 000.3 333.7 -81.3 0.986098 0.933498 0.486667 hargrave 2020-01-22 10:26:47 
565.10 146.0 -34.7 146.0 -34.7 2.93E-03 000.3 322.8 -81.4 1.153066 1.097712 0.427660 hargrave 2020-01-22 14:26:38 
570.10 142.8 -33.7 142.8 -33.7 3.21E-03 000.3 335.5 -83.7 1.246521 1.202840 0.373980 hargrave 2020-01-23 11:50:46 
570.00 263.3 -06.1 263.3 -06.1 3.47E-04 000.4 293.0  25.9 0.028998 0.076716 0.226721 hargrave 2020-01-23 15:43:49 
575.00 280.7  02.8 280.7  02.8 4.08E-04 000.4 297.1  45.1 0.172837 0.138939 0.206822 hargrave 2020-01-24 10:41:04 
565.20 143.6 -34.2 143.6 -34.2 2.97E-03 000.3 332.5 -82.9 1.221419 1.168670 0.536872 hargrave 2020-01-24 14:33:11 
575.10 142.7 -32.9 142.7 -32.9 3.31E-03 000.3 333.4 -84.4 1.399166 1.377534 0.381751 hargrave 2020-01-25 14:10:05 
580.10 141.0 -32.2 141.0 -32.2 3.61E-03 000.3 345.8 -85.7 1.451349 1.442528 0.450917 hargrave 2020-01-26 12:11:44 
580.00 265.6 -02.9 265.6 -02.9 2.55E-04 000.4 291.5  29.6 0.073227 0.053537 0.160067 hargrave 2020-01-26 15:44:20 
585.00 272.4  03.9 272.4  03.9 2.58E-04 000.3 289.3  39.0 0.054380 0.065391 0.137594 hargrave 2020-01-27 12:27:09 
575.20 139.7 -32.4 139.7 -32.4 3.33E-03 000.3 000.3 -85.6 1.274537 1.259060 0.313724 hargrave 2020-01-28 08:21:04 
585.10 138.0 -31.7 138.0 -31.7 3.52E-03 000.3 020.9 -86.0 1.432178 1.459275 0.239530 hargrave 2020-01-30 12:29:21 
