BD2- 8b mag compass orientation (IGRF corrected)
      0  74.7  71.0   0.0   0.0   1.0
NRM    279.9  20.6 279.9  20.6 1.55E-03 000.5 256.5  29.4 0.783528 0.259475 0.977507 hargrave 2019-12-18 17:28:48 
100.00 279.2  24.3 279.2  24.3 1.54E-03 000.5 252.2  29.5 0.791702 0.387165 1.013590 hargrave 2019-12-19 10:38:27 
100.10 278.9  26.2 278.9  26.2 1.51E-03 000.5 250.0  29.4 0.529383 0.479992 1.013798 hargrave 2019-12-19 16:02:02 
200.10 278.0  26.3 278.0  26.3 1.44E-03 000.5 249.8  28.6 0.736223 0.525447 0.971219 hargrave 2019-12-20 10:47:16 
200.00 279.1  27.7 279.1  27.7 1.45E-03 000.6 248.3  29.8 0.803781 0.568199 1.017128 hargrave 2019-12-20 13:49:50 
300.00 279.8  25.4 279.8  25.4 1.06E-03 000.5 251.0  30.1 0.388091 0.531268 0.792184 hargrave 2019-12-20 17:44:51 
100.20 279.1  28.8 279.1  28.8 1.05E-03 000.6 247.0  29.9 0.491556 0.493863 0.755103 hargrave 2019-12-21 12:19:47 
300.10 272.1  24.6 272.1  24.6 9.89E-04 000.6 250.6  23.1 0.288262 0.702015 0.837557 hargrave 2019-12-21 15:36:51 
400.10 233.6  15.8 233.6  15.8 5.38E-04 000.5 247.5 -13.8 0.297939 0.151149 0.392480 hargrave 2019-12-22 12:49:02 
400.00 275.8  26.1 275.8  26.1 5.67E-04 000.6 249.7  26.7 0.235629 0.287401 0.420851 hargrave 2019-12-22 15:22:57 
425.00 278.6  22.8 278.6  22.8 4.93E-04 000.6 253.8  28.7 0.152882 0.272483 0.401017 hargrave 2019-12-23 11:18:08 
300.20 253.2  21.6 253.2  21.6 4.34E-04 000.5 249.1  05.6 0.110471 0.212884 0.356694 hargrave 2019-12-23 14:28:33 
425.10 222.1  09.7 222.1  09.7 4.79E-04 000.4 248.1 -26.6 0.167481 0.156273 0.320956 hargrave 2019-12-24 02:20:31 
450.10 215.8  11.8 215.8  11.8 4.67E-04 000.4 242.6 -30.9 0.202264 0.121787 0.294409 hargrave 2019-12-24 12:20:20 
450.00 276.1  25.9 276.1  25.9 4.31E-04 000.6 250.0  26.9 0.073001 0.228723 0.350970 hargrave 2019-12-25 12:56:06 
475.00 277.5  25.7 277.5  25.7 4.09E-04 000.6 250.4  28.2 0.088843 0.207464 0.358865 hargrave 2019-12-25 16:33:49 
425.20 211.7  07.6 211.7  07.6 4.91E-04 000.4 244.6 -36.6 0.234543 0.151580 0.252898 hargrave 2019-12-26 11:27:46 
475.10 206.4  05.1 206.4  05.1 5.22E-04 000.3 243.8 -42.4 0.197507 0.169121 0.238212 hargrave 2019-12-26 15:26:17 
500.10 202.9  02.8 202.9  02.8 5.43E-04 000.4 243.9 -46.5 0.155639 0.319581 0.209884 hargrave 2019-12-27 12:59:50 
500.00 276.4  24.2 276.4  24.2 3.50E-04 000.6 251.9  26.9 0.082858 0.185596 0.341511 hargrave 2019-12-27 16:53:02 
520.00 276.8  24.7 276.8  24.7 3.23E-04 000.6 251.4  27.4 0.107665 0.168189 0.280600 hargrave 2019-12-28 16:30:26 
475.20 196.2 -00.5 196.2 -00.5 5.63E-04 000.4 242.7 -54.0 0.167956 0.314616 0.132434 hargrave 2019-12-29 15:09:45 
520.10 192.8 -03.4 192.8 -03.4 6.06E-04 000.3 243.8 -58.4 0.214930 0.255445 0.129849 hargrave 2019-12-30 11:32:46 
530.10 189.0 -02.4 189.0 -02.4 6.25E-04 000.3 237.9 -61.0 0.237842 0.261308 0.140986 hargrave 2019-12-30 15:28:01 
530.00 274.1  24.3 274.1  24.3 2.90E-04 000.5 251.4  24.9 0.104383 0.096318 0.228043 hargrave 2019-12-30 21:35:47 
540.00 274.9  26.0 274.9  26.0 2.68E-04 000.5 249.6  25.9 0.054690 0.055342 0.203575 hargrave 2020-01-01 10:41:57 
520.20 183.4 -06.6 183.4 -06.6 6.99E-04 000.3 238.2 -68.0 0.236917 0.284725 0.160693 hargrave 2020-01-01 14:13:52 
540.10 180.9 -07.8 180.9 -07.8 7.81E-04 000.3 236.8 -70.7 0.319885 0.300307 0.181070 hargrave 2020-01-01 18:09:41 
550.10 178.7 -09.5 178.7 -09.5 8.29E-04 000.3 236.9 -73.4 0.345066 0.302397 0.188070 hargrave 2020-01-02 13:40:59 
550.00 271.3  24.0 271.3  24.0 2.22E-04 000.4 251.1  22.3 0.032231 0.030955 0.169710 hargrave 2020-01-02 18:04:29 
553.00 273.3  23.8 273.3  23.8 2.18E-04 000.4 251.7  24.0 0.060971 0.030293 0.163333 hargrave 2020-01-03 11:39:03 
540.20 178.1 -09.6 178.1 -09.6 8.63E-04 000.4 236.0 -74.0 0.399294 0.305200 0.215546 hargrave 2020-01-03 15:13:11 
553.10 177.1 -10.5 177.1 -10.5 9.48E-04 000.4 236.5 -75.3 0.468872 0.307193 0.273955 hargrave 2020-01-14 16:07:12 
556.10 175.2 -10.4 175.2 -10.4 9.67E-04 000.3 231.1 -76.7 0.366498 0.375454 0.185052 hargrave 2020-01-18 15:02:36 
556.00 267.7  25.3 267.7  25.3 1.86E-04 000.5 249.0  19.4 0.065534 0.014177 0.151733 hargrave 2020-01-19 11:22:17 
559.00 270.4  24.3 270.4  24.3 1.82E-04 000.6 250.6  21.6 0.111434 0.026181 0.150918 hargrave 2020-01-19 14:47:12 
553.20 172.7 -09.9 172.7 -09.9 9.79E-04 000.3 221.7 -78.0 0.418102 0.401162 0.170145 hargrave 2020-01-20 11:24:15 
559.10 174.0 -12.0 174.0 -12.0 1.00E-03 000.3 233.4 -78.7 0.448337 0.425773 0.199249 hargrave 2020-01-20 15:22:34 
562.10 173.6 -12.0 173.6 -12.0 1.01E-03 000.3 232.1 -79.0 0.396144 0.399673 0.114409 hargrave 2020-01-21 09:02:53 
562.00 268.5  21.4 268.5  21.4 1.64E-04 000.6 253.2  19.2 0.076344 0.035567 0.145407 hargrave 2020-01-21 12:48:10 
565.00 269.3  23.1 269.3  23.1 1.60E-04 000.5 251.6  20.3 0.055205 0.034698 0.134805 hargrave 2020-01-21 15:52:53 
559.20 172.8 -12.8 172.8 -12.8 1.01E-03 000.3 232.4 -80.0 0.429663 0.393708 0.109729 hargrave 2020-01-22 10:57:32 
565.10 173.2 -13.4 173.2 -13.4 1.02E-03 000.3 236.8 -80.1 0.395911 0.439388 0.135960 hargrave 2020-01-22 15:02:05 
570.10 170.2 -13.6 170.2 -13.6 1.05E-03 000.3 224.7 -82.4 0.454070 0.437713 0.135954 hargrave 2020-01-23 12:22:13 
570.00 259.6  21.9 259.6  21.9 1.16E-04 000.5 250.5  11.3 0.045055 0.039688 0.101867 hargrave 2020-01-23 16:12:27 
575.00 267.8  23.2 267.8  23.2 9.73E-05 000.7 251.3  19.0 0.074309 0.040584 0.089640 hargrave 2020-01-24 11:11:49 
565.20 169.9 -13.7 169.9 -13.7 1.04E-03 000.4 224.2 -82.7 0.478578 0.483050 0.146149 hargrave 2020-01-24 15:05:37 
575.10 169.3 -14.8 169.3 -14.8 1.06E-03 000.4 227.2 -83.9 0.497899 0.452758 0.152078 hargrave 2020-01-25 14:41:36 
580.10 168.5 -14.8 168.5 -14.8 1.08E-03 000.4 221.7 -84.5 0.541044 0.468318 0.126773 hargrave 2020-01-26 12:44:22 
580.00 266.0  21.8 266.0  21.8 8.01E-05 000.6 252.3  17.0 0.014694 0.035859 0.071856 hargrave 2020-01-26 16:13:59 
585.00 269.1  20.6 269.1  20.6 7.87E-05 000.6 254.2  19.5 0.014959 0.033258 0.071893 hargrave 2020-01-27 12:56:58 
575.20 169.5 -15.6 169.5 -15.6 1.07E-03 000.4 233.7 -84.3 0.496529 0.449782 0.111514 hargrave 2020-01-28 08:52:51 
585.10 169.2 -15.6 169.2 -15.6 1.07E-03 000.4 232.0 -84.5 0.510497 0.453929 0.117907 hargrave 2020-01-30 13:02:36 
