BD5- 5b sun compass orientation
      0  15.3  84.0   0.0   0.0   1.0
NRM    283.7  47.1 283.7  47.1 7.99E-04 000.5 181.7  48.9 0.289357 0.511760 0.494833 hargrave 2019-12-18 17:31:49 
100.00 284.9  46.9 284.9  46.9 7.99E-04 000.5 180.4  49.1 0.164569 0.531567 0.384314 hargrave 2019-12-19 10:40:07 
100.10 286.2  47.8 286.2  47.8 7.47E-04 000.5 179.1  48.2 0.230765 0.450713 0.434748 hargrave 2019-12-19 16:04:15 
200.10 286.5  46.8 286.5  46.8 7.02E-04 000.4 178.7  49.2 0.100151 0.350444 0.294790 hargrave 2019-12-20 10:49:28 
200.00 287.6  46.8 287.6  46.8 7.02E-04 000.4 177.6  49.1 0.115888 0.344291 0.289029 hargrave 2019-12-20 13:51:31 
300.00 284.7  46.8 284.7  46.8 6.87E-04 000.3 180.7  49.2 0.119291 0.305371 0.279768 hargrave 2019-12-20 17:46:31 
100.20 284.2  47.4 284.2  47.4 6.70E-04 000.3 181.2  48.5 0.101814 0.241851 0.264466 hargrave 2019-12-21 12:21:58 
300.10 284.2  47.8 284.2  47.8 6.53E-04 000.3 181.1  48.2 0.076287 0.285389 0.275687 hargrave 2019-12-21 15:38:56 
400.10 290.2  48.1 290.2  48.1 6.24E-04 000.3 175.1  47.7 0.124067 0.252967 0.255656 hargrave 2019-12-22 12:51:14 
400.00 287.0  47.7 287.0  47.7 6.25E-04 000.3 178.3  48.3 0.137668 0.270596 0.263692 hargrave 2019-12-22 15:24:38 
425.00 289.0  47.4 289.0  47.4 6.15E-04 000.4 176.2  48.5 0.196579 0.334326 0.253130 hargrave 2019-12-23 11:19:49 
300.20 286.9  47.5 286.9  47.5 5.95E-04 000.4 178.4  48.4 0.164129 0.260958 0.257729 hargrave 2019-12-23 14:30:52 
425.10 289.6  47.6 289.6  47.6 5.73E-04 000.3 175.7  48.2 0.166075 0.196803 0.265589 hargrave 2019-12-24 02:22:42 
450.10 289.1  47.4 289.1  47.4 5.62E-04 000.4 176.2  48.5 0.192821 0.224819 0.260024 hargrave 2019-12-24 12:22:31 
450.00 287.7  46.5 287.7  46.5 5.72E-04 000.4 177.4  49.5 0.191619 0.276596 0.228767 hargrave 2019-12-25 12:57:46 
475.00 289.4  46.7 289.4  46.7 5.63E-04 000.4 175.7  49.2 0.167657 0.263904 0.270106 hargrave 2019-12-25 16:35:29 
425.20 289.4  47.0 289.4  47.0 5.55E-04 000.4 175.7  48.8 0.198975 0.251982 0.262937 hargrave 2019-12-26 11:29:58 
475.10 288.9  47.4 288.9  47.4 5.39E-04 000.4 176.3  48.5 0.198782 0.191797 0.283517 hargrave 2019-12-26 15:28:29 
500.10 288.7  48.3 288.7  48.3 5.18E-04 000.5 176.7  47.6 0.219047 0.192794 0.339443 hargrave 2019-12-27 13:02:02 
500.00 286.1  46.5 286.1  46.5 5.30E-04 000.5 179.1  49.5 0.182429 0.289433 0.300387 hargrave 2019-12-27 16:54:42 
520.00 287.1  46.3 287.1  46.3 5.15E-04 000.5 178.0  49.7 0.209764 0.207456 0.302540 hargrave 2019-12-28 16:32:06 
475.20 291.5  48.4 291.5  48.4 4.83E-04 000.5 173.9  47.3 0.221759 0.150838 0.308680 hargrave 2019-12-29 15:11:58 
520.10 288.6  51.3 288.6  51.3 4.37E-04 000.5 177.1  44.6 0.220208 0.167023 0.307024 hargrave 2019-12-30 11:34:58 
530.10 292.3  53.8 292.3  53.8 4.31E-04 000.5 174.5  41.9 0.158144 0.125722 0.344465 hargrave 2019-12-30 15:31:03 
530.00 287.9  47.2 287.9  47.2 4.63E-04 000.5 177.3  48.8 0.214354 0.166262 0.336868 hargrave 2019-12-30 21:37:28 
540.00 285.4  45.9 285.4  45.9 4.12E-04 000.5 179.9  50.1 0.196837 0.203095 0.286216 hargrave 2020-01-01 10:43:37 
520.20 284.7  62.3 284.7  62.3 3.23E-04 000.5 180.3  33.7 0.096662 0.134108 0.265400 hargrave 2020-01-01 14:16:53 
540.10 095.9  80.8 095.9  80.8 2.42E-04 000.5 178.5 -03.1 0.091740 0.046445 0.209096 hargrave 2020-01-01 18:12:43 
550.10 107.6  43.3 107.6  43.3 2.89E-04 000.4 182.2 -40.7 0.078404 0.099881 0.187495 hargrave 2020-01-02 13:44:00 
550.00 286.5  48.2 286.5  48.2 3.18E-04 000.5 178.8  47.7 0.110836 0.178641 0.193870 hargrave 2020-01-02 18:06:11 
553.00 289.5  49.1 289.5  49.1 3.09E-04 000.5 176.0  46.7 0.087122 0.185347 0.184530 hargrave 2020-01-03 11:40:43 
540.20 106.3  20.1 106.3  20.1 4.52E-04 000.4 182.1 -63.9 0.201702 0.151910 0.214234 hargrave 2020-01-03 15:15:23 
553.10 108.8  10.1 108.8  10.1 6.77E-04 000.4 192.2 -73.5 0.332247 0.236804 0.285783 hargrave 2020-01-14 16:09:24 
556.10 106.4  05.6 106.4  05.6 8.56E-04 000.3 185.6 -78.4 0.336503 0.382792 0.048648 hargrave 2020-01-18 15:04:49 
556.00 284.0  49.9 284.0  49.9 2.63E-04 000.5 181.2  46.1 0.108809 0.119330 0.193218 hargrave 2020-01-19 11:23:57 
559.00 296.7  49.2 296.7  49.2 2.37E-04 000.6 169.3  45.7 0.129197 0.091457 0.215177 hargrave 2020-01-19 14:48:52 
553.20 104.9  01.0 104.9  01.0 1.24E-03 000.3 176.8 -83.0 0.540199 0.548627 0.116096 hargrave 2020-01-20 11:26:27 
559.10 105.5 -00.4 105.5 -00.4 1.41E-03 000.4 182.4 -84.4 0.597045 0.659115 0.181321 hargrave 2020-01-20 15:24:45 
562.10 105.5 -01.1 105.5 -01.1 1.49E-03 000.3 182.4 -85.1 0.618095 0.637993 0.103410 hargrave 2020-01-21 09:04:55 
562.00 285.3  50.0 285.3  50.0 2.00E-04 000.7 180.0  46.0 0.126002 0.125958 0.165140 hargrave 2020-01-21 12:50:30 
565.00 288.9  52.1 288.9  52.1 1.90E-04 000.6 176.9  43.8 0.086719 0.105367 0.140321 hargrave 2020-01-21 15:54:24 
559.20 105.9 -03.7 105.9 -03.7 1.87E-03 000.4 195.0 -87.6 0.850123 0.823357 0.223017 hargrave 2020-01-22 10:59:33 
565.10 105.6 -03.6 105.6 -03.6 2.01E-03 000.4 187.2 -87.6 0.892838 0.924070 0.240727 hargrave 2020-01-22 15:04:58 
570.10 105.8 -04.8 105.8 -04.8 2.27E-03 000.4 202.1 -88.7 1.050496 1.058787 0.326730 hargrave 2020-01-23 12:24:15 
570.00 285.4  56.2 285.4  56.2 9.69E-05 000.5 179.9  39.8 0.072498 0.022643 0.058642 hargrave 2020-01-23 16:13:57 
575.00 288.5  47.9 288.5  47.9 6.56E-05 000.8 176.7  48.0 0.059467 0.040576 0.054891 hargrave 2020-01-24 11:13:24 
565.20 105.8 -06.8 105.8 -06.8 2.67E-03 000.4 328.1 -89.0 1.300536 1.301574 0.493247 hargrave 2020-01-24 15:07:40 
575.10 105.3 -07.0 105.3 -07.0 2.86E-03 000.4 002.8 -89.0 1.413692 1.454602 0.486684 hargrave 2020-01-25 14:43:38 
580.10 105.7 -07.3 105.7 -07.3 3.20E-03 000.4 343.6 -88.7 1.576310 1.580624 0.468878 hargrave 2020-01-26 12:46:25 
580.00 320.3  66.8 320.3  66.8 2.66E-05 001.8 165.6  24.6 0.025262 0.079433 0.021240 hargrave 2020-01-26 16:15:30 
585.00 281.5  57.3 281.5  57.3 3.21E-05 000.9 182.6  38.6 0.040310 0.027896 0.028264 hargrave 2020-01-27 12:58:30 
575.20 106.3 -07.8 106.3 -07.8 3.76E-03 000.4 330.8 -88.0 1.802861 1.754433 0.538204 hargrave 2020-01-28 08:54:53 
585.10 106.5 -08.2 106.5 -08.2 3.96E-03 000.4 332.3 -87.5 1.917090 1.890448 0.591135 hargrave 2020-01-30 13:04:38 
