BD5- 7b sun compass orientation
      0  22.7  60.0   0.0   0.0   1.0
NRM    285.1  43.4 285.1  43.4 7.31E-04 000.4 202.2  75.3 0.348970 0.401760 0.203197 hargrave 2019-12-18 17:37:57 
100.00 284.6  43.7 284.6  43.7 7.31E-04 000.4 203.0  74.9 0.240808 0.379717 0.065371 hargrave 2019-12-19 10:43:34 
100.10 284.8  43.5 284.8  43.5 6.97E-04 000.4 202.9  75.1 0.266480 0.362604 0.152745 hargrave 2019-12-19 16:08:44 
200.10 284.3  44.6 284.3  44.6 6.55E-04 000.3 202.0  74.0 0.203835 0.286815 0.055013 hargrave 2019-12-20 10:53:58 
200.00 284.8  44.6 284.8  44.6 6.56E-04 000.3 200.8  74.1 0.193332 0.261838 0.057798 hargrave 2019-12-20 13:54:57 
300.00 284.6  44.3 284.6  44.3 6.39E-04 000.3 201.8  74.3 0.188362 0.298395 0.083631 hargrave 2019-12-20 17:49:58 
100.20 282.4  44.1 282.4  44.1 6.19E-04 000.3 207.3  73.7 0.154497 0.261004 0.081001 hargrave 2019-12-21 12:26:28 
300.10 283.4  44.0 283.4  44.0 6.04E-04 000.3 205.1  74.2 0.160148 0.241626 0.102086 hargrave 2019-12-21 15:42:59 
400.10 286.5  45.6 286.5  45.6 5.65E-04 000.3 195.6  73.6 0.183883 0.273402 0.072952 hargrave 2019-12-22 12:55:43 
400.00 284.7  44.2 284.7  44.2 5.65E-04 000.3 201.9  74.5 0.148953 0.241892 0.096240 hargrave 2019-12-22 15:28:04 
425.00 285.0  45.0 285.0  45.0 5.48E-04 000.3 199.8  73.9 0.142128 0.232705 0.096450 hargrave 2019-12-23 11:23:15 
300.20 284.7  44.9 284.7  44.9 5.38E-04 000.3 200.7  73.8 0.149859 0.232799 0.110872 hargrave 2019-12-23 14:35:22 
425.10 283.8  44.6 283.8  44.6 5.14E-04 000.3 203.2  73.8 0.160073 0.227447 0.142606 hargrave 2019-12-24 02:27:09 
450.10 285.3  45.0 285.3  45.0 5.02E-04 000.3 199.2  74.0 0.150974 0.214833 0.113548 hargrave 2019-12-24 12:26:59 
450.00 285.3  44.5 285.3  44.5 5.12E-04 000.4 199.9  74.4 0.204072 0.248825 0.121234 hargrave 2019-12-25 13:01:12 
475.00 285.3  44.9 285.3  44.9 4.99E-04 000.3 199.3  74.0 0.162277 0.213784 0.134858 hargrave 2019-12-25 16:38:56 
425.20 285.5  44.2 285.5  44.2 4.76E-04 000.4 199.8  74.7 0.185402 0.214396 0.124041 hargrave 2019-12-26 11:34:26 
475.10 283.0  44.1 283.0  44.1 4.55E-04 000.4 206.0  73.9 0.189484 0.212528 0.158116 hargrave 2019-12-26 15:32:57 
500.10 281.9  44.7 281.9  44.7 4.31E-04 000.4 207.0  73.0 0.151015 0.182359 0.185144 hargrave 2019-12-27 13:06:32 
500.00 283.5  44.9 283.5  44.9 4.54E-04 000.3 203.4  73.4 0.185084 0.166134 0.161350 hargrave 2019-12-27 16:58:10 
520.00 281.6  45.1 281.6  45.1 4.38E-04 000.3 207.0  72.6 0.120532 0.151645 0.176034 hargrave 2019-12-28 16:35:32 
475.20 283.4  46.0 283.4  46.0 3.92E-04 000.4 201.9  72.4 0.167068 0.172898 0.160574 hargrave 2019-12-29 15:16:27 
520.10 279.1  47.3 279.1  47.3 3.42E-04 000.5 207.6  69.8 0.179980 0.157584 0.156138 hargrave 2019-12-30 11:39:27 
530.10 279.0  49.8 279.0  49.8 3.20E-04 000.4 203.8  67.6 0.112604 0.113966 0.155462 hargrave 2019-12-30 15:35:33 
530.00 284.4  46.1 284.4  46.1 3.87E-04 000.3 199.6  72.6 0.130400 0.144270 0.166336 hargrave 2019-12-30 21:40:54 
540.00 280.3  45.9 280.3  45.9 3.64E-04 000.3 208.0  71.4 0.127229 0.140943 0.148416 hargrave 2020-01-01 10:47:05 
520.20 271.6  52.0 271.6  52.0 2.28E-04 000.4 209.2  63.1 0.087761 0.066245 0.115356 hargrave 2020-01-01 14:21:26 
540.10 198.0  61.2 198.0  61.2 1.13E-04 000.5 211.7  23.8 0.047825 0.058149 0.067909 hargrave 2020-01-01 18:17:13 
550.10 128.4 -06.2 128.4 -06.2 1.50E-04 000.4 214.9 -62.0 0.082153 0.075928 0.047849 hargrave 2020-01-02 13:48:30 
550.00 282.1  44.7 282.1  44.7 2.93E-04 000.3 206.7  73.1 0.073225 0.107720 0.070670 hargrave 2020-01-02 18:09:39 
553.00 280.1  43.7 280.1  43.7 2.88E-04 000.3 212.7  73.0 0.066686 0.125505 0.064846 hargrave 2020-01-03 11:44:11 
540.20 117.2 -20.1 117.2 -20.1 3.79E-04 000.4 203.2 -79.3 0.178345 0.147243 0.069252 hargrave 2020-01-03 15:19:53 
553.10 115.2 -25.4 115.2 -25.4 6.45E-04 000.3 206.1 -84.9 0.261756 0.233382 0.095941 hargrave 2020-01-14 16:13:53 
556.10 113.7 -26.6 113.7 -26.6 8.54E-04 000.3 195.4 -86.5 0.345884 0.330173 0.157071 hargrave 2020-01-18 15:09:19 
556.00 277.9  48.2 277.9  48.2 2.31E-04 000.3 207.7  68.5 0.067407 0.058956 0.118512 hargrave 2020-01-19 11:27:25 
559.00 280.9  48.1 280.9  48.1 2.07E-04 000.4 203.2  69.7 0.077444 0.094073 0.109410 hargrave 2020-01-19 14:52:20 
553.20 110.6 -28.2 110.6 -28.2 1.31E-03 000.4 133.7 -87.5 0.566338 0.574951 0.246593 hargrave 2020-01-20 11:30:57 
559.10 111.7 -29.0 111.7 -29.0 1.51E-03 000.3 138.6 -88.6 0.671939 0.602477 0.303824 hargrave 2020-01-20 15:31:28 
562.10 110.4 -29.4 110.4 -29.4 1.59E-03 000.3 106.0 -87.9 0.682051 0.675909 0.287921 hargrave 2020-01-21 09:10:17 
562.00 281.4  48.5 281.4  48.5 1.86E-04 000.5 201.9  69.6 0.109682 0.089274 0.119347 hargrave 2020-01-21 12:55:39 
565.00 280.1  45.5 280.1  45.5 1.71E-04 000.5 209.0  71.7 0.087684 0.087666 0.082166 hargrave 2020-01-21 15:59:32 
559.20 110.6 -30.5 110.6 -30.5 1.97E-03 000.4 073.9 -88.1 0.913733 0.835258 0.388271 hargrave 2020-01-22 11:04:55 
565.10 110.7 -29.8 110.7 -29.8 2.13E-03 000.4 097.0 -88.2 0.971700 0.908044 0.446199 hargrave 2020-01-22 15:10:26 
570.10 110.5 -30.5 110.5 -30.5 2.40E-03 000.4 074.5 -88.1 1.076083 1.076165 0.488431 hargrave 2020-01-23 12:29:37 
570.00 282.7  48.8 282.7  48.8 8.05E-05 000.7 199.3  69.7 0.043572 0.075858 0.043279 hargrave 2020-01-23 16:19:05 
575.00 294.2  44.8 294.2  44.8 5.77E-05 000.9 175.9  75.2 0.070653 0.043763 0.040125 hargrave 2020-01-24 11:18:38 
565.20 109.5 -31.2 109.5 -31.2 2.81E-03 000.4 065.0 -87.0 1.410494 1.243789 0.796370 hargrave 2020-01-24 15:13:02 
575.10 109.4 -31.6 109.4 -31.6 3.03E-03 000.4 059.5 -86.7 1.519826 1.383819 0.663924 hargrave 2020-01-25 14:49:49 
580.10 109.4 -31.8 109.4 -31.8 3.37E-03 000.4 056.5 -86.6 1.674939 1.528824 0.737377 hargrave 2020-01-26 12:51:50 
580.00 211.4  83.9 211.4  83.9 3.17E-05 000.9 187.1  30.7 0.039433 0.021272 0.035764 hargrave 2020-01-26 16:19:52 
585.00 285.0  67.5 285.0  67.5 2.86E-05 000.6 184.8  52.2 0.026315 0.024274 0.023991 hargrave 2020-01-27 13:03:40 
575.20 109.9 -31.8 109.9 -31.8 3.98E-03 000.4 052.1 -87.0 1.867229 1.781830 0.699526 hargrave 2020-01-28 09:00:23 
585.10 109.2 -32.2 109.2 -32.2 4.18E-03 000.4 052.6 -86.3 2.032240 1.873590 0.743400 hargrave 2020-01-30 13:10:49 
