BD5- 8b sun compass orientation
      0   3.5  76.0   0.0   0.0   1.0
NRM    286.0  45.4 286.0  45.4 1.28E-03 000.6 163.8  56.9 0.688609 0.941025 0.841442 hargrave 2019-12-18 17:41:01 
100.00 282.8  46.6 282.8  46.6 1.28E-03 000.5 168.3  56.5 0.449714 0.776127 0.565645 hargrave 2019-12-19 10:45:15 
100.10 284.4  45.5 284.4  45.5 1.21E-03 000.5 165.9  57.1 0.490036 0.725801 0.651134 hargrave 2019-12-19 16:10:56 
200.10 280.0  46.6 280.0  46.6 1.15E-03 000.4 171.7  57.0 0.382552 0.590312 0.411733 hargrave 2019-12-20 10:56:11 
200.00 281.2  46.5 281.2  46.5 1.15E-03 000.4 170.3  56.9 0.395901 0.534885 0.415787 hargrave 2019-12-20 13:56:37 
300.00 283.2  46.0 283.2  46.0 1.13E-03 000.4 167.6  56.9 0.414395 0.538734 0.410478 hargrave 2019-12-20 17:51:38 
100.20 285.4  45.7 285.4  45.7 1.08E-03 000.3 164.7  56.8 0.365271 0.435700 0.408049 hargrave 2019-12-21 12:28:39 
300.10 283.4  46.3 283.4  46.3 1.06E-03 000.4 167.5  56.6 0.365381 0.470915 0.376984 hargrave 2019-12-21 15:45:05 
400.10 287.1  45.9 287.1  45.9 9.95E-04 000.4 163.0  56.1 0.397233 0.409695 0.373160 hargrave 2019-12-22 12:57:54 
400.00 282.2  46.4 282.2  46.4 9.98E-04 000.4 169.0  56.8 0.346006 0.445505 0.347807 hargrave 2019-12-22 15:29:44 
425.00 284.5  45.6 284.5  45.6 9.84E-04 000.4 165.7  57.1 0.395536 0.475330 0.343189 hargrave 2019-12-23 11:24:55 
300.20 284.4  45.3 284.4  45.3 9.58E-04 000.4 165.7  57.4 0.386580 0.394962 0.361602 hargrave 2019-12-23 14:37:35 
425.10 287.0  44.7 287.0  44.7 9.31E-04 000.4 162.1  57.3 0.419750 0.346994 0.399633 hargrave 2019-12-24 02:29:20 
450.10 288.2  44.9 288.2  44.9 9.14E-04 000.4 160.9  56.6 0.392862 0.335080 0.389894 hargrave 2019-12-24 12:29:10 
450.00 287.2  44.7 287.2  44.7 9.22E-04 000.5 161.9  57.1 0.464307 0.464827 0.366949 hargrave 2019-12-25 13:02:52 
475.00 284.4  45.1 284.4  45.1 9.11E-04 000.4 165.6  57.6 0.429223 0.381671 0.399412 hargrave 2019-12-25 16:40:36 
425.20 283.5  45.1 283.5  45.1 8.89E-04 000.4 166.8  57.8 0.399326 0.338489 0.404227 hargrave 2019-12-26 11:36:38 
475.10 286.1  45.7 286.1  45.7 8.61E-04 000.4 164.0  56.6 0.405998 0.296520 0.432090 hargrave 2019-12-26 15:35:08 
500.10 287.4  45.8 287.4  45.8 8.26E-04 000.6 162.5  56.1 0.508826 0.385029 0.544465 hargrave 2019-12-27 13:08:47 
500.00 285.8  44.5 285.8  44.5 8.44E-04 000.5 163.4  57.7 0.454681 0.403176 0.454441 hargrave 2019-12-27 16:59:51 
520.00 283.3  44.7 283.3  44.7 8.24E-04 000.5 166.7  58.2 0.468099 0.357938 0.475492 hargrave 2019-12-28 16:37:12 
475.20 289.8  44.3 289.8  44.3 7.97E-04 000.5 158.5  56.7 0.460816 0.302949 0.495209 hargrave 2019-12-29 15:18:39 
520.10 288.3  48.8 288.3  48.8 7.05E-04 000.6 163.7  53.1 0.451159 0.262795 0.492480 hargrave 2019-12-30 11:41:39 
530.10 288.2  50.7 288.2  50.7 6.71E-04 000.6 165.0  51.4 0.427315 0.305256 0.515473 hargrave 2019-12-30 15:37:44 
530.00 284.1  44.5 284.1  44.5 7.48E-04 000.6 165.6  58.2 0.445232 0.408389 0.545259 hargrave 2019-12-30 21:42:33 
540.00 281.1  45.4 281.1  45.4 5.87E-04 000.6 170.0  57.9 0.314068 0.305120 0.396159 hargrave 2020-01-01 10:48:45 
520.20 297.7  55.8 297.7  55.8 4.27E-04 000.7 161.3  44.2 0.257425 0.280829 0.353703 hargrave 2020-01-01 14:23:38 
540.10 068.8  46.2 068.8  46.2 2.34E-04 000.4 161.3 -25.9 0.079595 0.064378 0.130474 hargrave 2020-01-01 18:19:24 
550.10 089.3  06.7 089.3  06.7 4.07E-04 000.4 168.2 -68.8 0.227761 0.185417 0.076191 hargrave 2020-01-02 13:50:42 
550.00 280.6  44.7 280.6  44.7 3.90E-04 000.4 170.2  58.7 0.107491 0.216614 0.197037 hargrave 2020-01-02 18:11:20 
553.00 283.5  45.6 283.5  45.6 3.82E-04 000.4 167.0  57.3 0.102184 0.230809 0.187452 hargrave 2020-01-03 11:45:52 
540.20 089.4  00.3 089.4  00.3 5.98E-04 000.4 163.9 -75.2 0.280179 0.226469 0.121474 hargrave 2020-01-03 15:22:05 
553.10 090.8 -06.1 090.8 -06.1 8.66E-04 000.4 161.4 -81.6 0.398632 0.328409 0.181626 hargrave 2020-01-14 16:16:05 
556.10 090.4 -08.1 090.4 -08.1 1.07E-03 000.4 152.4 -83.4 0.531856 0.488017 0.218256 hargrave 2020-01-18 15:11:31 
556.00 285.3  44.5 285.3  44.5 3.13E-04 000.5 164.0  57.9 0.166062 0.102705 0.222821 hargrave 2020-01-19 11:29:05 
559.00 285.5  45.5 285.5  45.5 2.86E-04 000.6 164.5  57.0 0.155961 0.121905 0.233104 hargrave 2020-01-19 14:54:00 
553.20 089.8 -09.7 089.8 -09.7 1.45E-03 000.4 139.2 -84.4 0.699521 0.628681 0.282680 hargrave 2020-01-20 11:33:09 
559.10 090.3 -11.7 090.3 -11.7 1.63E-03 000.4 126.1 -86.1 0.804685 0.747822 0.373360 hargrave 2020-01-20 15:33:40 
562.10 089.4 -11.7 089.4 -11.7 1.72E-03 000.4 118.8 -85.4 0.800853 0.752710 0.307458 hargrave 2020-01-21 09:12:17 
562.00 281.2  50.2 281.2  50.2 2.55E-04 000.6 171.8  53.3 0.144892 0.116823 0.241002 hargrave 2020-01-21 12:57:08 
565.00 280.6  48.3 280.6  48.3 2.39E-04 000.6 171.7  55.2 0.128396 0.139603 0.177061 hargrave 2020-01-21 16:01:01 
559.20 090.4 -12.7 090.4 -12.7 2.00E-03 000.4 112.7 -86.7 0.948147 0.923659 0.383321 hargrave 2020-01-22 11:06:55 
565.10 091.7 -12.1 091.7 -12.1 2.16E-03 000.4 138.0 -87.4 1.076495 1.034028 0.469666 hargrave 2020-01-22 15:12:28 
570.10 090.7 -13.7 090.7 -13.7 2.41E-03 000.4 095.4 -87.2 1.181833 1.071884 0.528813 hargrave 2020-01-23 12:31:37 
570.00 282.6  56.6 282.6  56.6 1.18E-04 000.6 172.7  46.8 0.062156 0.056314 0.099146 hargrave 2020-01-23 16:20:33 
575.00 281.3  50.4 281.3  50.4 1.03E-04 000.9 171.7  53.1 0.080406 0.093888 0.122226 hargrave 2020-01-24 11:20:11 
565.20 089.7 -14.9 089.7 -14.9 2.78E-03 000.4 075.9 -86.2 1.469012 1.270905 0.706281 hargrave 2020-01-24 15:15:04 
575.10 090.3 -15.3 090.3 -15.3 2.98E-03 000.4 065.8 -86.7 1.552058 1.406804 1.349554 hargrave 2020-01-25 14:51:49 
580.10 090.1 -15.5 090.1 -15.5 3.28E-03 000.4 065.0 -86.4 1.700906 1.490130 0.810041 hargrave 2020-01-26 12:53:51 
580.00 260.0  63.5 260.0  63.5 4.08E-05 000.8 187.8  39.6 0.051450 0.029124 0.036121 hargrave 2020-01-26 16:21:21 
585.00 314.3  60.0 314.3  60.0 3.37E-05 000.8 156.4  35.2 0.026968 0.027793 0.032630 hargrave 2020-01-27 13:05:11 
575.20 090.8 -15.5 090.8 -15.5 3.79E-03 000.4 059.7 -87.0 1.857112 1.718334 0.827834 hargrave 2020-01-28 09:02:28 
585.10 090.5 -16.7 090.5 -16.7 3.97E-03 000.4 046.4 -86.1 2.002860 1.813461 0.984770 hargrave 2020-01-30 13:12:50 
