BD5- 1b sun compass orientation
      0  32.5  63.0   0.0   0.0   1.0
NRM    283.1  43.9 283.1  43.9 2.50E-03 000.4 217.8  67.0 1.183776 0.950143 0.886183 hargrave 2019-12-18 16:35:23 
100.00 284.6  45.2 284.6  45.2 2.48E-03 000.4 213.5  66.9 0.904616 1.287409 0.499402 hargrave 2019-12-19 10:00:19 
100.10 282.4  44.0 282.4  44.0 2.44E-03 000.4 218.4  66.5 0.760889 1.216182 0.506130 hargrave 2019-12-19 14:48:43 
200.10 284.2  46.0 284.2  46.0 2.27E-03 000.3 212.5  66.1 0.589444 1.144978 0.425100 hargrave 2019-12-20 10:02:24 
200.00 283.4  44.5 283.4  44.5 2.29E-03 000.3 216.1  66.7 0.631447 0.940888 0.513161 hargrave 2019-12-20 13:10:59 
300.00 285.5  45.3 285.5  45.3 2.19E-03 000.3 212.1  67.2 0.594690 0.823578 0.575794 hargrave 2019-12-20 17:03:47 
100.20 284.8  45.0 284.8  45.0 2.17E-03 000.3 213.4  67.1 0.440092 0.874755 0.516383 hargrave 2019-12-21 11:35:54 
300.10 284.7  45.4 284.7  45.4 2.11E-03 000.3 212.9  66.7 0.659011 0.742201 0.646941 hargrave 2019-12-21 14:53:39 
400.10 283.2  44.7 283.2  44.7 1.93E-03 000.3 216.2  66.5 0.537511 0.760770 0.540878 hargrave 2019-12-22 12:07:44 
400.00 286.3  45.2 286.3  45.2 2.00E-03 000.3 211.3  67.7 0.441864 0.708804 0.472261 hargrave 2019-12-22 14:45:47 
425.00 285.8  44.1 285.8  44.1 1.98E-03 000.3 213.8  68.3 0.473133 0.726677 0.585630 hargrave 2019-12-23 10:41:55 
300.20 285.4  45.1 285.4  45.1 1.90E-03 000.3 212.6  67.4 0.444835 0.766080 0.531947 hargrave 2019-12-23 13:46:19 
425.10 283.2  44.4 283.2  44.4 1.82E-03 000.3 216.5  66.7 0.472929 0.623224 0.680880 hargrave 2019-12-24 01:36:18 
450.10 283.4  45.7 283.4  45.7 1.73E-03 000.3 214.1  65.9 0.373663 0.572093 0.596716 hargrave 2019-12-24 11:37:34 
450.00 284.7  44.4 284.7  44.4 1.83E-03 000.3 214.9  67.5 0.472257 0.641793 0.678269 hargrave 2019-12-25 12:20:43 
475.00 285.6  43.6 285.6  43.6 1.83E-03 000.3 215.0  68.5 0.503420 0.685742 0.750073 hargrave 2019-12-25 15:56:36 
425.20 284.9  45.0 284.9  45.0 1.71E-03 000.3 213.3  67.1 0.427909 0.580414 0.617989 hargrave 2019-12-26 10:44:50 
475.10 283.1  45.3 283.1  45.3 1.60E-03 000.3 215.2  66.1 0.416188 0.575303 0.726227 hargrave 2019-12-26 14:43:31 
500.10 280.8  45.0 280.8  45.0 1.49E-03 000.4 218.3  65.0 0.501823 0.538418 0.773922 hargrave 2019-12-27 12:17:44 
500.00 285.5  43.2 285.5  43.2 1.67E-03 000.3 215.9  68.7 0.480500 0.596877 0.753501 hargrave 2019-12-27 16:15:10 
520.00 284.5  41.7 284.5  41.7 1.63E-03 000.4 220.6  69.2 0.633557 0.587251 0.816121 hargrave 2019-12-28 15:52:25 
475.20 283.0  45.4 283.0  45.4 1.41E-03 000.4 215.1  66.0 0.558895 0.412634 0.676316 hargrave 2019-12-29 14:26:46 
520.10 276.5  47.6 276.5  47.6 1.11E-03 000.4 217.6  61.1 0.504412 0.324407 0.614752 hargrave 2019-12-30 10:49:55 
530.10 271.6  46.7 271.6  46.7 9.95E-04 000.5 222.7  58.7 0.557809 0.232786 0.610285 hargrave 2019-12-30 14:44:04 
530.00 281.7  42.9 281.7  42.9 1.36E-03 000.4 221.3  66.8 0.683938 0.387918 0.664207 hargrave 2019-12-30 20:58:30 
540.00 283.2  41.3 283.2  41.3 1.09E-03 000.4 223.0  68.7 0.542787 0.344514 0.449177 hargrave 2020-01-01 10:02:26 
520.20 245.3  49.2 245.3  49.2 4.63E-04 000.5 226.9  41.2 0.241914 0.098581 0.311615 hargrave 2020-01-01 13:30:52 
540.10 136.8 -22.0 136.8 -22.0 8.63E-04 000.3 252.1 -76.1 0.326995 0.336217 0.122330 hargrave 2020-01-01 17:25:38 
550.10 129.8 -26.5 129.8 -26.5 1.42E-03 000.3 267.4 -83.4 0.504204 0.469254 0.150928 hargrave 2020-01-02 12:56:08 
550.00 279.9  42.4 279.9  42.4 5.89E-04 000.3 224.4  66.0 0.213581 0.246478 0.144478 hargrave 2020-01-02 17:26:58 
553.00 281.9  40.8 281.9  40.8 5.89E-04 000.4 225.6  68.2 0.228779 0.269797 0.108627 hargrave 2020-01-03 11:02:41 
540.20 126.8 -26.5 126.8 -26.5 1.45E-03 000.3 263.5 -86.1 0.572373 0.510803 0.222389 hargrave 2020-01-03 14:28:34 
553.10 133.2 -40.5 133.2 -40.5 1.95E-03 000.3 293.4 -86.1 0.778902 0.681324 0.357924 hargrave 2020-01-14 15:24:04 
556.10 130.9 -39.5 130.9 -39.5 2.15E-03 000.3 285.1 -88.0 0.876462 0.710533 0.288028 hargrave 2020-01-18 14:21:01 
556.00 281.3  53.4 281.3  53.4 4.30E-04 000.4 223.1  66.6 0.217048 0.151980 0.172440 hargrave 2020-01-19 10:47:26 
559.00 280.1  49.7 280.1  49.7 4.13E-04 000.4 232.5  67.3 0.204971 0.153723 0.159949 hargrave 2020-01-19 14:12:21 
553.20 131.7 -39.7 131.7 -39.7 2.40E-03 000.3 285.4 -87.3 0.954838 0.842555 0.420898 hargrave 2020-01-20 10:43:38 
559.10 125.8 -29.3 125.8 -29.3 2.66E-03 000.3 308.6 -86.3 1.163237 1.025563 0.482476 hargrave 2020-01-20 14:57:03 
562.10 123.6 -27.9 123.6 -27.9 2.64E-03 000.3 310.8 -88.7 1.072315 0.886171 0.374512 hargrave 2020-01-21 08:38:50 
562.00 281.5  42.2 281.5  42.2 3.70E-04 000.4 223.0  67.1 0.208633 0.108532 0.199851 hargrave 2020-01-21 12:24:28 
565.00 280.2  41.2 280.2  41.2 3.54E-04 000.5 226.4  66.8 0.202745 0.178900 0.147522 hargrave 2020-01-21 15:29:19 
559.20 123.9 -27.6 123.9 -27.6 2.99E-03 000.3 297.5 -88.6 1.305421 1.172237 0.393230 hargrave 2020-01-22 10:33:27 
565.10 124.9 -28.7 124.9 -28.7 3.18E-03 000.3 309.0 -87.3 1.419002 1.267213 0.563473 hargrave 2020-01-22 14:35:03 
570.10 123.7 -29.1 123.7 -29.1 3.53E-03 000.3 333.2 -87.7 1.583694 1.410729 0.611411 hargrave 2020-01-23 11:57:23 
570.00 269.9  42.4 269.9  42.4 1.68E-04 000.4 231.2  59.4 0.085706 0.062455 0.079348 hargrave 2020-01-23 15:49:40 
575.00 278.0  40.1 278.0  40.1 1.51E-04 000.6 230.8  65.8 0.090001 0.092589 0.089183 hargrave 2020-01-24 10:47:00 
565.20 123.2 -29.6 123.2 -29.6 3.84E-03 000.4 347.1 -87.3 1.759864 1.605269 0.811198 hargrave 2020-01-24 14:39:50 
575.10 122.2 -29.0 122.2 -29.0 4.06E-03 000.4 008.0 -88.0 1.938729 1.789515 0.701568 hargrave 2020-01-25 14:16:43 
580.10 122.4 -29.9 122.4 -29.9 4.45E-03 000.4 001.8 -87.1 2.099134 1.909606 0.859409 hargrave 2020-01-26 12:18:25 
580.00 252.0  51.2 252.0  51.2 5.37E-05 000.3 223.2  45.1 0.006792 0.025118 0.039843 hargrave 2020-01-26 15:50:11 
585.00 274.0  43.7 274.0  43.7 6.97E-05 000.6 226.5  61.6 0.027964 0.068153 0.030405 hargrave 2020-01-27 12:33:03 
575.20 122.8 -29.1 122.8 -29.1 4.83E-03 000.4 353.9 -87.9 2.148595 2.073903 0.704169 hargrave 2020-01-28 08:27:46 
585.10 123.2 -28.8 123.2 -28.8 5.16E-03 000.4 341.9 -88.1 2.346141 2.258260 1.037947 hargrave 2020-01-30 12:36:01 
