BD6- 9b mag compass orientation (IGRF corrected)
      0 345.1  43.0   0.0   0.0   1.0
NRM    301.0  27.0 301.0  27.0 2.07E-03 000.5 077.4  49.1 0.855947 0.892304 1.363703 hargrave 2019-12-18 17:59:26 
100.00 300.9  25.9 300.9  25.9 2.05E-03 000.6 076.0  48.3 1.230926 0.885031 1.485513 hargrave 2019-12-19 10:54:35 
100.10 302.8  26.2 302.8  26.2 1.89E-03 000.5 078.1  47.3 0.704914 0.753264 1.248278 hargrave 2019-12-19 16:21:48 
200.10 300.7  23.4 300.7  23.4 1.78E-03 000.6 073.1  46.8 1.080693 0.674004 1.312770 hargrave 2019-12-20 11:08:07 
200.00 300.5  22.3 300.5  22.3 1.79E-03 000.6 071.8  46.1 1.254060 0.662771 1.343258 hargrave 2019-12-20 14:05:54 
300.00 301.8  24.5 301.8  24.5 1.79E-03 000.6 075.4  46.8 1.267313 0.662770 1.264192 hargrave 2019-12-20 18:00:55 
100.20 302.8  26.0 302.8  26.0 1.65E-03 000.6 077.8  47.1 1.117676 0.520428 1.171636 hargrave 2019-12-21 12:40:36 
300.10 304.9  27.1 304.9  27.1 1.59E-03 000.5 080.8  46.5 0.871083 0.379398 0.969504 hargrave 2019-12-21 15:56:41 
400.10 300.1  22.2 300.1  22.2 1.40E-03 000.6 071.3  46.3 1.003444 0.419697 0.962279 hargrave 2019-12-22 13:09:50 
400.00 299.9  22.6 299.9  22.6 1.44E-03 000.5 071.6  46.7 0.959219 0.379672 0.888082 hargrave 2019-12-22 15:39:02 
425.00 301.1  23.7 301.1  23.7 1.43E-03 000.5 073.8  46.7 0.987975 0.293240 0.913404 hargrave 2019-12-23 11:34:12 
300.20 303.4  22.6 303.4  22.6 1.29E-03 000.5 074.8  44.4 0.752647 0.213876 0.765235 hargrave 2019-12-23 14:49:28 
425.10 304.1  21.6 304.1  21.6 1.24E-03 000.4 074.5  43.3 0.655627 0.181905 0.753039 hargrave 2019-12-24 02:41:15 
450.10 303.3  20.3 303.3  20.3 1.19E-03 000.4 072.5  42.8 0.498088 0.155739 0.720949 hargrave 2019-12-24 12:41:50 
450.00 307.8  25.7 307.8  25.7 1.23E-03 000.4 081.8  43.6 0.585933 0.141590 0.603353 hargrave 2019-12-25 13:12:10 
475.00 301.9  21.8 301.9  21.8 1.23E-03 000.4 072.7  44.9 0.545720 0.210964 0.660689 hargrave 2019-12-25 16:49:55 
425.20 304.1  20.8 304.1  20.8 1.10E-03 000.4 073.7  42.7 0.517455 0.209067 0.612003 hargrave 2019-12-26 11:48:34 
475.10 307.4  22.9 307.4  22.9 1.06E-03 000.3 078.6  42.0 0.363374 0.239129 0.557002 hargrave 2019-12-26 15:47:01 
500.10 306.5  20.6 306.5  20.6 9.97E-04 000.3 075.6  41.0 0.201132 0.278528 0.571181 hargrave 2019-12-27 13:20:41 
500.00 304.4  23.2 304.4  23.2 1.04E-03 000.3 076.3  44.2 0.330545 0.307731 0.543990 hargrave 2019-12-27 17:09:10 
520.00 303.9  23.2 303.9  23.2 1.03E-03 000.4 075.8  44.5 0.432796 0.359285 0.529114 hargrave 2019-12-28 16:46:29 
475.20 308.1  16.1 308.1  16.1 9.01E-04 000.4 073.1  36.7 0.276447 0.263508 0.556417 hargrave 2019-12-29 15:30:37 
520.10 315.1  13.8 315.1  13.8 7.94E-04 000.4 077.2  30.4 0.120805 0.198313 0.539778 hargrave 2019-12-30 11:53:32 
530.10 311.3  07.0 311.3  07.0 7.42E-04 000.5 068.8  27.7 0.170834 0.278360 0.543958 hargrave 2019-12-30 15:50:31 
530.00 308.8  25.6 308.8  25.6 9.13E-04 000.4 082.5  42.9 0.222132 0.351758 0.559495 hargrave 2019-12-30 21:51:46 
540.00 304.3  25.4 304.3  25.4 8.66E-04 000.5 078.5  45.7 0.266297 0.371476 0.539883 hargrave 2020-01-01 10:58:50 
520.20 321.0 -02.3 321.0 -02.3 5.83E-04 000.5 070.4  14.4 0.145879 0.136903 0.467636 hargrave 2020-01-01 14:36:26 
540.10 351.7 -27.2 351.7 -27.2 5.83E-04 000.4 075.0 -23.9 0.241662 0.080758 0.326520 hargrave 2020-01-01 18:32:07 
550.10 034.1 -47.5 034.1 -47.5 9.60E-04 000.3 073.7 -62.5 0.357936 0.229477 0.170355 hargrave 2020-01-02 14:03:27 
550.00 314.0  11.0 314.0  11.0 5.21E-04 000.6 074.0  29.0 0.220741 0.197135 0.433063 hargrave 2020-01-02 18:21:29 
553.00 309.7  20.7 309.7  20.7 5.90E-04 000.5 078.4  38.9 0.226563 0.184507 0.420170 hargrave 2020-01-03 11:56:03 
540.20 037.8 -53.4 037.8 -53.4 9.38E-04 000.3 061.0 -65.6 0.353271 0.399812 0.101973 hargrave 2020-01-03 15:34:49 
553.10 059.6 -55.7 059.6 -55.7 1.47E-03 000.3 042.3 -77.0 0.395757 0.573447 0.161094 hargrave 2020-01-14 16:28:47 
556.10 062.6 -49.1 062.6 -49.1 1.62E-03 000.3 071.6 -81.4 0.745196 0.585890 0.304222 hargrave 2020-01-18 15:23:29 
556.00 310.0  18.2 310.0  18.2 4.44E-04 000.3 076.4  36.9 0.064768 0.148434 0.250060 hargrave 2020-01-19 11:39:10 
559.00 313.2  18.3 313.2  18.3 2.90E-04 000.4 079.3  34.9 0.029432 0.150735 0.178090 hargrave 2020-01-19 15:04:10 
553.20 071.8 -49.7 071.8 -49.7 1.96E-03 000.4 037.4 -86.5 0.912671 0.811345 0.627319 hargrave 2020-01-20 11:45:54 
559.10 075.9 -51.7 075.9 -51.7 2.17E-03 000.4 354.1 -85.3 0.984901 0.893362 0.611915 hargrave 2020-01-20 15:44:33 
562.10 074.2 -49.9 074.2 -49.9 2.23E-03 000.4 011.5 -87.0 1.035774 0.956269 0.696438 hargrave 2020-01-21 09:22:42 
562.00 315.5  16.8 315.5  16.8 2.43E-04 000.4 079.9  32.3 0.059612 0.070156 0.157198 hargrave 2020-01-21 13:05:00 
565.00 310.7  15.3 310.7  15.3 2.39E-04 000.3 074.7  34.4 0.027510 0.089566 0.122009 hargrave 2020-01-21 16:08:49 
559.20 074.3 -49.5 074.3 -49.5 2.26E-03 000.4 011.7 -87.5 1.095253 0.987624 0.661980 hargrave 2020-01-22 11:17:20 
565.10 072.0 -51.2 072.0 -51.2 2.37E-03 000.4 024.5 -85.3 1.199471 0.959567 0.796498 hargrave 2020-01-22 15:23:07 
570.10 080.6 -48.2 080.6 -48.2 2.63E-03 000.4 290.4 -86.1 1.239145 1.096655 0.984741 hargrave 2020-01-23 12:42:03 
570.00 343.9 -14.7 343.9 -14.7 8.17E-05 000.4 079.0 -09.8 0.031271 0.090145 0.037551 hargrave 2020-01-23 16:28:23 
575.00 324.3  10.8 324.3  10.8 1.14E-04 000.4 082.1  22.1 0.019358 0.075754 0.078119 hargrave 2020-01-24 11:28:04 
565.20 081.4 -49.3 081.4 -49.3 2.66E-03 000.4 300.6 -85.2 1.283100 1.202655 0.924125 hargrave 2020-01-24 15:25:36 
575.10 082.8 -49.1 082.8 -49.1 2.84E-03 000.4 295.1 -84.4 1.411963 1.384931 0.993162 hargrave 2020-01-25 15:03:05 
580.10 083.1 -48.7 083.1 -48.7 2.92E-03 000.4 290.9 -84.4 1.410388 1.392879 1.095796 hargrave 2020-01-26 13:04:21 
580.00 329.3  13.0 329.3  13.0 5.91E-05 000.8 087.5  20.2 0.076074 0.065832 0.024298 hargrave 2020-01-26 16:29:15 
585.00 348.0  05.6 348.0  05.6 5.75E-05 000.7 096.0  02.1 0.059154 0.069694 0.037928 hargrave 2020-01-27 13:13:12 
575.20 082.7 -48.3 082.7 -48.3 3.02E-03 000.4 286.9 -84.7 1.412389 1.355750 1.092770 hargrave 2020-01-28 09:12:57 
585.10 081.8 -49.9 081.8 -49.9 3.05E-03 000.4 305.7 -84.7 1.515625 1.434294 1.092940 hargrave 2020-01-30 13:23:25 
