BD6- 7b mag compass orientation (IGRF corrected)
      0 354.1  50.0   0.0   0.0   1.0
NRM    299.5  40.1 299.5  40.1 9.32E-04 000.5 101.8  63.1 0.440685 0.494089 0.486786 hargrave 2019-12-18 17:53:29 
100.00 299.7  39.2 299.7  39.2 9.30E-04 000.5 100.0  62.8 0.584050 0.471447 0.476988 hargrave 2019-12-19 10:51:16 
100.10 297.9  37.1 297.9  37.1 8.70E-04 000.4 094.6  63.5 0.400144 0.387293 0.422471 hargrave 2019-12-19 16:17:26 
200.10 299.1  38.3 299.1  38.3 8.16E-04 000.5 097.7  63.0 0.533400 0.397844 0.382009 hargrave 2019-12-20 11:03:46 
200.00 299.6  39.4 299.6  39.4 8.23E-04 000.6 100.3  62.9 0.623791 0.407655 0.352387 hargrave 2019-12-20 14:02:36 
300.00 298.9  38.4 298.9  38.4 8.24E-04 000.6 097.8  63.2 0.628694 0.384287 0.362928 hargrave 2019-12-20 17:57:37 
100.20 299.7  38.6 299.7  38.6 7.68E-04 000.5 098.6  62.6 0.561851 0.316038 0.338498 hargrave 2019-12-21 12:36:14 
300.10 301.5  39.3 301.5  39.3 7.33E-04 000.5 100.8  61.4 0.488380 0.317902 0.321259 hargrave 2019-12-21 15:52:37 
400.10 301.8  36.7 301.8  36.7 6.57E-04 000.6 095.8  60.5 0.559335 0.249555 0.270288 hargrave 2019-12-22 13:05:27 
400.00 300.4  37.0 300.4  37.0 6.74E-04 000.5 095.8  61.6 0.538364 0.238195 0.272734 hargrave 2019-12-22 15:35:42 
425.00 299.5  35.6 299.5  35.6 6.64E-04 000.5 092.5  61.9 0.484346 0.217417 0.240169 hargrave 2019-12-23 11:30:54 
300.20 299.3  36.7 299.3  36.7 6.19E-04 000.4 094.6  62.4 0.405006 0.174614 0.214470 hargrave 2019-12-23 14:45:07 
425.10 300.6  37.2 300.6  37.2 5.95E-04 000.4 096.2  61.5 0.378185 0.149179 0.195609 hargrave 2019-12-24 02:36:50 
450.10 302.0  38.6 302.0  38.6 5.76E-04 000.4 099.7  60.9 0.349543 0.147153 0.184636 hargrave 2019-12-24 12:36:41 
450.00 300.6  38.2 300.6  38.2 5.92E-04 000.4 098.3  61.8 0.402081 0.140661 0.173968 hargrave 2019-12-25 13:08:50 
475.00 300.1  37.3 300.1  37.3 5.87E-04 000.4 096.2  61.9 0.385594 0.137400 0.169715 hargrave 2019-12-25 16:46:36 
425.20 300.8  35.8 300.8  35.8 5.41E-04 000.4 093.5  60.9 0.301233 0.117547 0.177483 hargrave 2019-12-26 11:44:12 
475.10 302.7  36.9 302.7  36.9 5.23E-04 000.3 096.6  59.8 0.246428 0.106051 0.158592 hargrave 2019-12-26 15:42:41 
500.10 302.6  35.3 302.6  35.3 4.90E-04 000.3 093.7  59.4 0.196759 0.119482 0.172388 hargrave 2019-12-27 13:16:20 
500.00 299.7  36.5 299.7  36.5 5.17E-04 000.3 094.3  62.0 0.240578 0.142229 0.150732 hargrave 2019-12-27 17:05:52 
520.00 299.7  38.3 299.7  38.3 4.97E-04 000.4 098.1  62.5 0.303435 0.129506 0.133208 hargrave 2019-12-28 16:43:11 
475.20 303.3  35.7 303.3  35.7 4.49E-04 000.4 094.8  59.0 0.221794 0.157388 0.147582 hargrave 2019-12-29 15:26:14 
520.10 304.7  32.0 304.7  32.0 4.05E-04 000.4 089.2  56.5 0.142210 0.148526 0.177670 hargrave 2019-12-30 11:49:11 
530.10 306.4  35.2 306.4  35.2 3.79E-04 000.4 095.6  56.5 0.176359 0.159443 0.186272 hargrave 2019-12-30 15:45:18 
530.00 300.6  38.5 300.6  38.5 4.38E-04 000.4 098.9  61.9 0.187306 0.171167 0.184543 hargrave 2019-12-30 21:48:29 
540.00 299.1  35.6 299.1  35.6 4.25E-04 000.5 092.1  62.2 0.198831 0.212992 0.210991 hargrave 2020-01-01 10:55:32 
520.20 316.4  29.4 316.4  29.4 2.64E-04 000.5 092.8  46.4 0.080946 0.119915 0.170340 hargrave 2020-01-01 14:32:04 
540.10 349.8  00.6 349.8  00.6 1.74E-04 000.5 087.7  03.6 0.040179 0.034259 0.140761 hargrave 2020-01-01 18:27:45 
550.10 046.2 -38.4 046.2 -38.4 3.18E-04 000.3 080.7 -60.8 0.102506 0.081627 0.091897 hargrave 2020-01-02 13:59:05 
550.00 310.0  32.2 310.0  32.2 2.67E-04 000.5 092.9  52.5 0.172574 0.115509 0.118186 hargrave 2020-01-02 18:18:08 
553.00 303.4  33.6 303.4  33.6 3.11E-04 000.5 091.0  58.2 0.196103 0.113974 0.167203 hargrave 2020-01-03 11:52:39 
540.20 065.1 -44.6 065.1 -44.6 5.46E-04 000.3 065.8 -75.3 0.219163 0.211662 0.073827 hargrave 2020-01-03 15:30:27 
553.10 077.5 -46.3 077.5 -46.3 9.94E-04 000.3 035.4 -82.1 0.390170 0.407854 0.061908 hargrave 2020-01-14 16:24:26 
556.10 080.0 -45.6 080.0 -45.6 1.27E-03 000.4 026.9 -83.7 0.622014 0.536437 0.397662 hargrave 2020-01-18 15:19:07 
556.00 306.8  31.8 306.8  31.8 2.28E-04 000.4 090.3  54.9 0.100763 0.100365 0.107552 hargrave 2020-01-19 11:35:52 
559.00 300.2  34.0 300.2  34.0 2.08E-04 000.5 089.8  60.7 0.075369 0.113519 0.100999 hargrave 2020-01-19 15:00:50 
553.20 081.9 -45.0 081.9 -45.0 1.79E-03 000.4 017.7 -84.8 0.866347 0.792628 0.536265 hargrave 2020-01-20 11:41:32 
559.10 084.4 -46.0 084.4 -46.0 2.03E-03 000.4 357.9 -84.0 0.955408 0.896385 0.601500 hargrave 2020-01-20 15:40:11 
562.10 082.7 -45.5 082.7 -45.5 2.10E-03 000.4 010.2 -84.4 1.015256 0.900528 0.664367 hargrave 2020-01-21 09:18:33 
562.00 307.2  28.5 307.2  28.5 1.93E-04 000.4 085.5  53.0 0.062134 0.044124 0.117512 hargrave 2020-01-21 13:01:52 
565.00 307.6  33.2 307.6  33.2 1.87E-04 000.3 092.8  54.8 0.031635 0.059215 0.095566 hargrave 2020-01-21 16:05:43 
559.20 083.7 -45.9 083.7 -45.9 2.31E-03 000.4 002.8 -84.1 1.169291 1.039180 0.754374 hargrave 2020-01-22 11:13:11 
565.10 083.4 -46.5 083.4 -46.5 2.46E-03 000.4 004.5 -83.5 1.256068 1.137205 0.904423 hargrave 2020-01-22 15:18:53 
570.10 085.9 -45.4 085.9 -45.4 2.68E-03 000.4 346.6 -84.4 1.297208 1.217255 0.875177 hargrave 2020-01-23 12:37:55 
570.00 324.8  26.9 324.8  26.9 8.31E-05 000.4 094.9  38.7 0.050810 0.029881 0.047076 hargrave 2020-01-23 16:25:16 
575.00 307.7  31.2 307.7  31.2 7.46E-05 000.7 089.9  53.8 0.081902 0.020210 0.044999 hargrave 2020-01-24 11:24:57 
565.20 086.3 -45.2 086.3 -45.2 2.92E-03 000.4 343.0 -84.6 1.412925 1.324842 0.955530 hargrave 2020-01-24 15:21:22 
575.10 086.7 -45.7 086.7 -45.7 3.12E-03 000.4 342.4 -84.0 1.592236 1.492783 1.042521 hargrave 2020-01-25 14:58:56 
580.10 087.7 -45.7 087.7 -45.7 3.31E-03 000.4 336.6 -83.7 1.631775 1.514063 1.023887 hargrave 2020-01-26 13:00:11 
580.00 323.8  26.0 323.8  26.0 3.74E-05 000.8 093.3  39.0 0.040615 0.050697 0.020873 hargrave 2020-01-26 16:26:06 
585.00 340.7  34.4 340.7  34.4 4.00E-05 000.7 111.1  30.7 0.035301 0.048443 0.028409 hargrave 2020-01-27 13:09:57 
575.20 086.9 -45.9 086.9 -45.9 3.60E-03 000.4 341.8 -83.7 1.698627 1.597131 1.054804 hargrave 2020-01-28 09:08:47 
585.10 086.6 -46.5 086.6 -46.5 3.70E-03 000.4 345.1 -83.2 1.796533 1.680494 1.165841 hargrave 2020-01-30 13:19:12 
