BD6- 2b mag compass orientation (IGRF corrected)
      0  47.1  87.0   0.0   0.0   1.0
NRM    270.4  38.5 270.4  38.5 6.74E-03 000.4 223.8  34.6 0.278343 4.139219 3.466018 hargrave 2019-12-18 16:42:49 
100.00 269.4  37.7 269.4  37.7 6.67E-03 000.4 225.1  34.3 3.595852 5.798356 2.832302 hargrave 2019-12-19 10:07:47 
100.10 270.4  40.2 270.4  40.2 6.58E-03 000.3 222.0  33.8 4.901159 3.898551 2.903080 hargrave 2019-12-19 14:56:21 
200.10 271.6  39.9 271.6  39.9 6.13E-03 000.4 221.7  34.8 3.810488 4.313273 2.945072 hargrave 2019-12-20 10:09:52 
200.00 273.6  40.0 273.6  40.0 6.15E-03 000.4 220.7  36.0 4.289398 3.180433 3.046916 hargrave 2019-12-20 13:18:26 
300.00 274.5  36.7 274.5  36.7 5.95E-03 000.4 223.8  38.3 4.228999 2.473302 3.312669 hargrave 2019-12-20 17:11:18 
100.20 278.1  42.1 278.1  42.1 5.91E-03 000.4 216.2  37.7 4.186354 2.260506 2.796831 hargrave 2019-12-21 11:44:22 
300.10 275.9  41.1 275.9  41.1 5.80E-03 000.4 218.3  36.9 4.948215 3.446420 2.383943 hargrave 2019-12-21 15:01:15 
400.10 277.8  44.8 277.8  44.8 5.28E-03 000.4 213.7  35.8 3.643336 2.534342 2.623294 hargrave 2019-12-22 12:15:11 
400.00 277.8  40.4 277.8  40.4 5.39E-03 000.4 218.0  38.5 3.467670 2.212336 2.840581 hargrave 2019-12-22 14:53:16 
425.00 278.7  38.9 278.7  38.9 5.26E-03 000.4 219.1  40.0 3.536058 1.431916 2.956058 hargrave 2019-12-23 10:49:19 
300.20 278.2  41.4 278.2  41.4 5.08E-03 000.5 216.8  38.1 3.663236 1.910609 3.050076 hargrave 2019-12-23 13:53:46 
425.10 277.6  42.6 277.6  42.6 4.86E-03 000.6 216.0  37.1 4.191516 2.140872 3.254803 hargrave 2019-12-24 01:44:28 
450.10 278.1  45.1 278.1  45.1 4.65E-03 000.6 213.2  35.8 3.884392 2.054205 2.970462 hargrave 2019-12-24 11:44:57 
450.00 279.7  40.8 279.7  40.8 4.80E-03 000.6 216.4  39.4 4.250831 2.244780 3.287476 hargrave 2019-12-25 12:28:07 
475.00 281.2  39.2 281.2  39.2 4.71E-03 000.7 217.2  41.3 4.369283 2.294362 3.873613 hargrave 2019-12-25 16:04:02 
425.20 276.6  40.1 276.6  40.1 4.46E-03 000.7 219.0  38.0 4.422159 2.181456 3.256437 hargrave 2019-12-26 10:52:15 
475.10 275.4  42.8 275.4  42.8 4.21E-03 000.8 216.9  35.7 4.813918 2.785273 3.502454 hargrave 2019-12-26 14:50:55 
500.10 274.0  44.5 274.0  44.5 3.87E-03 000.7 215.9  33.8 2.379891 2.948479 3.241305 hargrave 2019-12-27 12:25:10 
500.00 279.1  38.2 279.1  38.2 4.06E-03 000.7 219.6  40.5 3.768102 2.634180 3.565434 hargrave 2019-12-27 16:22:35 
520.00 281.1  38.1 281.1  38.1 3.85E-03 000.6 218.4  41.9 2.724853 2.355343 3.256129 hargrave 2019-12-28 16:00:39 
475.20 278.4  47.1 278.4  47.1 3.42E-03 000.5 211.2  34.7 1.145299 2.243769 2.688337 hargrave 2019-12-29 14:34:14 
520.10 265.2  48.2 265.2  48.2 2.99E-03 000.6 216.0  26.7 1.105967 1.712889 2.635948 hargrave 2019-12-30 10:58:11 
530.10 258.6  48.9 258.6  48.9 2.78E-03 000.5 217.4  22.5 0.690583 1.533730 2.243080 hargrave 2019-12-30 14:51:31 
530.00 279.0  43.9 279.0  43.9 3.16E-03 000.4 213.9  37.0 0.450875 1.162447 2.095175 hargrave 2019-12-30 21:05:55 
540.00 285.1  41.2 285.1  41.2 2.93E-03 000.3 212.5  42.2 0.314468 1.284768 1.584041 hargrave 2020-01-01 10:09:52 
520.20 249.9  51.4 249.9  51.4 2.17E-03 000.4 216.8  16.4 0.489546 0.730132 1.567561 hargrave 2020-01-01 13:38:22 
540.10 186.1  50.2 186.1  50.2 1.91E-03 000.6 211.5 -22.3 0.977654 1.338997 1.530011 hargrave 2020-01-01 17:33:57 
550.10 141.2  07.3 141.2  07.3 3.82E-03 000.4 201.8 -78.9 1.981580 1.845215 1.867237 hargrave 2020-01-02 13:05:21 
550.00 234.6  60.5 234.6  60.5 9.03E-04 000.7 209.4  06.3 0.483537 0.674522 0.935218 hargrave 2020-01-02 17:34:27 
553.00 287.8  38.6 287.8  38.6 1.08E-03 000.3 213.1  45.5 0.160831 0.453454 0.522853 hargrave 2020-01-03 11:10:09 
540.20 140.7  07.8 140.7  07.8 2.77E-03 000.4 198.3 -78.6 1.404082 1.271733 1.442412 hargrave 2020-01-03 14:37:39 
553.10 125.9 -00.3 125.9 -00.3 6.84E-03 000.4 261.4 -85.1 3.003082 2.952649 1.750337 hargrave 2020-01-14 15:36:41 
556.10 123.7  01.5 123.7  01.5 7.12E-03 000.4 226.8 -86.4 3.932474 3.396695 2.517040 hargrave 2020-01-18 14:33:37 
556.00 277.9  32.4 277.9  32.4 5.14E-04 000.4 212.4  51.8 0.230670 0.200345 0.256802 hargrave 2020-01-19 11:00:01 
559.00 279.3  32.2 279.3  32.2 3.40E-04 000.5 211.3  52.7 0.160356 0.170996 0.159261 hargrave 2020-01-19 14:24:51 
553.20 120.8  01.7 120.8  01.7 7.52E-03 000.4 173.2 -87.3 4.170592 3.349789 2.301300 hargrave 2020-01-20 10:57:03 
559.10 134.8 -02.0 134.8 -02.0 7.38E-03 000.4 113.9 -87.5 3.505863 3.493590 0.678691 hargrave 2020-01-20 15:04:54 
562.10 133.8 -00.9 133.8 -00.9 7.38E-03 000.4 122.6 -86.1 3.528599 3.377641 0.676350 hargrave 2020-01-21 08:46:00 
562.00 292.5  38.5 292.5  38.5 4.24E-04 000.5 209.2  48.0 0.226543 0.084299 0.359974 hargrave 2020-01-21 12:31:42 
565.00 289.2  33.4 289.2  33.4 4.43E-04 000.4 217.4  50.0 0.192635 0.117546 0.282637 hargrave 2020-01-21 15:36:29 
559.20 133.8 -01.3 133.8 -01.3 7.60E-03 000.4 116.7 -86.3 3.647289 3.536976 0.411096 hargrave 2020-01-22 10:40:37 
565.10 133.2 -00.9 133.2 -00.9 7.90E-03 000.4 118.3 -85.6 3.860786 3.724954 0.508209 hargrave 2020-01-22 14:44:02 
570.10 135.2 -03.5 135.2 -03.5 8.33E-03 000.4 076.1 -88.0 3.994947 3.797107 0.670752 hargrave 2020-01-23 12:04:32 
570.00 270.9  44.6 270.9  44.6 2.39E-04 000.5 217.3  31.9 0.108606 0.098598 0.183845 hargrave 2020-01-23 15:56:51 
575.00 290.5  38.4 290.5  38.4 2.27E-04 000.5 211.0  47.1 0.081765 0.046692 0.197111 hargrave 2020-01-24 10:54:17 
565.20 135.0 -02.9 135.0 -02.9 8.49E-03 000.4 092.6 -87.9 4.283387 3.983742 1.260766 hargrave 2020-01-24 14:47:50 
575.10 134.8 -03.1 134.8 -03.1 8.88E-03 000.4 087.1 -87.7 4.437156 4.277961 0.892855 hargrave 2020-01-25 14:23:54 
580.10 135.9 -03.9 135.9 -03.9 9.09E-03 000.4 053.5 -88.5 4.473524 4.358932 1.194447 hargrave 2020-01-26 12:25:39 
580.00 278.4  47.5 278.4  47.5 1.20E-04 000.6 210.8  34.4 0.080336 0.058136 0.097849 hargrave 2020-01-26 15:57:23 
585.00 288.2  47.0 288.2  47.0 1.05E-04 000.6 205.2  39.4 0.078955 0.055427 0.081189 hargrave 2020-01-27 12:40:20 
575.20 134.6 -03.3 134.6 -03.3 9.21E-03 000.4 082.2 -87.5 4.321611 4.241552 0.973080 hargrave 2020-01-28 08:35:00 
585.10 135.8 -03.9 135.8 -03.9 9.44E-03 000.4 054.3 -88.5 4.674735 4.493878 1.432879 hargrave 2020-01-30 12:43:13 
