BD6- 8b mag compass orientation (IGRF corrected)
      0 345.1  46.0   0.0   0.0   1.0
NRM    302.9  28.2 302.9  28.2 2.12E-03 000.5 083.8  49.0 0.849874 0.973909 1.549089 hargrave 2019-12-18 17:56:25 
100.00 301.4  26.3 301.4  26.3 2.12E-03 000.6 080.2  48.8 1.273872 0.989235 1.601084 hargrave 2019-12-19 10:52:53 
100.10 299.2  23.8 299.2  23.8 2.00E-03 000.5 075.3  48.8 0.745509 0.848948 1.511738 hargrave 2019-12-19 16:19:35 
200.10 302.8  26.7 302.8  26.7 1.86E-03 000.6 081.9  48.1 1.149340 0.870144 1.405985 hargrave 2019-12-20 11:05:54 
200.00 302.8  26.8 302.8  26.8 1.88E-03 000.7 082.1  48.2 1.351608 0.938907 1.463390 hargrave 2019-12-20 14:04:13 
300.00 303.0  27.0 303.0  27.0 1.88E-03 000.6 082.3  48.2 1.377771 0.715758 1.313970 hargrave 2019-12-20 17:59:13 
100.20 303.0  27.0 303.0  27.0 1.71E-03 000.6 082.4  48.2 1.264762 0.748157 1.305309 hargrave 2019-12-21 12:38:22 
300.10 305.2  28.5 305.2  28.5 1.65E-03 000.5 085.9  47.4 0.984287 0.501469 1.062530 hargrave 2019-12-21 15:54:37 
400.10 304.2  26.6 304.2  26.6 1.40E-03 000.6 082.9  47.1 1.102514 0.521580 0.959427 hargrave 2019-12-22 13:07:36 
400.00 304.5  27.6 304.5  27.6 1.46E-03 000.6 084.2  47.5 1.117736 0.499432 0.973319 hargrave 2019-12-22 15:37:20 
425.00 303.5  26.3 303.5  26.3 1.44E-03 000.6 081.9  47.3 1.035939 0.382735 0.940833 hargrave 2019-12-23 11:32:31 
300.20 303.0  24.4 303.0  24.4 1.26E-03 000.5 079.4  46.6 0.801808 0.229346 0.790304 hargrave 2019-12-23 14:47:15 
425.10 304.1  24.7 304.1  24.7 1.19E-03 000.5 080.6  45.9 0.738727 0.193710 0.722798 hargrave 2019-12-24 02:38:59 
450.10 305.4  25.6 305.4  25.6 1.14E-03 000.4 082.7  45.6 0.566452 0.165451 0.680867 hargrave 2019-12-24 12:38:49 
450.00 304.4  26.7 304.4  26.7 1.19E-03 000.4 083.1  47.0 0.679637 0.217575 0.656820 hargrave 2019-12-25 13:10:28 
475.00 301.8  24.1 301.8  24.1 1.18E-03 000.4 078.1  47.2 0.613087 0.222019 0.650973 hargrave 2019-12-25 16:48:13 
425.20 304.2  23.7 304.2  23.7 1.07E-03 000.4 079.6  45.2 0.559061 0.174922 0.616831 hargrave 2019-12-26 11:46:20 
475.10 305.0  24.6 305.0  24.6 1.01E-03 000.4 081.2  45.2 0.378532 0.215418 0.584557 hargrave 2019-12-26 15:44:49 
500.10 304.9  21.5 304.9  21.5 9.56E-04 000.3 077.9  43.4 0.230443 0.236289 0.553444 hargrave 2019-12-27 13:18:29 
500.00 302.8  23.7 302.8  23.7 1.01E-03 000.4 078.4  46.2 0.399335 0.267563 0.545613 hargrave 2019-12-27 17:07:29 
520.00 304.0  26.2 304.0  26.2 9.77E-04 000.4 082.2  46.9 0.520601 0.232999 0.498770 hargrave 2019-12-28 16:44:48 
475.20 308.1  20.8 308.1  20.8 8.37E-04 000.4 079.7  40.6 0.312274 0.238151 0.503798 hargrave 2019-12-29 15:28:22 
520.10 313.4  17.2 313.4  17.2 7.25E-04 000.4 080.5  34.6 0.243983 0.185777 0.500546 hargrave 2019-12-30 11:51:19 
530.10 317.0  15.2 317.0  15.2 6.64E-04 000.5 081.6  30.6 0.210281 0.245397 0.507318 hargrave 2019-12-30 15:48:17 
530.00 305.1  26.0 305.1  26.0 8.40E-04 000.5 082.9  46.0 0.229154 0.369643 0.533304 hargrave 2019-12-30 21:50:05 
540.00 304.4  27.0 304.4  27.0 8.13E-04 000.5 083.5  47.1 0.295993 0.381978 0.542865 hargrave 2020-01-01 10:57:08 
520.20 334.9 -01.6 334.9 -01.6 5.34E-04 000.5 081.7  06.2 0.189836 0.142463 0.437045 hargrave 2020-01-01 14:34:12 
540.10 358.8 -20.6 358.8 -20.6 5.54E-04 000.5 083.8 -23.9 0.263032 0.062621 0.360680 hargrave 2020-01-01 18:29:54 
550.10 026.6 -38.4 026.6 -38.4 7.65E-04 000.3 081.7 -53.6 0.290137 0.223419 0.258409 hargrave 2020-01-02 14:01:14 
550.00 307.0  22.5 307.0  22.5 6.11E-04 000.6 080.6  42.5 0.234503 0.297018 0.503661 hargrave 2020-01-02 18:19:46 
553.00 305.7  26.2 305.7  26.2 6.35E-04 000.6 083.6  45.7 0.275392 0.311292 0.477270 hargrave 2020-01-03 11:54:20 
540.20 041.9 -45.0 041.9 -45.0 1.05E-03 000.3 075.8 -66.5 0.357229 0.391491 0.140467 hargrave 2020-01-03 15:32:35 
553.10 054.5 -47.4 054.5 -47.4 1.49E-03 000.3 069.3 -75.2 0.434881 0.588356 0.144036 hargrave 2020-01-14 16:26:34 
556.10 060.0 -44.3 060.0 -44.3 1.74E-03 000.3 082.9 -79.2 0.766462 0.695315 0.337513 hargrave 2020-01-18 15:21:15 
556.00 307.4  22.8 307.4  22.8 4.89E-04 000.4 081.2  42.4 0.082652 0.174623 0.323851 hargrave 2020-01-19 11:37:28 
559.00 305.5  24.8 305.5  24.8 3.79E-04 000.4 081.8  45.0 0.083499 0.159172 0.235687 hargrave 2020-01-19 15:02:27 
553.20 065.3 -44.2 065.3 -44.2 2.30E-03 000.4 085.1 -83.0 0.995501 1.006429 0.431919 hargrave 2020-01-20 11:43:41 
559.10 067.9 -45.9 067.9 -45.9 2.59E-03 000.4 066.9 -84.5 1.169014 1.125424 0.513158 hargrave 2020-01-20 15:42:19 
562.10 066.1 -44.6 066.1 -44.6 2.68E-03 000.4 081.7 -83.5 1.236815 1.168309 0.592328 hargrave 2020-01-21 09:20:40 
562.00 312.2  22.2 312.2  22.2 3.38E-04 000.5 084.3  38.6 0.132694 0.153594 0.261495 hargrave 2020-01-21 13:03:29 
565.00 309.2  22.1 309.2  22.1 3.37E-04 000.4 081.9  40.7 0.064403 0.109481 0.224797 hargrave 2020-01-21 16:07:19 
559.20 067.9 -45.7 067.9 -45.7 2.87E-03 000.4 068.7 -84.6 1.427520 1.338910 0.802635 hargrave 2020-01-22 11:15:18 
565.10 068.0 -46.0 068.0 -46.0 3.07E-03 000.4 065.6 -84.6 1.497025 1.390895 0.800476 hargrave 2020-01-22 15:21:02 
570.10 073.4 -44.9 073.4 -44.9 3.44E-03 000.4 053.6 -88.5 1.625053 1.632349 0.871704 hargrave 2020-01-23 12:40:02 
570.00 335.9 -01.0 335.9 -01.0 1.37E-04 000.4 082.8  05.9 0.018013 0.028928 0.097619 hargrave 2020-01-23 16:26:52 
575.00 315.3  23.0 315.3  23.0 1.19E-04 000.4 087.4  36.9 0.059331 0.025507 0.089379 hargrave 2020-01-24 11:26:32 
565.20 073.5 -44.9 073.5 -44.9 3.65E-03 000.4 052.7 -88.6 1.791206 1.791607 0.994534 hargrave 2020-01-24 15:23:30 
575.10 074.7 -44.6 074.7 -44.6 3.98E-03 000.4 024.4 -89.3 1.937112 1.993924 0.997116 hargrave 2020-01-25 15:01:03 
580.10 075.2 -44.6 075.2 -44.6 4.19E-03 000.4 355.8 -89.4 2.024197 2.148152 1.135330 hargrave 2020-01-26 13:02:19 
580.00 333.4  23.0 333.4  23.0 6.97E-05 000.4 099.5  23.9 0.018032 0.059977 0.057192 hargrave 2020-01-26 16:27:43 
585.00 327.8  18.9 327.8  18.9 5.61E-05 000.4 092.4  25.3 0.018835 0.022443 0.043709 hargrave 2020-01-27 13:11:36 
575.20 075.2 -44.8 075.2 -44.8 4.55E-03 000.4 357.1 -89.2 2.088611 2.261262 0.997468 hargrave 2020-01-28 09:10:55 
585.10 074.4 -46.0 074.4 -46.0 4.68E-03 000.4 013.7 -87.9 2.234436 2.357757 1.069030 hargrave 2020-01-30 13:21:22 
