BD7- 7b sun compass orientation
      0  18.8  67.0   0.0   0.0   1.0
NRM    305.6  48.8 305.6  48.8 4.02E-03 000.5 156.9  61.0 1.316855 2.678610 1.761679 hargrave 2019-12-18 18:09:38 
100.00 304.5  49.8 304.5  49.8 3.95E-03 000.4 159.3  60.5 1.165467 2.374172 1.290015 hargrave 2019-12-19 11:00:47 
100.10 308.2  47.4 308.2  47.4 3.64E-03 000.4 152.3  61.1 1.216825 2.099096 1.403192 hargrave 2019-12-19 16:31:50 
200.10 306.6  49.4 306.6  49.4 3.40E-03 000.4 156.5  60.1 1.185662 1.990575 0.960124 hargrave 2019-12-20 11:15:04 
200.00 307.0  49.5 307.0  49.5 3.38E-03 000.4 156.1  59.9 1.006446 1.865564 1.126213 hargrave 2019-12-20 14:13:44 
300.00 309.6  47.8 309.6  47.8 3.41E-03 000.4 151.3  60.2 1.339346 2.006980 1.095011 hargrave 2019-12-20 18:06:17 
100.20 306.5  48.9 306.5  48.9 3.23E-03 000.4 156.1  60.6 1.192193 1.759755 0.862338 hargrave 2019-12-21 12:48:23 
300.10 304.5  49.8 304.5  49.8 3.10E-03 000.4 159.2  60.5 1.336651 1.340739 0.653566 hargrave 2019-12-21 16:04:02 
400.10 309.7  48.2 309.7  48.2 2.84E-03 000.4 151.8  59.8 1.229509 1.450577 0.710357 hargrave 2019-12-22 13:16:46 
400.00 309.5  47.3 309.5  47.3 2.86E-03 000.4 150.8  60.6 1.376476 1.534436 0.641906 hargrave 2019-12-22 15:45:14 
425.00 308.6  47.6 308.6  47.6 2.82E-03 000.4 152.1  60.7 1.425503 1.498192 0.568213 hargrave 2019-12-23 11:39:35 
300.20 306.3  48.4 306.3  48.4 2.74E-03 000.4 155.6  61.0 1.330438 1.183311 0.502699 hargrave 2019-12-23 14:56:22 
425.10 309.4  46.4 309.4  46.4 2.64E-03 000.4 149.7  61.3 1.361520 0.943974 0.561282 hargrave 2019-12-24 02:48:17 
450.10 308.2  47.7 308.2  47.7 2.56E-03 000.4 152.6  60.9 1.246699 0.967794 0.543182 hargrave 2019-12-24 12:48:46 
450.00 308.3  46.0 308.3  46.0 2.57E-03 000.4 150.3  62.1 1.338777 1.027421 0.430188 hargrave 2019-12-25 13:19:10 
475.00 307.5  45.6 307.5  45.6 2.56E-03 000.4 150.6  62.8 1.286340 0.956777 0.463782 hargrave 2019-12-25 16:55:17 
425.20 308.9  46.1 308.9  46.1 2.49E-03 000.3 149.8  61.8 1.227225 0.751414 0.586841 hargrave 2019-12-26 11:56:19 
475.10 307.6  47.3 307.6  47.3 2.39E-03 000.3 152.8  61.4 1.053570 0.710381 0.631904 hargrave 2019-12-26 15:54:49 
500.10 309.4  47.8 309.4  47.8 2.24E-03 000.4 151.6  60.3 0.902601 0.776785 0.871822 hargrave 2019-12-27 13:27:37 
500.00 307.1  46.2 307.1  46.2 2.29E-03 000.3 151.9  62.5 0.963283 0.751677 0.691286 hargrave 2019-12-27 17:14:32 
520.00 307.0  45.6 307.0  45.6 2.08E-03 000.4 151.2  62.9 0.981395 0.606809 0.588407 hargrave 2019-12-28 16:51:51 
475.20 308.0  47.6 308.0  47.6 1.95E-03 000.4 152.8  61.0 0.855093 0.652437 0.670846 hargrave 2019-12-29 15:38:22 
520.10 312.0  52.6 312.0  52.6 1.48E-03 000.4 155.0  55.5 0.582672 0.545699 0.650885 hargrave 2019-12-30 12:01:16 
530.10 320.4  57.4 320.4  57.4 1.10E-03 000.5 154.7  48.7 0.419933 0.497925 0.626028 hargrave 2019-12-30 15:57:27 
530.00 304.2  47.1 304.2  47.1 1.51E-03 000.4 156.6  62.9 0.660788 0.673820 0.634287 hargrave 2019-12-30 21:57:07 
540.00 302.7  46.8 302.7  46.8 1.05E-03 000.5 158.2  63.7 0.468404 0.571327 0.435360 hargrave 2020-01-01 11:04:14 
520.20 019.3  65.5 019.3  65.5 5.21E-04 000.6 153.7  20.6 0.036927 0.325793 0.387058 hargrave 2020-01-01 14:45:08 
540.10 098.2  03.8 098.2  03.8 7.81E-04 000.4 157.6 -61.3 0.346730 0.291613 0.234733 hargrave 2020-01-01 18:39:04 
550.10 104.8 -14.5 104.8 -14.5 1.61E-03 000.4 155.2 -80.7 0.782553 0.734549 0.272464 hargrave 2020-01-02 14:11:14 
550.00 330.2  59.5 330.2  59.5 3.57E-04 000.5 152.5  43.4 0.109690 0.227631 0.203177 hargrave 2020-01-02 18:26:52 
553.00 308.6  51.5 308.6  51.5 3.75E-04 000.5 156.7  57.7 0.137795 0.215490 0.173173 hargrave 2020-01-03 12:01:33 
540.20 109.0 -18.4 109.0 -18.4 1.57E-03 000.4 182.2 -85.4 0.801900 0.665770 0.397683 hargrave 2020-01-03 15:42:36 
553.10 110.4 -21.9 110.4 -21.9 2.50E-03 000.4 233.8 -88.2 1.224006 1.144500 0.726248 hargrave 2020-01-14 16:35:44 
556.10 107.1 -20.6 107.1 -20.6 2.92E-03 000.4 146.3 -87.1 1.339677 1.304903 0.242161 hargrave 2020-01-18 15:31:16 
556.00 032.2  46.4 032.2  46.4 7.44E-05 000.9 137.3  07.8 0.113034 0.109729 0.079688 hargrave 2020-01-19 11:44:33 
559.00 005.1  62.3 005.1  62.3 1.19E-04 000.7 149.7  26.6 0.074915 0.098454 0.106557 hargrave 2020-01-19 15:09:34 
553.20 107.4 -21.9 107.4 -21.9 3.12E-03 000.4 129.7 -88.3 1.438675 1.393092 0.296393 hargrave 2020-01-20 11:52:50 
559.10 109.1 -21.7 109.1 -21.7 3.40E-03 000.4 193.2 -88.6 1.570718 1.507294 0.360787 hargrave 2020-01-20 15:53:04 
562.10 108.3 -22.9 108.3 -22.9 3.52E-03 000.4 105.5 -89.5 1.672486 1.637465 0.570412 hargrave 2020-01-21 09:30:09 
562.00 035.4  62.8 035.4  62.8 6.10E-05 001.0 153.3  13.1 0.063524 0.097162 0.064230 hargrave 2020-01-21 13:12:30 
565.00 067.0  87.9 067.0  87.9 7.81E-05 001.0 178.5  21.4 0.122423 0.133178 0.041664 hargrave 2020-01-21 16:15:30 
559.20 107.5 -21.9 107.5 -21.9 3.58E-03 000.4 130.7 -88.4 1.785782 1.727379 0.558242 hargrave 2020-01-22 11:24:45 
565.10 109.3 -22.2 109.3 -22.2 3.76E-03 000.4 210.6 -89.1 1.796508 1.718839 0.622250 hargrave 2020-01-22 15:30:41 
570.10 107.4 -22.6 107.4 -22.6 3.91E-03 000.4 105.6 -88.6 1.864862 1.813931 0.662734 hargrave 2020-01-23 12:51:06 
570.00 104.3  29.4 104.3  29.4 7.76E-05 000.8 175.1 -37.4 0.065397 0.084089 0.041026 hargrave 2020-01-23 16:35:02 
575.00 018.5  51.5 018.5  51.5 9.81E-05 000.7 139.1  18.0 0.035675 0.131775 0.077824 hargrave 2020-01-24 11:33:57 
565.20 109.0 -21.9 109.0 -21.9 4.01E-03 000.4 187.3 -88.9 1.933677 1.901066 0.575590 hargrave 2020-01-24 15:33:02 
575.10 108.6 -22.5 108.6 -22.5 4.12E-03 000.4 160.0 -89.5 2.047871 1.981973 0.657189 hargrave 2020-01-25 15:11:20 
580.10 108.9 -22.6 108.9 -22.6 4.26E-03 000.4 191.4 -89.6 2.054131 2.041102 0.584119 hargrave 2020-01-26 13:12:41 
580.00 106.1  27.2 106.1  27.2 6.60E-05 001.4 176.9 -39.8 0.099342 0.153061 0.031834 hargrave 2020-01-26 16:35:58 
585.00 062.2  27.4 062.2  27.4 4.49E-05 001.6 135.7 -22.5 0.111891 0.101575 0.034818 hargrave 2020-01-27 13:20:04 
575.20 108.4 -23.1 108.4 -23.1 4.44E-03 000.4 076.8 -89.6 2.136029 2.062542 0.554930 hargrave 2020-01-28 09:21:20 
585.10 110.6 -24.5 110.6 -24.5 4.48E-03 000.4 313.1 -87.8 2.156107 2.107875 0.720250 hargrave 2020-01-30 13:33:17 
