BD7- 5b mag compass orientation (IGRF corrected)
      0  25.1  90.0   0.0   0.0   1.0
NRM    290.8  53.3 290.8  53.3 9.04E-03 000.5 183.2  36.6 2.857735 4.728239 5.999499 hargrave 2019-12-18 18:02:30 
100.00 299.5  53.5 299.5  53.5 9.02E-03 000.4 176.8  36.4 1.038117 4.461342 5.240223 hargrave 2019-12-19 10:57:09 
100.10 307.0  52.6 307.0  52.6 8.34E-03 000.5 171.0  36.5 2.120968 4.326222 5.480917 hargrave 2019-12-19 16:26:19 
200.10 299.6  53.5 299.6  53.5 7.89E-03 000.4 176.6  36.4 0.639995 3.378133 4.446185 hargrave 2019-12-20 11:10:24 
200.00 299.8  53.5 299.8  53.5 7.85E-03 000.3 176.5  36.3 0.551778 2.996765 4.385926 hargrave 2019-12-20 14:07:40 
300.00 301.8  52.8 301.8  52.8 7.65E-03 000.3 174.9  36.9 0.810246 2.847915 4.288581 hargrave 2019-12-20 18:02:40 
100.20 303.3  52.6 303.3  52.6 7.17E-03 000.3 173.7  37.0 0.752908 2.134998 4.109204 hargrave 2019-12-21 12:42:52 
300.10 299.8  53.1 299.8  53.1 6.84E-03 000.4 176.4  36.7 1.656451 2.318007 4.012970 hargrave 2019-12-21 15:59:01 
400.10 302.9  53.8 302.9  53.8 6.10E-03 000.3 174.3  35.9 1.042359 2.083097 3.355872 hargrave 2019-12-22 13:12:06 
400.00 299.9  53.1 299.9  53.1 6.13E-03 000.4 176.4  36.8 1.026146 2.531505 3.402837 hargrave 2019-12-22 15:40:46 
425.00 305.6  52.1 305.6  52.1 6.09E-03 000.4 172.0  37.1 1.079667 3.242936 3.359613 hargrave 2019-12-23 11:35:58 
300.20 300.0  52.9 300.0  52.9 5.75E-03 000.4 176.3  36.9 1.267773 1.903690 3.249966 hargrave 2019-12-23 14:51:43 
425.10 305.0  53.5 305.0  53.5 5.47E-03 000.4 172.8  35.8 1.655584 1.605601 3.313107 hargrave 2019-12-24 02:43:35 
450.10 304.6  54.5 304.6  54.5 5.28E-03 000.4 173.3  34.9 1.470700 2.083397 3.257894 hargrave 2019-12-24 12:44:06 
450.00 297.5  53.0 297.5  53.0 5.41E-03 000.4 178.2  37.0 1.544138 2.411415 3.120554 hargrave 2019-12-25 13:13:55 
475.00 303.7  51.7 303.7  51.7 5.37E-03 000.5 173.3  37.8 1.757205 2.609740 3.158185 hargrave 2019-12-25 16:51:40 
425.20 306.7  52.9 306.7  52.9 5.06E-03 000.4 171.4  36.2 1.638287 1.754760 3.127485 hargrave 2019-12-26 11:51:39 
475.10 300.4  56.0 300.4  56.0 4.77E-03 000.5 176.4  33.8 1.550423 1.837722 3.157633 hargrave 2019-12-26 15:50:07 
500.10 304.6  62.0 304.6  62.0 4.08E-03 000.6 175.0  27.6 1.568505 1.653956 3.226340 hargrave 2019-12-27 13:22:57 
500.00 299.7  53.2 299.7  53.2 4.40E-03 000.5 176.6  36.7 1.488186 2.191421 2.898836 hargrave 2019-12-27 17:10:55 
520.00 300.3  52.7 300.3  52.7 2.89E-03 000.5 176.0  37.1 1.105224 1.106859 1.897063 hargrave 2019-12-28 16:48:13 
475.20 297.8  63.5 297.8  63.5 2.35E-03 000.5 178.6  26.5 1.016749 0.647384 1.799698 hargrave 2019-12-29 15:33:42 
520.10 116.5  27.8 116.5  27.8 4.01E-03 000.3 182.6 -62.2 1.202741 1.725204 1.058267 hargrave 2019-12-30 11:55:47 
530.10 117.0  21.3 117.0  21.3 4.53E-03 000.4 184.8 -68.6 1.709154 2.194224 0.670817 hargrave 2019-12-30 15:52:47 
530.00 291.3  66.5 291.3  66.5 1.92E-03 000.5 181.7  23.5 0.728589 0.584708 1.572792 hargrave 2019-12-30 21:53:31 
540.00 303.1  52.8 303.1  52.8 1.75E-03 000.5 173.9  36.8 0.697588 0.785485 1.318527 hargrave 2020-01-01 11:00:35 
520.20 115.2  14.8 115.2  14.8 3.86E-03 000.4 180.2 -75.2 1.772021 1.785997 0.630468 hargrave 2020-01-01 14:38:43 
540.10 116.1  07.2 116.1  07.2 6.83E-03 000.4 188.2 -82.7 3.158244 3.086254 1.215613 hargrave 2020-01-01 18:34:23 
550.10 115.6  01.0 115.6  01.0 1.11E-02 000.3 205.4 -88.9 4.687421 4.756628 1.953940 hargrave 2020-01-02 14:05:43 
550.00 115.1  20.4 115.1  20.4 1.15E-03 000.4 180.0 -69.6 0.569208 0.408325 0.390982 hargrave 2020-01-02 18:23:14 
553.00 124.3  60.7 124.3  60.7 3.87E-04 000.6 185.1 -28.9 0.194478 0.196521 0.294319 hargrave 2020-01-03 11:57:48 
540.20 116.7 -00.8 116.7 -00.8 7.58E-03 000.3 296.3 -88.2 3.219912 3.279146 0.861387 hargrave 2020-01-03 15:37:05 
553.10 115.2 -02.2 115.2 -02.2 1.18E-02 000.3 357.3 -87.8 4.961395 5.074823 1.550809 hargrave 2020-01-14 16:31:03 
556.10 115.6  00.6 115.6  00.6 1.22E-02 000.3 220.1 -89.2 5.313003 5.152831 2.113439 hargrave 2020-01-18 15:26:35 
556.00 113.3  08.4 113.3  08.4 7.19E-04 000.4 168.3 -81.4 0.397557 0.347706 0.073245 hargrave 2020-01-19 11:40:55 
559.00 105.4  17.2 105.4  17.2 3.39E-04 000.5 151.4 -70.3 0.171115 0.227145 0.031423 hargrave 2020-01-19 15:05:55 
553.20 115.0 -00.1 115.0 -00.1 1.15E-02 000.4 046.3 -89.9 5.134303 5.016646 1.990180 hargrave 2020-01-20 11:48:11 
559.10 116.1  00.9 116.1  00.9 1.28E-02 000.4 228.8 -88.7 5.744935 5.619352 2.460393 hargrave 2020-01-20 15:46:50 
562.10 114.7  00.1 114.7  00.1 1.28E-02 000.4 103.7 -89.6 5.872848 5.564921 3.217332 hargrave 2020-01-21 09:24:42 
562.00 113.8  08.5 113.8  08.5 7.36E-04 000.4 171.6 -81.4 0.427554 0.400228 0.301799 hargrave 2020-01-21 13:06:29 
565.00 113.3  08.3 113.3  08.3 6.59E-04 000.4 168.2 -81.5 0.362332 0.372427 0.150465 hargrave 2020-01-21 16:10:18 
559.20 114.0 -00.3 114.0 -00.3 1.19E-02 000.4 075.6 -88.8 5.736722 5.333708 3.042154 hargrave 2020-01-22 11:19:19 
565.10 116.7 -00.6 116.7 -00.6 1.29E-02 000.4 289.3 -88.3 5.956672 5.757337 3.600715 hargrave 2020-01-22 15:25:10 
570.10 115.3 -00.2 115.3 -00.2 1.35E-02 000.4 316.8 -89.8 6.385391 5.982601 3.479641 hargrave 2020-01-23 12:44:52 
570.00 114.9  04.2 114.9  04.2 9.95E-04 000.4 176.7 -85.8 0.538776 0.498666 0.271094 hargrave 2020-01-23 16:29:51 
575.00 111.1  07.8 111.1  07.8 4.82E-04 000.5 152.9 -81.2 0.269139 0.308619 0.180614 hargrave 2020-01-24 11:29:33 
565.20 115.6  00.1 115.6  00.1 1.29E-02 000.4 257.5 -89.4 6.258200 5.905696 3.766900 hargrave 2020-01-24 15:27:36 
575.10 115.8 -00.2 115.8 -00.2 1.41E-02 000.4 286.0 -89.2 7.066874 6.719453 4.046298 hargrave 2020-01-25 15:05:54 
580.10 115.8 -00.7 115.8 -00.7 1.44E-02 000.4 316.4 -89.0 7.114638 6.807603 3.785213 hargrave 2020-01-26 13:07:12 
580.00 115.0  05.5 115.0  05.5 6.84E-04 000.4 179.4 -84.5 0.389876 0.328162 0.200745 hargrave 2020-01-26 16:30:44 
585.00 117.9  03.0 117.9  03.0 6.07E-04 000.5 222.8 -85.9 0.383408 0.342254 0.174496 hargrave 2020-01-27 13:14:45 
575.20 115.8 -00.6 115.8 -00.6 1.42E-02 000.4 311.9 -89.1 6.803018 6.522000 3.437822 hargrave 2020-01-28 09:15:47 
585.10 114.6 -01.5 114.6 -01.5 1.48E-02 000.4 018.3 -88.4 7.256713 6.865354 3.796839 hargrave 2020-01-30 13:27:03 
