BD7- 4b mag compass orientation (IGRF corrected)
      0  24.1  90.0   0.0   0.0   1.0
NRM    285.4  51.8 285.4  51.8 1.15E-02 000.6 186.8  37.7 3.889706 7.452381 7.790760 hargrave 2019-12-18 16:54:02 
100.00 291.4  52.3 291.4  52.3 1.14E-02 000.5 182.1  37.6 1.515115 7.917014 6.845189 hargrave 2019-12-19 10:18:14 
100.10 294.3  53.6 294.3  53.6 1.12E-02 000.5 179.8  36.4 1.418493 6.863603 6.597875 hargrave 2019-12-19 15:06:57 
200.10 294.2  55.7 294.2  55.7 1.03E-02 000.4 180.0  34.3 1.364339 5.807977 6.142711 hargrave 2019-12-20 10:20:25 
200.00 292.5  53.4 292.5  53.4 1.05E-02 000.3 181.2  36.6 1.459651 4.191673 5.801986 hargrave 2019-12-20 13:30:30 
300.00 290.1  52.1 290.1  52.1 1.02E-02 000.3 183.1  37.8 0.956209 3.829600 5.718673 hargrave 2019-12-20 17:23:35 
100.20 289.7  53.2 289.7  53.2 1.02E-02 000.4 183.3  36.7 1.156373 4.183544 5.947334 hargrave 2019-12-21 11:55:06 
300.10 287.5  56.2 287.5  56.2 9.57E-03 000.3 184.4  33.6 1.233515 3.364301 5.930556 hargrave 2019-12-21 15:11:16 
400.10 296.3  62.1 296.3  62.1 8.60E-03 000.4 178.8  27.9 0.642036 3.350627 5.734991 hargrave 2019-12-22 12:24:48 
400.00 296.2  55.0 296.2  55.0 8.95E-03 000.4 178.6  35.0 0.702776 3.629115 5.350951 hargrave 2019-12-22 15:03:40 
425.00 287.7  53.2 287.7  53.2 8.78E-03 000.4 184.8  36.5 0.831478 3.685714 5.125315 hargrave 2019-12-23 10:59:42 
300.20 295.3  58.5 295.3  58.5 8.25E-03 000.4 179.3  31.5 0.955291 4.119752 5.301312 hargrave 2019-12-23 14:03:24 
425.10 277.6  60.5 277.6  60.5 7.75E-03 000.5 189.1  28.2 1.277823 3.257744 5.322478 hargrave 2019-12-24 01:55:39 
450.10 288.8  65.5 288.8  65.5 7.34E-03 000.5 182.4  24.4 0.843869 2.714396 5.425851 hargrave 2019-12-24 11:55:19 
450.00 292.9  56.2 292.9  56.2 7.82E-03 000.4 180.8  33.8 1.183016 3.276757 5.088057 hargrave 2019-12-25 12:37:40 
475.00 296.3  54.1 296.3  54.1 7.69E-03 000.5 178.4  35.9 1.856292 3.702314 4.892707 hargrave 2019-12-25 16:14:29 
425.20 289.1  62.6 289.1  62.6 6.94E-03 000.5 182.6  27.3 1.268654 3.131808 4.977231 hargrave 2019-12-26 11:03:34 
475.10 282.3  67.5 282.3  67.5 6.50E-03 000.5 184.8  22.0 1.080476 2.812792 4.938507 hargrave 2019-12-26 15:00:30 
500.10 303.3  78.3 303.3  78.3 5.80E-03 000.6 178.1  11.5 1.302332 2.567647 4.860945 hargrave 2019-12-27 12:35:36 
500.00 288.0  56.9 288.0  56.9 6.36E-03 000.5 184.0  32.9 1.800883 2.429954 4.642699 hargrave 2019-12-27 16:33:45 
520.00 290.9  54.7 290.9  54.7 5.30E-03 000.5 182.3  35.2 1.964766 2.501777 3.829437 hargrave 2019-12-28 16:11:10 
475.20 295.5  77.0 295.5  77.0 4.46E-03 000.5 179.7  13.0 1.188460 1.901333 3.607141 hargrave 2019-12-29 14:44:41 
520.10 126.0  56.8 126.0  56.8 5.12E-03 000.3 187.6 -32.4 0.464507 1.776076 2.944456 hargrave 2019-12-30 11:08:34 
530.10 122.6  46.9 122.6  46.9 5.50E-03 000.3 187.9 -42.6 1.269591 2.013713 2.470471 hargrave 2019-12-30 15:02:00 
530.00 290.1  66.8 290.1  66.8 4.05E-03 000.5 181.7  23.2 1.571651 1.338510 3.332673 hargrave 2019-12-30 21:16:21 
540.00 285.1  56.2 285.1  56.2 3.37E-03 000.6 186.0  33.3 1.585502 1.631987 2.596624 hargrave 2020-01-01 10:21:04 
520.20 114.6  39.4 114.6  39.4 4.62E-03 000.4 180.6 -50.6 1.943841 1.439373 1.934413 hargrave 2020-01-01 13:48:47 
540.10 114.7  17.1 114.7  17.1 8.78E-03 000.4 181.8 -72.9 4.283233 3.968826 2.421824 hargrave 2020-01-01 17:44:28 
550.10 114.7  03.8 114.7  03.8 1.45E-02 000.4 189.1 -86.2 6.831551 6.301830 4.014536 hargrave 2020-01-02 13:15:00 
550.00 120.6  44.6 120.6  44.6 1.31E-03 000.6 186.6 -45.0 0.600030 0.686068 0.901855 hargrave 2020-01-02 17:44:09 
553.00 157.9  77.6 157.9  77.6 7.03E-04 000.6 188.7 -09.0 0.337571 0.348976 0.663491 hargrave 2020-01-03 11:19:46 
540.20 114.3  02.1 114.3  02.1 1.00E-02 000.4 185.2 -87.8 4.926672 4.602510 2.309417 hargrave 2020-01-03 14:47:17 
553.10 139.5 -26.4 139.5 -26.4 2.70E-02 000.3 172.7 -88.4 10.89657 11.84002 5.741309 hargrave 2020-01-14 15:15:05 
556.10 138.5 -27.1 138.5 -27.1 1.82E-02 000.3 129.7 -88.6 7.771696 7.891791 2.786319 hargrave 2020-01-18 14:10:26 
556.00 055.0  37.5 055.0  37.5 3.72E-04 000.5 125.9  12.8 0.059223 0.143679 0.297427 hargrave 2020-01-19 10:37:42 
559.00 028.6  41.8 028.6  41.8 3.98E-04 000.5 123.6  33.3 0.091749 0.147964 0.306430 hargrave 2020-01-19 14:02:39 
553.20 138.6 -25.2 138.6 -25.2 1.73E-02 000.3 159.9 -87.0 7.278463 7.457684 1.980064 hargrave 2020-01-20 10:33:55 
559.10 115.6  01.1 115.6  01.1 1.73E-02 000.4 234.1 -88.1 8.442323 8.042185 4.802579 hargrave 2020-01-20 15:13:58 
562.10 115.0  02.5 115.0  02.5 1.71E-02 000.4 199.6 -87.3 7.937515 8.044749 2.388207 hargrave 2020-01-21 08:54:50 
562.00 112.5  13.6 112.5  13.6 5.89E-04 000.4 173.4 -76.3 0.240703 0.297234 0.167705 hargrave 2020-01-21 12:42:12 
565.00 115.1  17.4 115.1  17.4 4.89E-04 000.4 183.2 -72.6 0.221610 0.263993 0.033528 hargrave 2020-01-21 15:46:06 
559.20 114.6  00.9 114.6  00.9 1.68E-02 000.4 208.8 -88.9 7.903904 7.873562 3.052400 hargrave 2020-01-22 10:49:28 
565.10 115.0  01.3 115.0  01.3 1.76E-02 000.4 214.7 -88.4 8.622677 8.517151 3.888607 hargrave 2020-01-22 14:53:04 
570.10 114.2  02.0 114.2  02.0 1.79E-02 000.4 182.9 -88.0 8.654909 8.553196 3.929950 hargrave 2020-01-23 12:13:22 
570.00 112.9  10.7 112.9  10.7 7.15E-04 000.4 173.7 -79.3 0.361047 0.356864 0.120800 hargrave 2020-01-23 16:06:30 
575.00 118.1  12.9 118.1  12.9 4.85E-04 000.4 197.1 -76.5 0.249842 0.255758 0.080111 hargrave 2020-01-24 11:04:52 
565.20 114.2  02.6 114.2  02.6 1.75E-02 000.4 182.6 -87.4 8.599848 8.501627 3.053052 hargrave 2020-01-24 14:56:43 
575.10 114.5  02.5 114.5  02.5 1.77E-02 000.4 189.5 -87.5 8.819475 8.746798 2.459990 hargrave 2020-01-25 14:32:45 
580.10 113.4  02.4 113.4  02.4 1.81E-02 000.4 164.5 -87.5 9.078936 8.979658 2.052863 hargrave 2020-01-26 12:34:34 
580.00 115.0  11.0 115.0  11.0 5.88E-04 000.4 184.6 -79.0 0.322434 0.291005 0.030968 hargrave 2020-01-26 16:07:07 
585.00 118.1  07.8 118.1  07.8 5.09E-04 000.4 207.3 -81.3 0.252998 0.241962 0.107980 hargrave 2020-01-27 12:50:04 
575.20 114.3  02.0 114.3  02.0 1.75E-02 000.4 185.9 -88.0 8.367609 8.244258 1.841267 hargrave 2020-01-28 08:43:57 
585.10 115.1  02.0 115.1  02.0 1.79E-02 000.4 205.7 -87.7 8.642866 8.623199 1.952689 hargrave 2020-01-30 12:53:42 
