BD7- 2b mag compass orientation (IGRF corrected)
      0  31.1  89.0   0.0   0.0   1.0
NRM    287.7  55.1 287.7  55.1 1.37E-02 000.5 189.3  34.8 4.443358 6.218927 9.528959 hargrave 2019-12-18 16:50:12 
100.00 297.2  56.1 297.2  56.1 1.37E-02 000.4 182.7  34.8 1.264099 7.148763 8.296918 hargrave 2019-12-19 10:14:22 
100.10 287.5  56.4 287.5  56.4 1.34E-02 000.4 189.0  33.6 1.352629 5.657042 8.087782 hargrave 2019-12-19 15:03:52 
200.10 291.7  58.8 291.7  58.8 1.27E-02 000.4 185.7  31.8 1.473511 6.005703 7.895250 hargrave 2019-12-20 10:17:22 
200.00 292.9  56.9 292.9  56.9 1.29E-02 000.4 185.4  33.8 2.099029 4.020399 7.670037 hargrave 2019-12-20 13:26:39 
300.00 296.5  55.5 296.5  55.5 1.23E-02 000.4 183.2  35.3 3.132993 3.921811 7.244089 hargrave 2019-12-20 17:20:32 
100.20 293.8  56.6 293.8  56.6 1.21E-02 000.4 184.9  34.1 2.604826 4.712595 7.601856 hargrave 2019-12-21 11:51:59 
300.10 295.1  59.6 295.1  59.6 1.15E-02 000.4 183.5  31.3 2.476367 4.662481 7.581431 hargrave 2019-12-21 15:08:13 
400.10 293.2  65.5 293.2  65.5 1.02E-02 000.4 183.6  25.2 2.607022 3.590853 7.072934 hargrave 2019-12-22 12:21:46 
400.00 290.5  58.1 290.5  58.1 1.07E-02 000.4 186.6  32.2 2.815170 4.129026 6.768130 hargrave 2019-12-22 15:00:38 
425.00 286.5  55.6 286.5  55.6 1.06E-02 000.4 189.9  34.2 3.434024 3.569456 6.765534 hargrave 2019-12-23 10:56:40 
300.20 294.8  62.4 294.8  62.4 9.99E-03 000.5 183.3  28.4 3.409239 4.834278 6.884699 hargrave 2019-12-23 14:00:21 
425.10 286.8  65.7 286.8  65.7 9.41E-03 000.5 186.4  24.5 3.460691 4.914065 7.164030 hargrave 2019-12-24 01:51:49 
450.10 287.5  68.7 287.5  68.7 8.91E-03 000.5 185.2  21.7 3.293302 3.893174 6.974131 hargrave 2019-12-24 11:51:29 
450.00 290.9  59.1 290.9  59.1 9.58E-03 000.5 186.1  31.3 3.567127 4.782773 6.700463 hargrave 2019-12-25 12:34:40 
475.00 302.1  57.5 302.1  57.5 9.50E-03 000.5 179.3  33.5 3.242532 5.315201 6.289733 hargrave 2019-12-25 16:11:27 
425.20 296.3  66.6 296.3  66.6 8.56E-03 000.6 182.1  24.3 2.899628 5.655782 6.348881 hargrave 2019-12-26 10:59:40 
475.10 293.2  73.1 293.2  73.1 8.03E-03 000.6 182.4  17.7 2.807487 5.381192 6.594716 hargrave 2019-12-26 14:57:28 
500.10 256.9  81.6 256.9  81.6 7.22E-03 000.7 185.9  07.0 2.448452 5.585817 6.498359 hargrave 2019-12-27 12:32:35 
500.00 293.1  60.8 293.1  60.8 7.87E-03 000.6 184.5  29.9 2.550566 5.221295 6.054914 hargrave 2019-12-27 16:29:56 
520.00 290.5  57.9 290.5  57.9 7.12E-03 000.6 186.7  32.4 2.683575 4.570827 5.618263 hargrave 2019-12-28 16:08:06 
475.20 258.6  79.2 258.6  79.2 6.05E-03 000.6 187.4  08.9 2.427608 3.499444 5.225708 hargrave 2019-12-29 14:41:39 
520.10 137.1  66.9 137.1  66.9 6.12E-03 000.4 186.6 -21.1 1.016404 2.819889 4.362954 hargrave 2019-12-30 11:05:33 
530.10 133.0  54.7 133.0  54.7 6.41E-03 000.4 188.2 -33.4 0.650144 2.892015 3.618143 hargrave 2019-12-30 14:58:56 
530.00 272.1  68.4 272.1  68.4 5.60E-03 000.6 190.9  19.8 2.308635 1.569394 4.724996 hargrave 2019-12-30 21:13:20 
540.00 291.3  58.4 291.3  58.4 4.44E-03 000.5 186.0  32.1 1.749011 1.789742 3.259810 hargrave 2020-01-01 10:17:15 
520.20 128.5  39.9 128.5  39.9 5.41E-03 000.3 188.6 -48.5 1.592382 1.954681 2.002071 hargrave 2020-01-01 13:45:45 
540.10 122.1  16.8 122.1  16.8 9.93E-03 000.4 183.1 -72.1 4.339380 4.511054 1.225874 hargrave 2020-01-01 17:41:25 
550.10 120.5  02.4 120.5  02.4 1.80E-02 000.3 170.5 -86.6 7.749831 7.417909 1.307285 hargrave 2020-01-02 13:11:57 
550.00 125.9  42.8 125.9  42.8 1.86E-03 000.4 185.1 -46.0 0.746760 0.686423 0.880923 hargrave 2020-01-02 17:41:05 
553.00 270.4  76.7 270.4  76.7 9.89E-04 000.4 186.9  12.4 0.143977 0.288693 0.692986 hargrave 2020-01-03 11:16:44 
540.20 119.8  01.5 119.8  01.5 1.38E-02 000.3 152.8 -87.2 5.920828 5.803427 1.067295 hargrave 2020-01-03 14:44:15 
553.10 112.3 -03.5 112.3 -03.5 2.02E-02 000.4 322.3 -88.1 8.729735 8.845356 3.988890 hargrave 2020-01-14 15:38:14 
556.10 110.4 -00.2 110.4 -00.2 2.10E-02 000.3 157.4 -88.1 9.372451 8.473450 3.737540 hargrave 2020-01-18 14:35:10 
556.00 114.0  28.5 114.0  28.5 4.39E-04 000.5 185.0 -59.4 0.215948 0.246294 0.168623 hargrave 2020-01-19 11:01:34 
559.00 104.0  57.3 104.0  57.3 1.73E-04 000.6 175.6 -30.5 0.056094 0.143100 0.111293 hargrave 2020-01-19 14:26:23 
553.20 108.8 -00.7 108.8 -00.7 2.01E-02 000.4 120.5 -87.4 9.293650 8.524923 3.904067 hargrave 2020-01-20 10:58:34 
559.10 120.0 -01.6 120.0 -01.6 2.13E-02 000.4 062.1 -88.8 10.11200 9.486841 5.043439 hargrave 2020-01-20 15:10:57 
562.10 119.0 -01.4 119.0 -01.4 2.09E-02 000.4 080.3 -87.9 9.578113 9.140576 2.711509 hargrave 2020-01-21 08:51:55 
562.00 118.2  17.7 118.2  17.7 3.35E-04 000.5 171.4 -71.1 0.193419 0.219273 0.033812 hargrave 2020-01-21 12:38:27 
565.00 119.3  17.1 119.3  17.1 2.77E-04 000.6 174.4 -71.8 0.190488 0.193101 0.022540 hargrave 2020-01-21 15:43:12 
559.20 119.1 -00.6 119.1 -00.6 2.09E-02 000.4 101.7 -88.0 10.03460 9.686995 2.537485 hargrave 2020-01-22 10:46:33 
565.10 118.6 -01.1 118.6 -01.1 2.14E-02 000.4 088.7 -87.5 10.23354 9.852186 3.057546 hargrave 2020-01-22 14:50:04 
570.10 119.8 -01.7 119.8 -01.7 2.15E-02 000.4 061.5 -88.5 10.14627 9.701359 3.178213 hargrave 2020-01-23 12:10:28 
570.00 121.2  13.2 121.2  13.2 3.01E-04 000.5 180.4 -75.8 0.168629 0.198245 0.022558 hargrave 2020-01-23 16:03:35 
575.00 125.7  11.2 125.7  11.2 1.38E-04 000.8 200.4 -77.0 0.140677 0.145175 0.050700 hargrave 2020-01-24 11:01:06 
565.20 120.6 -01.0 120.6 -01.0 2.14E-02 000.4 094.4 -89.5 10.28459 10.10616 3.642973 hargrave 2020-01-24 14:53:47 
575.10 120.2 -01.4 120.2 -01.4 2.14E-02 000.4 066.0 -89.0 10.62990 10.48212 3.015670 hargrave 2020-01-25 14:29:50 
580.10 118.9 -00.7 118.9 -00.7 2.15E-02 000.4 097.6 -87.7 10.45047 10.12608 2.329132 hargrave 2020-01-26 12:31:38 
580.00 127.9  13.2 127.9  13.2 1.98E-04 000.7 205.1 -74.3 0.185678 0.149695 0.029239 hargrave 2020-01-26 16:04:08 
585.00 116.9  16.0 116.9  16.0 1.76E-04 000.6 166.4 -72.5 0.106524 0.146331 0.027965 hargrave 2020-01-27 12:47:07 
575.20 118.9 -01.5 118.9 -01.5 2.11E-02 000.4 077.6 -87.7 9.679441 9.492668 2.232555 hargrave 2020-01-28 08:41:02 
585.10 119.4 -01.3 119.4 -01.3 2.17E-02 000.4 079.6 -88.3 10.30394 10.04201 2.373201 hargrave 2020-01-30 12:50:46 
