BD8- 6b sun compass orientation
      0  33.9  66.0   0.0   0.0   1.0
NRM    285.8  54.7 285.8  54.7 8.97E-03 000.4 198.9  56.5 4.596604 1.922380 5.115595 hargrave 2020-10-12 16:46:08 
100.00 287.8  54.9 287.8  54.9 8.96E-03 000.4 197.0  56.9 4.618979 2.687038 4.845745 hargrave 2020-10-14 11:43:37 
100.10 288.9  55.1 288.9  55.1 8.15E-03 000.4 195.8  57.0 4.432347 1.698788 4.628464 hargrave 2020-10-14 17:24:57 
200.10 288.8  54.9 288.8  54.9 7.72E-03 000.4 196.0  57.1 4.064137 1.595066 4.292532 hargrave 2020-10-15 12:11:57 
200.00 284.5  53.0 284.5  53.0 7.72E-03 000.5 201.8  57.5 4.935940 2.332387 4.812085 hargrave 2020-10-15 14:59:34 
300.00 286.5  53.7 286.5  53.7 7.67E-03 000.5 199.2  57.5 4.551903 1.701348 4.568169 hargrave 2020-10-15 17:40:14 
100.20 287.4  54.0 287.4  54.0 7.32E-03 000.5 198.2  57.6 4.575972 1.625484 4.870412 hargrave 2020-10-16 14:12:29 
300.10 287.9  54.3 287.9  54.3 7.03E-03 000.5 197.4  57.4 3.487452 1.190425 5.508659 hargrave 2020-10-18 14:54:48 
400.10 286.0  54.4 286.0  54.4 6.75E-03 000.5 199.1  56.8 4.352236 1.712839 4.436512 hargrave 2020-10-18 18:26:16 
400.00 288.4  54.6 288.4  54.6 6.83E-03 000.5 196.7  57.3 3.678464 1.713739 4.551036 hargrave 2020-10-19 12:16:00 
450.00 291.1  55.5 291.1  55.5 7.21E-03 000.5 193.4  57.1 4.061099 1.158558 4.874134 hargrave 2020-10-19 15:16:41 
300.20 289.5  55.4 289.5  55.4 6.48E-03 000.5 194.9  56.9 3.342638 0.892200 4.473141 hargrave 2020-10-19 19:25:04 
450.10 286.9  55.1 286.9  55.1 6.02E-03 000.5 197.5  56.4 3.285325 1.166544 3.939929 hargrave 2020-10-20 12:05:10 
475.10 286.2  55.1 286.2  55.1 5.00E-03 000.5 198.2  56.2 2.744170 1.049869 3.382403 hargrave 2020-10-20 16:50:38 
475.00 286.2  53.8 286.2  53.8 5.51E-03 000.5 199.5  57.4 3.052403 1.412127 3.971678 hargrave 2020-10-21 11:47:55 
500.00 286.4  53.5 286.4  53.5 5.89E-03 000.5 199.6  57.7 3.362726 1.403839 4.116247 hargrave 2020-10-21 16:15:08 
450.20 287.9  55.3 287.9  55.3 3.85E-03 000.5 196.5  56.6 1.959375 0.721069 2.511591 hargrave 2020-10-22 11:32:11 
500.10 287.7  56.7 287.7  56.7 3.41E-03 000.5 195.6  55.3 1.758607 0.560762 2.266607 hargrave 2020-10-22 15:22:39 
510.10 285.0  56.4 285.0  56.4 3.20E-03 000.5 198.1  54.8 1.720050 0.660165 2.105712 hargrave 2020-10-23 09:05:50 
510.00 290.5  54.7 290.5  54.7 3.20E-03 000.4 194.6  57.7 1.375080 0.841352 1.960961 hargrave 2020-10-23 13:16:42 
520.00 289.5  53.8 289.5  53.8 3.01E-03 000.4 196.3  58.3 1.347199 0.869692 1.837699 hargrave 2020-10-23 16:21:15 
500.20 282.4  56.5 282.4  56.5 2.69E-03 000.5 200.1  53.9 1.378494 0.628025 1.705310 hargrave 2020-10-25 17:28:31 
520.10 288.2  59.8 288.2  59.8 2.46E-03 000.4 192.9  52.5 0.906392 0.546345 1.475385 hargrave 2020-10-26 13:11:29 
530.10 278.0  62.7 278.0  62.7 2.18E-03 000.4 197.3  47.6 0.913227 0.202486 1.403284 hargrave 2020-10-26 19:14:01 
530.00 290.6  53.0 290.6  53.0 2.04E-03 000.4 195.8  59.3 0.886239 0.597896 0.875617 hargrave 2020-10-27 11:19:29 
540.00 290.0  51.2 290.0  51.2 1.70E-03 000.4 197.9  60.7 0.675544 0.573092 0.685725 hargrave 2020-10-27 14:17:40 
520.20 270.0  71.7 270.0  71.7 1.94E-03 000.5 192.9  38.6 1.176470 0.370397 1.386309 hargrave 2020-10-27 17:37:30 
540.10 257.1  76.5 257.1  76.5 1.63E-03 000.5 191.7  32.8 0.844590 0.284587 1.181011 hargrave 2020-10-28 10:26:41 
550.10 148.9  50.6 148.9  50.6 1.32E-03 000.5 196.0 -12.2 0.737665 0.381309 1.074149 hargrave 2020-10-28 14:33:11 
550.00 292.7  54.5 292.7  54.5 1.26E-03 000.4 192.5  58.4 0.399298 0.597337 0.486998 hargrave 2020-10-28 17:31:11 
553.00 293.6  56.2 293.6  56.2 1.17E-03 000.4 190.5  56.9 0.448845 0.441399 0.499392 hargrave 2020-10-29 10:02:17 
540.20 137.1  14.0 137.1  14.0 1.67E-03 000.4 200.1 -49.8 0.787788 0.692789 0.847121 hargrave 2020-10-31 10:47:21 
553.10 132.5 -01.8 132.5 -01.8 2.39E-03 000.4 201.8 -66.3 1.042449 1.075113 0.787527 hargrave 2020-10-31 14:40:52 
556.10 131.5 -07.9 131.5 -07.9 3.07E-03 000.4 205.6 -72.3 1.379007 1.399329 0.776504 hargrave 2020-10-31 18:16:04 
556.00 283.6  59.1 283.6  59.1 8.77E-04 000.4 196.9  52.1 0.286843 0.256957 0.412104 hargrave 2020-11-01 09:51:56 
559.00 282.8  59.7 282.8  59.7 8.29E-04 000.4 196.9  51.4 0.308989 0.260385 0.424116 hargrave 2020-11-01 13:01:39 
553.20 129.2 -10.9 129.2 -10.9 3.81E-03 000.4 201.8 -76.0 1.682087 1.696331 0.853095 hargrave 2020-11-01 16:32:33 
559.10 126.9 -14.0 126.9 -14.0 4.35E-03 000.4 196.5 -79.6 1.831367 1.981819 0.811383 hargrave 2020-11-02 10:25:57 
562.10 129.8 -16.7 129.8 -16.7 4.77E-03 000.3 218.4 -80.8 1.973996 1.945022 0.737997 hargrave 2020-11-02 13:59:33 
562.00 276.6  65.0 276.6  65.0 6.16E-04 000.4 196.0  45.3 0.181308 0.158210 0.359538 hargrave 2020-11-02 17:10:55 
565.00 274.4  61.3 274.4  61.3 6.07E-04 000.4 200.6  47.6 0.221812 0.240116 0.332769 hargrave 2020-11-03 10:03:31 
559.20 125.9 -16.8 125.9 -16.8 5.13E-03 000.4 194.6 -82.5 2.205288 2.306791 0.924739 hargrave 2020-11-03 13:33:52 
565.10 127.3 -17.0 127.3 -17.0 5.56E-03 000.4 204.9 -82.4 2.397520 2.408852 0.904329 hargrave 2020-11-03 17:15:51 
570.10 125.9 -17.8 125.9 -17.8 6.11E-03 000.4 197.1 -83.6 2.773009 2.871252 1.185017 hargrave 2020-11-04 10:32:24 
570.00 206.5  70.2 206.5  70.2 3.44E-04 000.4 200.9  20.0 0.163333 0.027420 0.231890 hargrave 2020-11-04 13:38:32 
575.00 249.2  60.6 249.2  60.6 3.57E-04 000.5 210.5  37.9 0.098781 0.128298 0.244598 hargrave 2020-11-04 16:44:14 
565.20 127.2 -19.1 127.2 -19.1 6.03E-03 000.4 213.0 -84.2 2.830533 2.838634 0.692881 hargrave 2020-11-04 20:28:53 
575.10 125.1 -18.9 125.1 -18.9 6.60E-03 000.4 193.1 -84.8 2.866100 2.940549 0.871007 hargrave 2020-11-05 11:59:14 
580.10 126.0 -20.2 126.0 -20.2 7.15E-03 000.4 207.8 -85.8 3.151528 3.172929 0.972407 hargrave 2020-11-05 15:29:23 
580.00 133.7  42.1 133.7  42.1 1.83E-04 000.6 187.9 -23.3 0.107423 0.135629 0.137702 hargrave 2020-11-05 18:40:09 
585.00 161.7  50.9 161.7  50.9 9.30E-05 000.7 203.0 -08.1 0.114119 0.057942 0.069910 hargrave 2020-11-06 09:58:18 
575.20 127.0 -21.3 127.0 -21.3 7.09E-03 000.3 227.9 -86.1 2.815646 2.796262 0.729285 hargrave 2020-11-06 13:48:49 
585.10 125.7 -20.3 125.7 -20.3 7.84E-03 000.3 204.6 -85.9 3.308556 3.410685 1.322605 hargrave 2020-11-06 18:15:19 
