BD8- 7b sun compass orientation
      0  41.2  58.0   0.0   0.0   1.0
NRM    292.7  53.7 292.7  53.7 9.45E-03 000.4 206.0  64.5 4.655127 3.353637 3.441314 hargrave 2020-10-12 16:48:17 
100.00 293.4  53.4 293.4  53.4 9.45E-03 000.4 205.6  65.0 4.461950 4.152495 3.397869 hargrave 2020-10-14 11:45:15 
100.10 291.2  52.1 291.2  52.1 9.09E-03 000.4 210.0  65.2 4.556481 3.829916 3.403433 hargrave 2020-10-14 17:27:06 
200.10 292.6  52.6 292.6  52.6 8.81E-03 000.4 207.8  65.4 3.979484 3.672526 2.991944 hargrave 2020-10-15 12:14:06 
200.00 294.7  53.5 294.7  53.5 8.83E-03 000.4 204.1  65.5 3.990133 3.659560 2.966371 hargrave 2020-10-15 15:01:12 
300.00 294.2  52.9 294.2  52.9 8.73E-03 000.4 205.4  65.7 3.735677 3.616550 2.869610 hargrave 2020-10-15 17:41:52 
100.20 293.2  52.5 293.2  52.5 8.43E-03 000.4 207.3  65.7 4.006713 3.286380 2.826257 hargrave 2020-10-16 14:16:17 
300.10 293.7  52.6 293.7  52.6 8.21E-03 000.6 206.5  65.9 5.740594 4.195946 3.690239 hargrave 2020-10-18 14:56:57 
400.10 292.1  53.4 292.1  53.4 8.24E-03 000.5 207.0  64.6 4.494833 3.735824 3.089208 hargrave 2020-10-18 18:28:23 
400.00 294.0  54.0 294.0  54.0 8.16E-03 000.6 204.1  64.8 5.094075 5.046027 3.686505 hargrave 2020-10-19 12:17:35 
450.00 296.2  54.8 296.2  54.8 7.66E-03 000.6 200.6  64.8 5.009601 4.640230 3.469409 hargrave 2020-10-19 15:18:15 
300.20 293.2  53.3 293.2  53.3 7.60E-03 000.5 206.0  65.1 4.807193 4.003755 3.244707 hargrave 2020-10-19 19:27:09 
450.10 293.7  54.4 293.7  54.4 7.23E-03 000.5 203.8  64.4 4.727964 3.969003 3.173863 hargrave 2020-10-20 12:07:16 
475.10 288.8  54.3 288.8  54.3 6.34E-03 000.5 208.8  62.6 3.931551 3.458360 3.059427 hargrave 2020-10-20 16:52:45 
475.00 291.5  54.4 291.5  54.4 5.24E-03 000.6 206.2  63.6 3.369587 3.272735 2.755421 hargrave 2020-10-21 11:49:30 
500.00 292.5  53.9 292.5  53.9 3.80E-03 000.6 205.8  64.4 2.538811 2.307980 2.052158 hargrave 2020-10-21 16:16:43 
450.20 292.0  51.1 292.0  51.1 4.86E-03 000.5 210.9  66.2 2.910323 2.383457 2.079191 hargrave 2020-10-22 11:34:17 
500.10 288.4  52.9 288.4  52.9 4.08E-03 000.5 211.5  63.4 2.375971 1.871299 1.804407 hargrave 2020-10-22 15:24:45 
510.10 286.3  54.1 286.3  54.1 3.62E-03 000.5 211.4  61.7 2.151142 1.591441 1.628695 hargrave 2020-10-23 09:07:56 
510.00 293.4  48.6 293.4  48.6 2.53E-03 000.4 213.7  68.6 1.159365 1.126924 1.016432 hargrave 2020-10-23 13:18:16 
520.00 296.2  48.5 296.2  48.5 3.04E-03 000.4 210.1  70.0 1.408602 1.330157 1.102384 hargrave 2020-10-23 16:22:51 
500.20 283.6  55.8 283.6  55.8 2.94E-03 000.5 210.7  59.4 1.752819 1.308410 1.466232 hargrave 2020-10-25 17:30:37 
520.10 277.5  58.0 277.5  58.0 2.57E-03 000.5 211.2  55.4 1.524919 1.175201 1.386007 hargrave 2020-10-26 13:13:34 
530.10 263.2  59.5 263.2  59.5 2.21E-03 000.6 214.4  48.1 1.294763 1.379888 1.603041 hargrave 2020-10-26 19:17:23 
530.00 297.5  50.3 297.5  50.3 3.12E-03 000.3 205.1  69.1 0.961495 0.964669 0.825527 hargrave 2020-10-27 11:21:04 
540.00 297.0  49.1 297.0  49.1 3.40E-03 000.3 207.8  69.8 1.055012 1.189950 0.813758 hargrave 2020-10-27 14:19:16 
520.20 240.4  65.9 240.4  65.9 1.84E-03 000.5 208.7  36.7 0.624063 0.809111 1.185378 hargrave 2020-10-27 17:39:36 
540.10 191.2  57.1 191.2  57.1 1.57E-03 000.5 208.8  12.3 0.367139 0.697161 1.229537 hargrave 2020-10-28 10:28:46 
550.10 145.0 -04.2 145.0 -04.2 2.93E-03 000.3 207.8 -59.3 0.587657 1.236275 1.350543 hargrave 2020-10-28 14:35:17 
550.00 290.4  53.7 290.4  53.7 1.38E-03 000.4 208.4  63.7 0.510293 0.553336 0.449839 hargrave 2020-10-28 17:32:46 
553.00 293.3  56.9 293.3  56.9 1.04E-03 000.4 201.1  62.2 0.404910 0.427118 0.387030 hargrave 2020-10-29 10:03:51 
540.20 141.6 -19.0 141.6 -19.0 4.89E-03 000.3 218.4 -74.0 1.731192 1.699730 1.112109 hargrave 2020-10-31 10:49:30 
553.10 138.2 -21.0 138.2 -21.0 5.93E-03 000.3 211.2 -77.3 1.839713 2.295816 1.361435 hargrave 2020-10-31 14:42:58 
556.10 138.8 -23.4 138.8 -23.4 6.61E-03 000.3 220.2 -79.1 2.297053 2.625966 1.379360 hargrave 2020-10-31 18:18:09 
556.00 277.0  57.6 277.0  57.6 6.60E-04 000.4 212.0  55.4 0.223427 0.255995 0.362950 hargrave 2020-11-01 09:53:31 
559.00 276.3  58.9 276.3  58.9 6.11E-04 000.4 210.5  54.4 0.270656 0.193459 0.319304 hargrave 2020-11-01 13:04:04 
553.20 135.3 -24.5 135.3 -24.5 7.61E-03 000.3 206.7 -81.7 2.661083 2.945412 1.292683 hargrave 2020-11-01 16:34:38 
559.10 135.9 -25.4 135.9 -25.4 8.03E-03 000.3 213.0 -82.2 2.740764 3.060015 1.285321 hargrave 2020-11-02 10:28:03 
562.10 137.6 -26.8 137.6 -26.8 8.37E-03 000.3 228.9 -82.4 3.011901 3.199670 1.291188 hargrave 2020-11-02 14:01:38 
562.00 260.0  54.3 260.0  54.3 4.28E-04 000.4 222.5  47.8 0.140502 0.145859 0.265044 hargrave 2020-11-02 17:12:30 
565.00 273.7  58.6 273.7  58.6 4.28E-04 000.4 212.1  53.4 0.190565 0.132257 0.247014 hargrave 2020-11-03 10:05:07 
559.20 133.9 -25.4 133.9 -25.4 8.68E-03 000.3 200.4 -83.0 3.032915 3.442679 1.161871 hargrave 2020-11-03 13:35:57 
565.10 135.0 -25.2 135.0 -25.2 8.89E-03 000.3 207.2 -82.4 3.231870 3.621356 1.240095 hargrave 2020-11-03 17:17:56 
570.10 134.3 -26.1 134.3 -26.1 9.14E-03 000.3 205.7 -83.5 3.489570 3.737830 0.924454 hargrave 2020-11-04 10:34:30 
570.00 226.8  56.7 226.8  56.7 2.39E-04 000.6 218.7  29.2 0.114308 0.118254 0.199509 hargrave 2020-11-04 13:40:07 
575.00 272.5  65.4 272.5  65.4 2.66E-04 000.5 203.4  49.2 0.130865 0.099917 0.156742 hargrave 2020-11-04 16:45:49 
565.20 136.6 -27.1 136.6 -27.1 8.83E-03 000.3 225.0 -83.2 3.644592 3.739514 0.844189 hargrave 2020-11-04 20:30:59 
575.10 135.5 -25.9 135.5 -25.9 9.04E-03 000.3 212.6 -82.9 3.371533 3.565179 1.075376 hargrave 2020-11-05 12:01:21 
580.10 133.4 -28.1 133.4 -28.1 9.24E-03 000.3 206.3 -85.6 3.400411 3.605261 0.687010 hargrave 2020-11-05 15:31:29 
580.00 176.0  53.0 176.0  53.0 9.06E-05 000.6 205.1  03.5 0.108756 0.039749 0.071003 hargrave 2020-11-05 18:41:42 
585.00 186.1  59.6 186.1  59.6 8.34E-05 000.6 205.1  12.1 0.075221 0.010374 0.066807 hargrave 2020-11-06 09:59:52 
575.20 134.4 -28.9 134.4 -28.9 8.84E-03 000.3 222.8 -85.8 3.207826 3.397951 0.727900 hargrave 2020-11-06 13:50:54 
585.10 132.5 -28.7 132.5 -28.7 9.18E-03 000.3 199.4 -86.5 3.256179 3.568501 0.711959 hargrave 2020-11-06 18:17:23 
