BD8- 1b sun compass orientation
      0  59.6  56.0   0.0   0.0   1.0
NRM    285.0  55.2 285.0  55.2 1.78E-02 000.5 221.5  52.7 10.08572 9.105186 8.487930 hargrave 2020-10-12 16:33:57 
100.00 285.0  54.3 285.0  54.3 1.78E-02 000.5 222.9  53.0 9.957499 10.29203 7.917984 hargrave 2020-10-14 11:34:10 
100.10 286.0  53.9 286.0  53.9 1.71E-02 000.5 223.4  53.7 9.919155 9.210964 7.679389 hargrave 2020-10-14 17:15:08 
200.10 286.4  54.6 286.4  54.6 1.66E-02 000.5 222.1  53.7 8.501246 9.044407 7.706853 hargrave 2020-10-15 12:00:39 
200.00 285.9  53.7 285.9  53.7 1.67E-02 000.5 223.6  53.7 8.342190 9.816059 7.817064 hargrave 2020-10-15 14:51:53 
300.00 286.5  54.6 286.5  54.6 1.65E-02 000.5 222.1  53.8 7.996478 9.614577 7.865196 hargrave 2020-10-15 17:30:51 
100.20 286.0  52.3 286.0  52.3 1.60E-02 000.5 226.0  54.1 9.125309 8.701760 8.496764 hargrave 2020-10-16 14:01:49 
300.10 286.3  54.0 286.3  54.0 1.57E-02 000.6 223.0  53.8 10.42329 9.623211 9.370823 hargrave 2020-10-18 14:42:34 
400.10 285.1  53.7 285.1  53.7 1.59E-02 000.5 223.9  53.2 9.548425 9.033507 8.025997 hargrave 2020-10-18 18:14:13 
400.00 285.3  53.2 285.3  53.2 1.61E-02 000.6 224.6  53.5 9.154574 10.96777 8.758107 hargrave 2020-10-19 12:05:51 
450.00 286.6  55.6 286.6  55.6 1.60E-02 000.6 220.4  53.5 8.800459 10.72106 8.237485 hargrave 2020-10-19 15:05:42 
300.20 286.1  54.7 286.1  54.7 1.53E-02 000.6 221.9  53.5 9.976289 9.500897 8.379145 hargrave 2020-10-19 19:12:58 
450.10 284.9  54.7 284.9  54.7 1.47E-02 000.6 222.2  52.8 8.974455 8.822595 7.587462 hargrave 2020-10-20 11:53:45 
475.10 284.4  55.0 284.4  55.0 1.29E-02 000.6 221.9  52.4 8.357414 8.053371 7.116380 hargrave 2020-10-20 16:38:25 
475.00 285.7  55.3 285.7  55.3 1.26E-02 000.6 221.2  53.1 7.648451 7.697481 6.622540 hargrave 2020-10-21 11:38:39 
500.00 286.4  56.7 286.4  56.7 9.65E-03 000.5 218.7  53.0 4.295107 5.213330 4.521148 hargrave 2020-10-21 16:05:00 
450.20 287.8  55.3 287.8  55.3 9.10E-03 000.6 220.6  54.2 5.711283 5.428795 4.796615 hargrave 2020-10-22 11:20:46 
500.10 283.9  55.1 283.9  55.1 7.75E-03 000.6 221.9  52.2 4.971312 4.631137 4.297009 hargrave 2020-10-22 15:11:10 
510.10 281.9  55.1 281.9  55.1 6.84E-03 000.6 222.4  51.1 4.378277 4.070034 3.844156 hargrave 2020-10-23 08:54:28 
510.00 290.8  58.2 290.8  58.2 3.33E-03 000.4 214.7  54.6 1.202143 1.540185 1.459366 hargrave 2020-10-23 13:07:22 
520.00 291.4  56.5 291.4  56.5 3.64E-03 000.5 217.3  55.7 1.571424 2.035254 1.850384 hargrave 2020-10-23 16:11:54 
500.20 281.2  56.0 281.2  56.0 5.16E-03 000.6 221.1  50.5 3.210760 2.852977 3.060176 hargrave 2020-10-25 17:18:38 
520.10 273.7  57.1 273.7  57.1 4.47E-03 000.6 220.6  46.2 2.073822 2.572208 2.896164 hargrave 2020-10-26 12:42:20 
530.10 262.8  56.7 262.8  56.7 4.04E-03 000.6 221.4  40.3 2.258607 2.040753 2.779431 hargrave 2020-10-26 19:05:33 
530.00 289.1  54.8 289.1  54.8 3.47E-03 000.4 220.9  55.1 1.109896 1.944387 1.649932 hargrave 2020-10-27 11:11:45 
540.00 289.8  52.8 289.8  52.8 4.64E-03 000.5 224.1  56.1 1.861882 2.744368 2.272172 hargrave 2020-10-27 14:09:51 
520.20 257.1  56.8 257.1  56.8 3.58E-03 000.5 221.0  37.2 1.556270 1.871399 2.306969 hargrave 2020-10-27 17:27:38 
540.10 242.5  53.8 242.5  53.8 3.24E-03 000.5 222.2  28.4 1.286928 1.489892 2.207743 hargrave 2020-10-28 10:16:56 
550.10 194.4  23.3 194.4  23.3 2.87E-03 000.4 223.1 -18.6 0.612924 0.964830 2.156328 hargrave 2020-10-28 14:22:34 
550.00 286.9  53.1 286.9  53.1 3.36E-03 000.5 224.4  54.4 1.425067 2.101679 1.734452 hargrave 2020-10-28 17:23:26 
553.00 286.6  51.9 286.6  51.9 2.11E-03 000.5 226.4  54.5 0.940220 1.049532 1.063697 hargrave 2020-10-29 09:54:36 
540.20 166.7 -11.2 166.7 -11.2 4.61E-03 000.3 218.5 -62.4 1.533536 1.684275 1.392122 hargrave 2020-10-31 10:36:44 
553.10 157.6 -24.5 157.6 -24.5 7.95E-03 000.3 218.4 -78.2 3.268730 3.323981 0.856049 hargrave 2020-10-31 14:29:26 
556.10 154.6 -28.9 154.6 -28.9 9.47E-03 000.3 221.1 -83.3 4.004362 4.156720 0.347934 hargrave 2020-10-31 18:04:43 
556.00 263.2  55.3 263.2  55.3 5.51E-04 000.4 223.3  40.4 0.132517 0.188687 0.322660 hargrave 2020-11-01 09:43:23 
559.00 263.6  53.3 263.6  53.3 4.67E-04 000.5 225.9  40.6 0.145294 0.222497 0.288037 hargrave 2020-11-01 12:53:13 
553.20 152.2 -30.5 152.2 -30.5 1.06E-02 000.4 212.7 -85.9 4.684411 4.742707 0.439775 hargrave 2020-11-01 16:21:59 
559.10 151.1 -30.4 151.1 -30.4 1.11E-02 000.4 200.3 -86.2 4.814735 4.931183 0.141156 hargrave 2020-11-02 10:15:25 
562.10 152.8 -30.7 152.8 -30.7 1.15E-02 000.4 220.6 -85.7 4.935855 5.111921 0.325782 hargrave 2020-11-02 13:48:56 
562.00 234.4  43.5 234.4  43.5 3.22E-04 000.4 229.9  19.3 0.050731 0.095638 0.220753 hargrave 2020-11-02 17:02:27 
565.00 245.6  50.2 245.6  50.2 3.16E-04 000.4 226.7  29.0 0.098948 0.114161 0.180261 hargrave 2020-11-03 09:55:00 
559.20 151.0 -31.2 151.0 -31.2 1.19E-02 000.4 203.3 -86.9 5.412632 5.479270 0.559211 hargrave 2020-11-03 13:22:31 
565.10 151.4 -31.4 151.4 -31.4 1.22E-02 000.4 211.3 -87.0 5.337471 5.661755 0.864993 hargrave 2020-11-03 17:04:25 
570.10 152.1 -30.6 152.1 -30.6 1.24E-02 000.4 212.3 -86.0 5.706855 6.023793 0.545741 hargrave 2020-11-04 10:21:01 
570.00 188.3  21.9 188.3  21.9 2.54E-04 000.4 219.1 -23.1 0.133755 0.036022 0.163361 hargrave 2020-11-04 13:30:04 
575.00 227.6  38.4 227.6  38.4 2.08E-04 000.4 231.7  12.3 0.044816 0.057719 0.120345 hargrave 2020-11-04 16:34:53 
565.20 150.5 -31.5 150.5 -31.5 1.19E-02 000.4 196.4 -87.4 5.668685 5.884024 0.747768 hargrave 2020-11-04 20:18:20 
575.10 150.4 -32.4 150.4 -32.4 1.20E-02 000.4 202.8 -88.2 5.670279 5.811148 0.671329 hargrave 2020-11-05 11:48:38 
580.10 149.8 -32.3 149.8 -32.3 1.21E-02 000.4 186.7 -88.2 5.686936 5.764471 0.668758 hargrave 2020-11-05 15:18:46 
580.00 188.9  06.7 188.9  06.7 1.68E-04 000.6 230.1 -34.9 0.145542 0.109720 0.074953 hargrave 2020-11-05 18:31:45 
585.00 191.4  13.2 191.4  13.2 1.18E-04 000.5 227.4 -28.3 0.134425 0.060582 0.054953 hargrave 2020-11-06 09:49:47 
575.20 150.6 -32.0 150.6 -32.0 1.13E-02 000.4 202.8 -87.8 4.975222 5.169622 0.767043 hargrave 2020-11-06 13:38:16 
585.10 150.6 -31.8 150.6 -31.8 1.16E-02 000.4 202.1 -87.7 5.159037 5.316943 0.411613 hargrave 2020-11-06 18:04:46 
