BD9- 1b sun compass orientation
      0 103.7  46.0   0.0   0.0   1.0
NRM    275.1  30.9 275.1  30.9 1.41E-03 000.6 241.6  15.3 0.975808 0.666584 1.111892 hargrave 2020-10-12 16:52:46 
100.00 276.1  30.9 276.1  30.9 1.41E-03 000.5 242.2  16.0 0.607546 0.322035 1.053497 hargrave 2020-10-14 11:48:43 
100.10 276.2  29.0 276.2  29.0 1.26E-03 000.6 243.7  14.8 0.922299 0.398195 0.939480 hargrave 2020-10-14 17:31:39 
200.10 276.6  28.8 276.6  28.8 1.19E-03 000.6 244.1  14.9 0.692476 0.342484 0.937816 hargrave 2020-10-15 12:18:37 
200.00 274.1  32.1 274.1  32.1 1.18E-03 000.6 240.1  15.6 0.627444 0.316137 0.919971 hargrave 2020-10-15 15:04:41 
300.00 274.2  32.0 274.2  32.0 1.16E-03 000.5 240.3  15.5 0.586217 0.259856 0.921518 hargrave 2020-10-15 17:45:21 
100.20 274.0  30.7 274.0  30.7 1.13E-03 000.6 241.1  14.5 0.756581 0.333053 0.915785 hargrave 2020-10-16 14:20:47 
300.10 275.4  28.2 275.4  28.2 1.08E-03 000.8 243.9  13.7 1.152752 0.649578 0.948443 hargrave 2020-10-18 15:01:28 
400.10 272.3  29.0 272.3  29.0 9.97E-04 000.6 241.3  12.3 0.771513 0.299104 0.786748 hargrave 2020-10-18 18:32:50 
400.00 276.2  28.8 276.2  28.8 9.46E-04 000.6 243.9  14.6 0.605962 0.286492 0.731055 hargrave 2020-10-19 12:20:53 
450.00 273.2  33.5 273.2  33.5 8.77E-04 000.5 238.5  16.0 0.498954 0.206900 0.663761 hargrave 2020-10-19 15:22:25 
300.20 277.2  27.4 277.2  27.4 8.55E-04 000.7 245.6  14.3 0.725389 0.313901 0.657140 hargrave 2020-10-19 19:32:18 
450.10 269.1  33.2 269.1  33.2 8.18E-04 000.6 236.3  13.3 0.545673 0.369491 0.636779 hargrave 2020-10-20 12:11:38 
475.10 271.4  29.2 271.4  29.2 7.15E-04 000.7 240.7  11.8 0.599289 0.233582 0.568837 hargrave 2020-10-20 16:57:06 
475.00 280.8  27.4 280.8  27.4 6.38E-04 000.6 247.8  16.7 0.468443 0.322570 0.492268 hargrave 2020-10-21 11:53:39 
500.00 275.7  36.0 275.7  36.0 5.78E-04 000.6 238.0  19.1 0.367063 0.150619 0.463217 hargrave 2020-10-21 16:20:01 
450.20 271.2  26.9 271.2  26.9 6.14E-04 000.7 242.2  10.1 0.533397 0.174225 0.497250 hargrave 2020-10-22 11:39:29 
500.10 260.2  26.1 260.2  26.1 5.92E-04 000.7 235.5  02.8 0.459076 0.330861 0.471507 hargrave 2020-10-22 15:29:07 
510.10 258.9  22.0 258.9  22.0 5.61E-04 000.7 237.3 -01.1 0.427959 0.255916 0.443712 hargrave 2020-10-23 09:12:18 
510.00 277.7  27.5 277.7  27.5 3.95E-04 000.6 245.8  14.8 0.259891 0.107409 0.311471 hargrave 2020-10-23 13:21:35 
520.00 275.0  31.2 275.0  31.2 3.54E-04 000.6 241.4  15.5 0.197110 0.113011 0.269134 hargrave 2020-10-23 16:26:09 
500.20 255.5  14.9 255.5  14.9 5.46E-04 000.7 239.5 -08.7 0.455815 0.215365 0.461030 hargrave 2020-10-25 17:34:57 
520.10 249.7  12.2 249.7  12.2 5.57E-04 000.7 236.7 -14.2 0.381589 0.463455 0.432904 hargrave 2020-10-26 13:18:22 
530.10 244.1  02.4 244.1  02.4 5.43E-04 000.6 238.5 -25.5 0.408399 0.173652 0.433580 hargrave 2020-10-26 19:23:25 
530.00 272.1  33.9 272.1  33.9 2.45E-04 000.5 237.6  15.5 0.117924 0.046602 0.199579 hargrave 2020-10-27 11:24:23 
540.00 282.2  30.4 282.2  30.4 1.22E-04 000.5 246.3  19.6 0.087412 0.036785 0.079945 hargrave 2020-10-27 14:22:36 
520.20 239.6 -13.0 239.6 -13.0 5.17E-04 000.3 246.2 -40.1 0.199835 0.028696 0.344642 hargrave 2020-10-27 17:44:49 
540.10 230.4 -20.9 230.4 -20.9 6.40E-04 000.4 244.7 -51.9 0.257392 0.204073 0.325851 hargrave 2020-10-28 10:34:02 
550.10 211.6 -29.7 211.6 -29.7 8.87E-04 000.4 230.9 -69.9 0.351268 0.370739 0.213199 hargrave 2020-10-28 14:39:40 
550.00 283.8  33.1 283.8  33.1 8.50E-05 000.8 244.9  22.4 0.110107 0.102964 0.043028 hargrave 2020-10-28 17:36:05 
553.00 277.3  33.9 277.3  33.9 8.88E-05 000.8 240.6  18.7 0.114598 0.112181 0.053360 hargrave 2020-10-29 10:07:08 
540.20 210.1 -35.8 210.1 -35.8 1.11E-03 000.3 242.4 -75.0 0.431551 0.449974 0.166715 hargrave 2020-10-31 10:54:00 
553.10 204.1 -37.0 204.1 -37.0 1.41E-03 000.4 232.2 -79.5 0.633439 0.631735 0.142932 hargrave 2020-10-31 14:47:22 
556.10 202.0 -39.2 202.0 -39.2 1.67E-03 000.3 235.4 -82.2 0.720464 0.680424 0.088660 hargrave 2020-10-31 18:22:30 
556.00 260.6  29.2 260.6  29.2 6.63E-05 001.0 233.7  05.3 0.104714 0.081436 0.048860 hargrave 2020-11-01 09:56:50 
559.00 261.1  36.0 261.1  36.0 4.64E-05 001.5 229.4  10.6 0.094856 0.110718 0.037140 hargrave 2020-11-01 13:07:22 
553.20 201.0 -39.8 201.0 -39.8 2.03E-03 000.3 234.7 -83.1 0.819770 0.751053 0.082421 hargrave 2020-11-01 16:38:59 
559.10 199.9 -40.2 199.9 -40.2 2.23E-03 000.3 232.9 -84.0 0.921098 0.889713 0.081782 hargrave 2020-11-02 10:32:23 
562.10 201.6 -40.5 201.6 -40.5 2.37E-03 000.3 241.9 -83.2 0.986100 0.933279 0.125800 hargrave 2020-11-02 14:05:59 
562.00 243.9 -00.5 243.9 -00.5 7.39E-05 001.1 240.3 -27.8 0.109608 0.136232 0.043360 hargrave 2020-11-02 17:15:49 
565.00 281.9 -07.2 281.9 -07.2 4.58E-05 000.8 273.9 -06.3 0.049252 0.073945 0.033126 hargrave 2020-11-03 10:08:27 
559.20 197.8 -39.6 197.8 -39.6 2.61E-03 000.3 216.2 -84.6 1.116352 1.089914 0.087892 hargrave 2020-11-03 13:40:18 
565.10 199.4 -39.1 199.4 -39.1 2.71E-03 000.3 223.0 -83.5 1.174639 1.134197 0.096117 hargrave 2020-11-03 17:22:17 
570.10 199.7 -40.3 199.7 -40.3 2.81E-03 000.3 231.8 -84.2 1.228448 1.188618 0.098018 hargrave 2020-11-04 10:38:52 
570.00 227.4 -15.9 227.4 -15.9 6.04E-05 001.4 236.2 -50.0 0.118444 0.114646 0.022374 hargrave 2020-11-04 13:43:25 
575.00 241.3 -22.8 241.3 -22.8 4.09E-05 000.9 257.3 -45.7 0.056598 0.048957 0.030970 hargrave 2020-11-04 16:49:58 
565.20 200.0 -40.1 200.0 -40.1 2.86E-03 000.4 232.0 -83.9 1.308559 1.204358 0.149246 hargrave 2020-11-04 20:35:20 
575.10 199.3 -38.2 199.3 -38.2 2.97E-03 000.3 217.7 -82.8 1.305875 1.250036 0.153996 hargrave 2020-11-05 12:05:45 
580.10 199.6 -39.3 199.6 -39.3 2.99E-03 000.3 225.3 -83.5 1.278829 1.199324 0.142413 hargrave 2020-11-05 15:35:51 
580.00 212.6 -31.8 212.6 -31.8 4.15E-05 001.1 237.0 -70.8 0.073711 0.051817 0.019125 hargrave 2020-11-05 18:45:01 
585.00 234.0 -03.5 234.0 -03.5 4.17E-05 001.3 233.1 -36.2 0.104275 0.087427 0.018257 hargrave 2020-11-06 10:03:10 
575.20 200.9 -40.8 200.9 -40.8 3.01E-03 000.3 241.3 -83.7 1.248592 1.139796 0.231648 hargrave 2020-11-06 13:55:14 
585.10 198.3 -40.0 198.3 -40.0 3.06E-03 000.3 221.9 -84.7 1.298956 1.203417 0.126846 hargrave 2020-11-06 18:21:42 
