BD9- 2b sun compass orientation
      0 110.6  41.0   0.0   0.0   1.0
NRM    270.1  37.2 270.1  37.2 1.73E-03 000.4 230.8  15.9 0.494459 0.356512 1.359260 hargrave 2020-10-12 16:55:06 
100.00 270.9  37.0 270.9  37.0 1.73E-03 000.4 231.5  16.2 0.231237 0.281446 1.291725 hargrave 2020-10-14 11:50:33 
100.10 272.2  36.8 272.2  36.8 1.55E-03 000.5 232.4  16.7 0.553452 0.292131 1.181131 hargrave 2020-10-14 17:33:59 
200.10 273.0  37.1 273.0  37.1 1.43E-03 000.4 232.8  17.2 0.189487 0.146413 1.124179 hargrave 2020-10-15 12:20:56 
200.00 269.4  39.9 269.4  39.9 1.42E-03 000.5 228.6  17.5 0.395706 0.303223 1.095208 hargrave 2020-10-15 15:06:31 
300.00 268.4  40.5 268.4  40.5 1.41E-03 000.4 227.6  17.5 0.293522 0.308357 1.095363 hargrave 2020-10-15 17:47:10 
100.20 273.2  38.5 273.2  38.5 1.33E-03 000.4 231.9  18.4 0.186061 0.275987 1.055597 hargrave 2020-10-16 14:23:06 
300.10 268.7  38.4 268.7  38.4 1.28E-03 000.5 229.2  16.1 0.472975 0.396514 1.074535 hargrave 2020-10-18 15:03:47 
400.10 268.4  38.6 268.4  38.6 1.17E-03 000.5 228.9  16.1 0.304181 0.204942 0.918423 hargrave 2020-10-18 18:35:09 
400.00 274.0  36.2 274.0  36.2 1.12E-03 000.4 234.0  17.1 0.105130 0.185968 0.869096 hargrave 2020-10-19 12:22:37 
450.00 271.1  38.9 271.1  38.9 1.06E-03 000.4 230.3  17.7 0.162507 0.239768 0.821824 hargrave 2020-10-19 15:24:09 
300.20 268.3  39.9 268.3  39.9 1.07E-03 000.4 227.9  17.0 0.256407 0.224094 0.831597 hargrave 2020-10-19 19:34:32 
450.10 268.2  38.8 268.2  38.8 9.99E-04 000.4 228.6  16.2 0.258755 0.167305 0.773305 hargrave 2020-10-20 12:13:54 
475.10 267.9  38.2 267.9  38.2 9.25E-04 000.4 228.8  15.5 0.227394 0.201253 0.714428 hargrave 2020-10-20 16:59:21 
475.00 269.4  41.0 269.4  41.0 8.32E-04 000.4 227.9  18.4 0.156843 0.181876 0.647646 hargrave 2020-10-21 11:55:23 
500.00 270.2  42.1 270.2  42.1 8.11E-04 000.4 227.6  19.6 0.131776 0.159743 0.628786 hargrave 2020-10-21 16:21:45 
450.20 268.1  36.0 268.1  36.0 7.69E-04 000.4 230.3  13.9 0.165412 0.160862 0.587969 hargrave 2020-10-22 11:41:45 
500.10 264.2  37.8 264.2  37.8 7.84E-04 000.4 226.7  13.4 0.166834 0.158328 0.602938 hargrave 2020-10-22 15:31:23 
510.10 263.2  33.9 263.2  33.9 7.53E-04 000.5 228.4  09.8 0.192554 0.164792 0.580607 hargrave 2020-10-23 09:14:35 
510.00 270.8  39.0 270.8  39.0 5.98E-04 000.5 230.1  17.6 0.083405 0.079072 0.472309 hargrave 2020-10-23 13:23:19 
520.00 274.7  38.3 274.7  38.3 5.63E-04 000.5 233.0  19.1 0.110063 0.063846 0.448126 hargrave 2020-10-23 16:27:53 
500.20 250.9  30.3 250.9  30.3 7.47E-04 000.5 221.6  01.1 0.191312 0.278368 0.598022 hargrave 2020-10-25 17:37:13 
520.10 249.5  21.7 249.5  21.7 6.81E-04 000.5 224.9 -07.0 0.043061 0.278461 0.498263 hargrave 2020-10-26 13:20:37 
530.10 249.3  11.5 249.3  11.5 6.34E-04 000.5 229.9 -15.9 0.177907 0.281934 0.495228 hargrave 2020-10-26 19:25:40 
530.00 269.2  40.1 269.2  40.1 4.33E-04 000.5 228.3  17.7 0.156829 0.026864 0.343641 hargrave 2020-10-27 11:26:08 
540.00 274.6  44.5 274.6  44.5 2.54E-04 000.5 228.5  23.6 0.166997 0.084555 0.196373 hargrave 2020-10-27 14:24:21 
520.20 240.2 -00.2 240.2 -00.2 6.25E-04 000.5 227.7 -30.5 0.171998 0.234362 0.422520 hargrave 2020-10-27 17:47:04 
540.10 231.0 -10.2 231.0 -10.2 7.21E-04 000.4 223.5 -43.7 0.250509 0.283909 0.411352 hargrave 2020-10-28 10:36:18 
550.10 219.7 -25.4 219.7 -25.4 9.53E-04 000.4 219.2 -62.1 0.344160 0.417800 0.321585 hargrave 2020-10-28 14:41:56 
550.00 276.5  41.7 276.5  41.7 1.09E-04 000.6 231.6  22.5 0.109643 0.047461 0.081796 hargrave 2020-10-28 17:37:50 
553.00 251.4  41.5 251.4  41.5 1.48E-04 000.5 216.2  10.9 0.071858 0.040164 0.109244 hargrave 2020-10-29 10:08:52 
540.20 214.7 -37.2 214.7 -37.2 1.35E-03 000.4 226.1 -74.4 0.593011 0.574596 0.263622 hargrave 2020-10-31 10:56:20 
553.10 211.8 -39.5 211.8 -39.5 1.69E-03 000.3 224.2 -77.6 0.692624 0.713584 0.226297 hargrave 2020-10-31 14:49:38 
556.10 209.2 -42.0 209.2 -42.0 1.96E-03 000.3 223.7 -80.8 0.810603 0.835314 0.199316 hargrave 2020-10-31 18:24:46 
556.00 268.4  28.5 268.4  28.5 1.63E-04 000.5 235.3  08.2 0.097760 0.044434 0.130192 hargrave 2020-11-01 09:58:34 
559.00 267.9  44.7 267.9  44.7 1.16E-04 000.5 224.5  20.5 0.089299 0.047374 0.082415 hargrave 2020-11-01 13:09:05 
553.20 206.2 -43.6 206.2 -43.6 2.45E-03 000.3 217.4 -83.4 1.023631 1.005766 0.230335 hargrave 2020-11-01 16:41:14 
559.10 207.3 -44.1 207.3 -44.1 2.75E-03 000.3 225.7 -83.3 1.111076 1.121893 0.219618 hargrave 2020-11-02 10:34:39 
562.10 208.9 -45.0 208.9 -45.0 2.83E-03 000.3 237.9 -83.1 1.134383 1.131646 0.182621 hargrave 2020-11-02 14:08:14 
562.00 264.5  20.5 264.5  20.5 1.51E-04 000.6 237.3 -00.3 0.114806 0.070829 0.095959 hargrave 2020-11-02 17:17:33 
565.00 251.4  29.7 251.4  29.7 8.80E-05 000.7 222.4  00.8 0.082805 0.025072 0.075651 hargrave 2020-11-03 10:10:12 
559.20 201.7 -44.6 201.7 -44.6 3.12E-03 000.3 190.4 -85.5 1.283385 1.266172 0.265240 hargrave 2020-11-03 13:42:34 
565.10 204.3 -43.9 204.3 -43.9 3.24E-03 000.3 207.5 -84.3 1.363919 1.382117 0.275393 hargrave 2020-11-03 17:24:33 
570.10 204.0 -45.9 204.0 -45.9 3.35E-03 000.3 217.6 -86.2 1.426232 1.388537 0.207532 hargrave 2020-11-04 10:41:07 
570.00 246.2  14.7 246.2  14.7 8.81E-05 000.8 225.6 -14.6 0.122174 0.064098 0.050534 hargrave 2020-11-04 13:45:10 
575.00 266.9  31.6 266.9  31.6 9.75E-05 000.5 232.3  09.9 0.067848 0.013928 0.053060 hargrave 2020-11-04 16:51:42 
565.20 203.9 -46.2 203.9 -46.2 3.35E-03 000.4 219.4 -86.4 1.479092 1.450594 0.157782 hargrave 2020-11-04 20:37:35 
575.10 202.7 -45.1 202.7 -45.1 3.49E-03 000.3 200.5 -85.8 1.467492 1.476785 0.253812 hargrave 2020-11-05 12:08:01 
580.10 202.4 -45.9 202.4 -45.9 3.55E-03 000.3 202.5 -86.7 1.528626 1.506320 0.217479 hargrave 2020-11-05 15:38:08 
580.00 268.7 -03.1 268.7 -03.1 6.26E-05 000.8 255.2 -16.6 0.088432 0.056794 0.028862 hargrave 2020-11-05 18:46:44 
585.00 289.0 -38.8 289.0 -38.8 2.33E-05 003.5 296.8 -29.1 0.080541 0.157019 0.019081 hargrave 2020-11-06 10:04:55 
575.20 203.2 -48.1 203.2 -48.1 3.53E-03 000.3 243.6 -88.1 1.438689 1.380027 0.144812 hargrave 2020-11-06 13:58:19 
585.10 200.6 -45.8 200.6 -45.8 3.59E-03 000.3 180.0 -86.8 1.461146 1.436055 0.243645 hargrave 2020-11-06 18:23:56 
