BD9- 5b sun compass orientation
      0  34.1  72.0   0.0   0.0   1.0
NRM    292.8  40.1 292.8  40.1 2.96E-03 000.4 201.5  65.9 1.252101 1.210041 1.471118 hargrave 2020-10-12 16:59:46 
100.00 291.2  39.2 291.2  39.2 2.97E-03 000.4 205.3  66.0 1.285562 1.410326 1.420108 hargrave 2020-10-14 11:55:04 
100.10 290.5  38.8 290.5  38.8 2.62E-03 000.4 206.9  66.1 1.203016 1.206607 1.283475 hargrave 2020-10-14 17:38:41 
200.10 288.9  38.4 288.9  38.4 2.40E-03 000.4 209.9  65.7 0.933357 1.026593 1.292754 hargrave 2020-10-15 12:25:38 
200.00 289.4  38.5 289.4  38.5 2.41E-03 000.4 209.0  65.8 0.875342 1.007190 1.293979 hargrave 2020-10-15 15:10:11 
300.00 291.3  39.2 291.3  39.2 2.42E-03 000.4 205.2  66.1 0.882574 0.983559 1.233476 hargrave 2020-10-15 17:50:49 
100.20 291.0  38.5 291.0  38.5 2.26E-03 000.4 206.5  66.5 0.878338 0.907414 1.211852 hargrave 2020-10-16 14:27:47 
300.10 288.5  37.1 288.5  37.1 2.13E-03 000.5 212.5  66.5 1.184263 0.972414 1.476865 hargrave 2020-10-18 15:08:30 
400.10 288.4  37.2 288.4  37.2 1.99E-03 000.4 212.6  66.4 0.886940 0.856116 1.136722 hargrave 2020-10-18 18:39:48 
400.00 287.5  35.9 287.5  35.9 2.00E-03 000.5 216.1  66.9 0.905770 0.977775 1.171977 hargrave 2020-10-19 12:26:01 
450.00 289.0  37.0 289.0  37.0 1.97E-03 000.5 211.8  66.8 0.923740 0.951482 1.113145 hargrave 2020-10-19 15:27:35 
300.20 289.7  39.0 289.7  39.0 1.89E-03 000.5 207.9  65.5 0.936580 0.851694 1.041482 hargrave 2020-10-19 19:38:58 
450.10 290.1  38.9 290.1  38.9 1.78E-03 000.5 207.4  65.8 0.860342 0.833893 0.995625 hargrave 2020-10-20 12:18:23 
475.10 289.2  40.0 289.2  40.0 1.70E-03 000.5 207.2  64.5 0.853238 0.716401 1.015930 hargrave 2020-10-20 17:03:48 
475.00 287.4  37.7 287.4  37.7 1.72E-03 000.5 213.2  65.5 0.820377 0.827414 1.025169 hargrave 2020-10-21 11:58:47 
500.00 288.9  38.9 288.9  38.9 1.72E-03 000.5 209.1  65.2 0.819454 0.782815 0.959148 hargrave 2020-10-21 16:25:10 
450.20 287.8  38.8 287.8  38.8 1.62E-03 000.5 210.9  64.8 0.848145 0.676266 0.959477 hargrave 2020-10-22 11:46:15 
500.10 286.5  40.0 286.5  40.0 1.51E-03 000.5 211.0  63.2 0.770508 0.615046 0.928234 hargrave 2020-10-22 15:35:54 
510.10 287.1  41.1 287.1  41.1 1.43E-03 000.5 208.7  62.7 0.745307 0.603471 0.890133 hargrave 2020-10-23 09:19:03 
510.00 287.3  37.6 287.3  37.6 1.50E-03 000.5 213.6  65.5 0.716221 0.708447 0.889759 hargrave 2020-10-23 13:26:45 
520.00 287.3  37.3 287.3  37.3 1.48E-03 000.5 214.0  65.7 0.695579 0.687039 0.824475 hargrave 2020-10-23 16:31:20 
500.20 282.8  43.3 282.8  43.3 1.22E-03 000.5 210.8  59.0 0.637530 0.459709 0.866821 hargrave 2020-10-25 17:41:41 
520.10 277.2  45.7 277.2  45.7 1.06E-03 000.6 212.9  54.5 0.495348 0.488661 0.856839 hargrave 2020-10-26 13:27:57 
530.10 268.5  47.0 268.5  47.0 8.68E-04 000.5 217.1  48.9 0.394492 0.279137 0.758438 hargrave 2020-10-26 19:30:08 
530.00 285.5  36.1 285.5  36.1 1.20E-03 000.3 218.5  65.5 0.277399 0.412496 0.645172 hargrave 2020-10-27 11:29:33 
540.00 285.6  35.6 285.6  35.6 9.92E-04 000.3 219.4  66.0 0.250790 0.304348 0.487579 hargrave 2020-10-27 14:27:49 
520.20 234.5  58.7 234.5  58.7 5.55E-04 000.6 212.8  25.8 0.116739 0.216911 0.578018 hargrave 2020-10-27 17:51:36 
540.10 159.7  22.4 159.7  22.4 5.60E-04 000.5 222.2 -36.7 0.164522 0.236532 0.434222 hargrave 2020-10-28 10:40:46 
550.10 133.1 -09.0 133.1 -09.0 1.70E-03 000.3 225.2 -77.5 0.518382 0.635608 0.093458 hargrave 2020-10-28 14:46:26 
550.00 280.4  41.7 280.4  41.7 4.61E-04 000.4 215.5  58.8 0.162505 0.174021 0.187705 hargrave 2020-10-28 17:41:15 
553.00 281.0  44.0 281.0  44.0 4.36E-04 000.4 211.8  57.6 0.153134 0.158818 0.177216 hargrave 2020-10-29 10:12:18 
540.20 131.3 -13.7 131.3 -13.7 2.55E-03 000.3 239.0 -81.9 0.969001 1.116425 0.112431 hargrave 2020-10-31 11:01:04 
553.10 130.4 -15.6 130.4 -15.6 3.03E-03 000.3 249.3 -83.5 1.102495 1.143732 0.150824 hargrave 2020-10-31 14:54:07 
556.10 129.7 -17.5 129.7 -17.5 3.57E-03 000.3 265.3 -84.6 1.361735 1.404168 0.048388 hargrave 2020-10-31 18:29:14 
556.00 275.5  45.7 275.5  45.7 2.93E-04 000.4 214.2  53.5 0.170007 0.107813 0.128427 hargrave 2020-11-01 10:02:00 
559.00 274.9  41.0 274.9  41.0 3.06E-04 000.3 221.2  56.0 0.127191 0.081695 0.124179 hargrave 2020-11-01 13:12:30 
553.20 128.7 -17.8 128.7 -17.8 4.54E-03 000.3 267.5 -85.7 1.662573 1.731371 0.049902 hargrave 2020-11-01 16:45:42 
559.10 130.0 -17.7 130.0 -17.7 5.07E-03 000.3 267.7 -84.4 1.828150 1.858338 0.128813 hargrave 2020-11-02 10:39:06 
562.10 131.5 -19.1 131.5 -19.1 5.34E-03 000.3 280.4 -82.9 1.927788 1.880110 0.326187 hargrave 2020-11-02 14:12:42 
562.00 265.9  49.8 265.9  49.8 2.18E-04 000.5 215.0  45.9 0.116739 0.093979 0.115235 hargrave 2020-11-02 17:21:00 
565.00 271.9  47.5 271.9  47.5 2.24E-04 000.5 214.5  50.5 0.151102 0.120983 0.102809 hargrave 2020-11-03 10:13:39 
559.20 127.7 -18.3 127.7 -18.3 6.09E-03 000.3 274.9 -86.5 2.186654 2.279046 0.085144 hargrave 2020-11-03 13:48:40 
565.10 129.0 -17.9 129.0 -17.9 6.48E-03 000.3 269.3 -85.3 2.426532 2.455507 0.161311 hargrave 2020-11-03 17:29:00 
570.10 129.2 -19.9 129.2 -19.9 6.87E-03 000.3 292.7 -84.8 2.704195 2.699216 0.158448 hargrave 2020-11-04 10:45:35 
570.00 244.1  41.9 244.1  41.9 1.31E-04 000.6 231.1  34.1 0.125966 0.081336 0.078221 hargrave 2020-11-04 13:48:36 
575.00 257.1  53.0 257.1  53.0 1.02E-04 000.5 214.8  39.6 0.076984 0.047327 0.045430 hargrave 2020-11-04 16:55:08 
565.20 128.7 -19.2 128.7 -19.2 7.34E-03 000.3 286.2 -85.5 2.988303 3.052737 0.073798 hargrave 2020-11-04 20:42:03 
575.10 128.1 -18.1 128.1 -18.1 7.63E-03 000.3 272.5 -86.1 2.844511 3.022617 0.199500 hargrave 2020-11-05 12:12:32 
580.10 127.7 -19.4 127.7 -19.4 8.03E-03 000.3 292.8 -86.3 3.071534 3.091561 0.077964 hargrave 2020-11-05 15:42:38 
580.00 183.1  43.2 183.1  43.2 4.76E-05 001.4 219.1 -08.4 0.113279 0.097617 0.025671 hargrave 2020-11-05 18:50:08 
585.00 181.2  56.4 181.2  56.4 5.97E-05 000.8 207.7 -01.6 0.094585 0.034349 0.042008 hargrave 2020-11-06 10:08:20 
575.20 129.2 -21.4 129.2 -21.4 8.44E-03 000.3 306.4 -84.1 2.981780 3.027446 0.266912 hargrave 2020-11-06 14:02:45 
585.10 127.9 -18.8 127.9 -18.8 8.70E-03 000.3 283.9 -86.3 3.095565 3.240452 0.205426 hargrave 2020-11-06 18:28:21 
