AX3- 2b mag compass orientation (IGRF corrected)
      0  81.7  71.0   0.0   0.0   1.0
000    336.1 -67.3 336.1 -67.3 7.09E-05 000.7 354.0  03.0 0.059455 0.081500 0.046448 hargrave 2020-02-10 13:54:37 
045    276.5 -27.0 276.5 -27.0 6.76E-05 000.6 300.3  03.9 0.055277 0.045043 0.045505 hargrave 2020-02-10 17:35:11 
090    260.8  10.2 260.8  10.2 6.24E-05 000.8 260.1  02.5 0.080715 0.027680 0.042940 hargrave 2020-02-11 11:00:01 
135    250.4  32.1 250.4  32.1 6.24E-05 000.6 236.2  00.9 0.053723 0.017218 0.043034 hargrave 2020-02-11 13:55:03 
180    161.5  67.7 161.5  67.7 7.25E-05 000.6 176.1 -03.0 0.044830 0.062153 0.046503 hargrave 2020-02-11 19:08:54 
225    104.2  39.4 104.2  39.4 7.14E-05 000.6 134.2 -04.2 0.035815 0.053864 0.043742 hargrave 2020-02-12 09:54:49 
270    086.6  04.4 086.6  04.4 6.27E-05 000.7 095.8 -03.2 0.056964 0.029466 0.039824 hargrave 2020-02-13 08:43:28 
315    066.6 -37.1 066.6 -37.1 6.38E-05 000.6 050.4  00.1 0.054196 0.030657 0.041145 hargrave 2020-02-13 10:36:37 
30uT   167.8 -27.4 167.8 -27.4 7.03E-05 000.4 022.2 -80.9 0.030005 0.045012 0.025939 hargrave 2020-02-14 10:08:05 
50uT   164.6 -22.7 164.6 -22.7 1.16E-04 000.3 059.6 -82.4 0.038187 0.050265 0.049229 hargrave 2020-02-17 12:05:48 
70uT   166.0 -25.0 166.0 -25.0 1.60E-04 000.4 040.6 -82.0 0.069824 0.085810 0.059002 hargrave 2020-02-17 14:14:00 
90uT   168.0 -26.1 168.0 -26.1 1.99E-04 000.4 025.2 -82.1 0.116048 0.108205 0.069636 hargrave 2020-02-17 22:55:26 
