AX3- 4b mag compass orientation (IGRF corrected)
      0  70.7  83.0   0.0   0.0   1.0
000    321.6 -82.0 321.6 -82.0 1.04E-04 000.7 357.4  00.6 0.059614 0.073402 0.095288 hargrave 2020-02-10 13:57:33 
045    259.2 -52.3 259.2 -52.3 1.01E-04 000.6 322.8 -00.4 0.038379 0.048725 0.086438 hargrave 2020-02-10 17:38:07 
090    248.8  03.4 248.8  03.4 9.19E-05 000.7 266.4 -01.5 0.078880 0.083233 0.082435 hargrave 2020-02-11 11:02:58 
135    242.5  39.6 242.5  39.6 9.66E-05 000.6 229.7 -01.8 0.070676 0.066633 0.089048 hargrave 2020-02-11 13:57:59 
180    149.5  81.7 149.5  81.7 1.11E-04 000.6 178.4 -01.1 0.071587 0.070367 0.095051 hargrave 2020-02-11 19:11:51 
225    074.6  33.6 074.6  33.6 9.90E-05 000.6 123.8  00.6 0.036506 0.058613 0.079525 hargrave 2020-02-12 09:57:45 
270    067.6 -06.5 067.6 -06.5 9.02E-05 000.7 083.2  02.2 0.083706 0.079028 0.073754 hargrave 2020-02-13 08:46:24 
315    063.5 -31.6 063.5 -31.6 9.79E-05 000.6 057.8  02.4 0.068528 0.071060 0.079699 hargrave 2020-02-13 10:39:33 
30uT   157.4 -08.9 157.4 -08.9 1.01E-04 000.3 058.9 -86.2 0.035889 0.046658 0.017813 hargrave 2020-02-14 10:11:02 
50uT   157.5 -10.7 157.5 -10.7 1.66E-04 000.3 039.8 -85.1 0.052033 0.071994 0.016266 hargrave 2020-02-17 12:09:34 
70uT   156.6 -10.0 156.6 -10.0 2.29E-04 000.2 053.5 -84.9 0.063200 0.072840 0.030662 hargrave 2020-02-17 14:17:51 
90uT   157.1 -08.6 157.1 -08.6 2.82E-04 000.3 065.5 -86.1 0.082572 0.112318 0.040755 hargrave 2020-02-17 22:59:15 
