AX3- 9b mag compass orientation (IGRF corrected)
      0  60.7  67.0   0.0   0.0   1.0
000    338.8 -65.4 338.8 -65.4 8.59E-06 001.6 003.4  01.4 0.012860 0.021054 0.008928 hargrave 2020-02-10 14:04:39 
045    260.3 -32.7 260.3 -32.7 9.34E-06 001.2 307.5  02.8 0.005385 0.022664 0.008180 hargrave 2020-02-10 17:45:13 
090    239.6  08.0 239.6  08.0 1.02E-05 001.3 262.2  02.2 0.021705 0.004640 0.010206 hargrave 2020-02-11 11:10:05 
135    227.8  29.1 227.8  29.1 1.01E-05 001.7 238.4  00.6 0.028815 0.004975 0.012278 hargrave 2020-02-11 14:05:04 
180    165.9  64.4 165.9  64.4 9.10E-06 001.6 186.5 -01.8 0.016782 0.021432 0.008034 hargrave 2020-02-11 19:19:06 
225    079.2  29.5 079.2  29.5 9.56E-06 001.1 124.2 -03.5 0.005119 0.022596 0.008588 hargrave 2020-02-12 10:05:38 
270    060.8 -06.0 060.8 -06.0 1.01E-05 001.4 084.5 -02.4 0.023045 0.009379 0.010535 hargrave 2020-02-13 08:53:30 
315    048.0 -29.9 048.0 -29.9 1.04E-05 001.6 057.8 -01.1 0.029836 0.004099 0.010887 hargrave 2020-02-13 10:46:38 
30uT   152.3 -23.7 152.3 -23.7 1.01E-05 000.3 295.4 -88.4 0.003162 0.003148 0.001788 hargrave 2020-02-14 10:18:07 
50uT   152.1 -22.0 152.1 -22.0 1.67E-05 000.2 231.4 -88.4 0.005163 0.004709 0.002461 hargrave 2020-02-17 12:16:41 
70uT   152.3 -23.2 152.3 -23.2 2.32E-05 000.2 277.6 -88.5 0.005476 0.005941 0.005155 hargrave 2020-02-17 14:25:04 
90uT   152.5 -22.0 152.5 -22.0 2.88E-05 000.2 239.7 -88.1 0.008206 0.007815 0.006931 hargrave 2020-02-17 23:06:25 
