AX3- 5b mag compass orientation (IGRF corrected)
      0  69.7  53.0   0.0   0.0   1.0
000    328.4 -50.8 328.4 -50.8 5.74E-06 004.1 352.9  01.6 0.035703 0.038740 0.004554 hargrave 2020-02-10 13:58:56 
045    284.3 -30.5 284.3 -30.5 5.79E-06 004.1 314.6  04.9 0.032720 0.040532 0.004099 hargrave 2020-02-10 17:39:31 
090    244.4  10.8 244.4  10.8 5.48E-06 001.3 258.2  02.4 0.013103 0.006600 0.004583 hargrave 2020-02-11 11:04:22 
135    224.1  28.0 224.1  28.0 5.45E-06 001.5 232.8 -01.3 0.016525 0.002129 0.004650 hargrave 2020-02-11 13:59:23 
180    165.2  46.0 165.2  46.0 5.53E-06 001.4 183.8 -06.8 0.012550 0.011406 0.003974 hargrave 2020-02-11 19:13:16 
225    103.5  25.6 103.5  25.6 5.59E-06 003.7 130.8 -08.1 0.047951 0.036925 0.003931 hargrave 2020-02-12 09:59:08 
270    071.6 -04.1 071.6 -04.1 5.52E-06 004.1 087.9 -04.0 0.038100 0.034528 0.004020 hargrave 2020-02-13 08:47:48 
315    054.6 -23.8 054.6 -23.8 5.57E-06 003.9 062.2 -03.0 0.035671 0.032389 0.004039 hargrave 2020-02-13 10:40:56 
30uT   161.4 -36.8 161.4 -36.8 5.36E-06 000.5 261.9 -88.6 0.003395 0.003018 0.001790 hargrave 2020-02-14 10:12:25 
50uT   161.8 -36.8 161.8 -36.8 8.65E-06 000.4 264.9 -88.3 0.004204 0.003914 0.004062 hargrave 2020-02-17 12:10:58 
70uT   161.9 -36.9 161.9 -36.9 1.19E-05 000.4 267.9 -88.2 0.005373 0.005273 0.004195 hargrave 2020-02-17 14:19:14 
90uT   160.6 -36.3 160.6 -36.3 1.49E-05 000.4 227.5 -89.0 0.006706 0.006130 0.004726 hargrave 2020-02-17 23:00:40 
