AX3- 10b mag compass orientation (IGRF corrected)
      0  65.7  73.0   0.0   0.0   1.0
000    319.8 -71.0 319.8 -71.0 3.70E-06 001.3 354.9  01.3 0.007014 0.008022 0.003937 hargrave 2020-02-10 14:06:11 
045    259.5 -32.5 259.5 -32.5 3.83E-06 001.0 305.0  02.0 0.000998 0.009799 0.003941 hargrave 2020-02-10 17:46:45 
090    245.4  06.8 245.4  06.8 3.83E-06 001.2 263.4  01.7 0.007759 0.005180 0.004022 hargrave 2020-02-11 11:11:39 
135    226.5  45.6 226.5  45.6 3.77E-06 001.5 221.3 -00.6 0.010798 0.002419 0.003575 hargrave 2020-02-11 14:06:37 
180    147.7  71.7 147.7  71.7 3.74E-06 001.3 177.5 -01.1 0.007167 0.007702 0.003200 hargrave 2020-02-11 19:20:39 
225    075.8  22.4 075.8  22.4 3.78E-06 001.0 114.3 -02.5 0.002147 0.007976 0.003687 hargrave 2020-02-12 10:07:10 
270    067.3  00.6 067.3  00.6 3.69E-06 001.1 091.0 -01.4 0.006250 0.005263 0.003580 hargrave 2020-02-13 08:55:03 
315    053.0 -37.6 053.0 -37.6 3.81E-06 001.5 050.6 -00.7 0.011390 0.002717 0.003331 hargrave 2020-02-13 10:48:10 
30uT   154.6 -16.1 154.6 -16.1 3.77E-06 000.3 129.6 -88.7 0.001643 0.001560 0.000588 hargrave 2020-02-14 10:19:40 
50uT   154.4 -16.2 154.4 -16.2 6.23E-06 000.3 123.0 -88.5 0.002118 0.001983 0.001543 hargrave 2020-02-17 12:18:13 
70uT   153.7 -16.1 153.7 -16.1 8.58E-06 000.2 114.5 -87.9 0.002094 0.002280 0.000904 hargrave 2020-02-17 14:26:40 
90uT   153.8 -16.0 153.8 -16.0 1.06E-05 000.3 118.3 -87.9 0.004069 0.003861 0.001067 hargrave 2020-02-17 23:07:58 
