AX3- 8b mag compass orientation (IGRF corrected)
      0  74.7  65.0   0.0   0.0   1.0
000    319.7 -60.0 319.7 -60.0 4.02E-06 001.3 347.8  02.6 0.007441 0.009976 0.003779 hargrave 2020-02-10 14:03:09 
045    277.2 -36.9 277.2 -36.9 4.29E-06 005.0 312.4  01.3 0.033709 0.040761 0.003547 hargrave 2020-02-10 17:43:43 
090    252.4  02.7 252.4  02.7 3.99E-06 001.2 266.6 -00.9 0.007672 0.005524 0.003728 hargrave 2020-02-11 11:08:35 
135    234.3  32.0 234.3  32.0 3.89E-06 001.5 232.7 -02.6 0.011458 0.002392 0.003361 hargrave 2020-02-11 14:03:35 
180    163.2  61.7 163.2  61.7 3.99E-06 001.2 179.3 -03.3 0.006448 0.007810 0.003276 hargrave 2020-02-11 19:17:35 
225    088.6  23.4 088.6  23.4 4.15E-06 005.8 117.0 -01.9 0.046983 0.036596 0.003447 hargrave 2020-02-12 10:04:09 
270    074.7 -00.1 074.7 -00.1 3.99E-06 006.2 090.0 -00.0 0.042173 0.035134 0.003261 hargrave 2020-02-13 08:52:00 
315    057.7 -30.3 057.7 -30.3 4.02E-06 005.4 055.7  00.9 0.038903 0.032609 0.003366 hargrave 2020-02-13 10:45:09 
30uT   165.6 -24.6 165.6 -24.6 4.12E-06 000.5 242.4 -89.1 0.002745 0.002432 0.001113 hargrave 2020-02-14 10:16:38 
50uT   166.8 -25.1 166.8 -25.1 6.75E-06 000.3 274.6 -88.1 0.002937 0.002799 0.003098 hargrave 2020-02-17 12:15:11 
70uT   166.2 -25.1 166.2 -25.1 9.29E-06 000.4 276.4 -88.6 0.004153 0.004110 0.002703 hargrave 2020-02-17 14:23:34 
90uT   166.5 -25.4 166.5 -25.4 1.15E-05 000.3 283.4 -88.3 0.004380 0.004708 0.003230 hargrave 2020-02-17 23:04:56 
