AX3- 7b mag compass orientation (IGRF corrected)
      0  71.7  81.0   0.0   0.0   1.0
000    006.4 -82.1 006.4 -82.1 1.24E-04 000.5 003.3 -01.8 0.049285 0.083009 0.078493 hargrave 2020-02-10 14:01:42 
045    261.8 -56.9 261.8 -56.9 1.05E-04 000.5 327.4 -02.1 0.026026 0.075182 0.067786 hargrave 2020-02-10 17:42:17 
090    249.6  11.7 249.6  11.7 1.13E-04 000.5 258.1 -00.2 0.057559 0.035367 0.070744 hargrave 2020-02-11 11:07:08 
135    244.7  42.3 244.7  42.3 1.31E-04 000.4 227.3  00.9 0.034337 0.071728 0.081289 hargrave 2020-02-11 14:02:08 
180    201.7  81.1 201.7  81.1 1.27E-04 000.5 185.7  02.1 0.060198 0.077980 0.080650 hargrave 2020-02-11 19:16:08 
225    076.3  39.7 076.3  39.7 1.02E-04 000.4 129.9  02.2 0.036012 0.042425 0.062232 hargrave 2020-02-12 10:02:42 
270    069.4 -07.9 069.4 -07.9 1.09E-04 000.5 081.8  01.0 0.058042 0.020691 0.063937 hargrave 2020-02-13 08:50:33 
315    065.4 -36.0 065.4 -36.0 1.31E-04 000.4 053.5 -00.2 0.051570 0.062221 0.076037 hargrave 2020-02-13 10:43:42 
30uT   162.5 -07.6 162.5 -07.6 1.38E-04 000.5 209.3 -88.4 0.088943 0.078434 0.012867 hargrave 2020-02-14 10:15:11 
50uT   163.3 -08.0 163.3 -08.0 2.28E-04 000.5 236.5 -88.1 0.140624 0.127062 0.032796 hargrave 2020-02-17 12:13:43 
70uT   162.6 -07.6 162.6 -07.6 3.16E-04 000.5 212.8 -88.4 0.183975 0.169644 0.037202 hargrave 2020-02-17 14:22:03 
90uT   163.7 -07.7 163.7 -07.7 3.94E-04 000.5 236.6 -87.6 0.253522 0.216164 0.043531 hargrave 2020-02-17 23:03:30 
