AX3- 3b mag compass orientation (IGRF corrected)
      0  69.7  62.0   0.0   0.0   1.0
000    314.5 -61.1 314.5 -61.1 1.42E-05 001.3 348.1 -01.4 0.043099 0.029758 0.010538 hargrave 2020-02-10 13:56:07 
045    265.8 -19.8 265.8 -19.8 1.63E-05 001.2 295.0  04.1 0.035962 0.019439 0.011916 hargrave 2020-02-10 17:36:41 
090    247.9  07.5 247.9  07.5 1.63E-05 001.3 262.6  01.9 0.036400 0.025811 0.013192 hargrave 2020-02-11 11:01:31 
135    229.9  31.7 229.9  31.7 1.53E-05 001.5 233.1 -00.4 0.046208 0.015708 0.013095 hargrave 2020-02-11 13:56:33 
180    142.7  55.1 142.7  55.1 1.41E-05 001.3 170.3 -05.7 0.025713 0.034460 0.010045 hargrave 2020-02-11 19:10:24 
225    090.3  25.4 090.3  25.4 1.61E-05 001.1 121.9 -04.5 0.044468 0.057340 0.010947 hargrave 2020-02-12 09:56:19 
270    070.1 -05.6 070.1 -05.6 1.62E-05 000.9 085.2 -03.0 0.020858 0.045884 0.011594 hargrave 2020-02-13 08:44:57 
315    051.6 -31.7 051.6 -31.7 1.56E-05 001.9 053.9 -00.8 0.044685 0.071579 0.011263 hargrave 2020-02-13 10:38:07 
30uT   157.9 -34.9 157.9 -34.9 1.78E-05 000.4 011.8 -82.9 0.006392 0.010745 0.004688 hargrave 2020-02-14 10:09:35 
50uT   158.9 -33.1 158.9 -33.1 2.96E-05 000.4 007.7 -84.8 0.012270 0.017120 0.009120 hargrave 2020-02-17 12:08:08 
70uT   155.8 -33.8 155.8 -33.8 4.10E-05 000.3 028.9 -83.3 0.012739 0.020731 0.011273 hargrave 2020-02-17 14:16:21 
90uT   158.5 -33.9 158.5 -33.9 5.12E-05 000.4 009.2 -84.0 0.023551 0.024314 0.012234 hargrave 2020-02-17 22:57:48 
