AX3- 6b mag compass orientation (IGRF corrected)
      0  72.7  75.0   0.0   0.0   1.0
000    340.1 -76.8 340.1 -76.8 5.23E-06 001.4 359.4 -01.8 0.012373 0.012196 0.004521 hargrave 2020-02-10 14:00:19 
045    265.2 -42.3 265.2 -42.3 5.14E-06 001.2 313.7 -01.2 0.002937 0.014486 0.004622 hargrave 2020-02-10 17:40:53 
090    251.8 -02.5 251.8 -02.5 5.10E-06 001.3 272.2 -01.6 0.009547 0.008490 0.005252 hargrave 2020-02-11 11:05:44 
135    239.3  38.8 239.3  38.8 5.17E-06 001.6 229.3 -00.7 0.016010 0.003180 0.004526 hargrave 2020-02-11 14:00:45 
180    144.8  72.2 144.8  72.2 5.09E-06 001.4 174.6 -02.0 0.010283 0.012207 0.003990 hargrave 2020-02-11 19:14:42 
225    085.3  33.6 085.3  33.6 5.00E-06 001.0 125.6 -01.8 0.001890 0.011517 0.004406 hargrave 2020-02-12 10:01:18 
270    071.6 -05.4 071.6 -05.4 4.97E-06 001.3 084.4 -00.3 0.010920 0.006631 0.004365 hargrave 2020-02-13 08:49:10 
315    061.9 -37.4 061.9 -37.4 5.13E-06 001.4 051.3 -00.7 0.014192 0.004714 0.004195 hargrave 2020-02-13 10:42:18 
30uT   163.4 -13.2 163.4 -13.2 4.98E-06 000.5 200.0 -88.1 0.003242 0.002840 0.001449 hargrave 2020-02-14 10:13:47 
50uT   161.0 -17.5 161.0 -17.5 8.23E-06 000.3 033.0 -87.0 0.002956 0.003606 0.003499 hargrave 2020-02-17 12:12:20 
70uT   161.3 -13.9 161.3 -13.9 1.12E-05 000.3 130.4 -88.3 0.004219 0.004308 0.003320 hargrave 2020-02-17 14:20:36 
90uT   163.8 -15.0 163.8 -15.0 1.42E-05 000.3 271.9 -88.9 0.005703 0.006166 0.004654 hargrave 2020-02-17 23:02:05 
