AX3- 1b mag compass orientation (IGRF corrected)
      0  80.7  63.0   0.0   0.0   1.0
000    354.7 -60.4 354.7 -60.4 5.16E-06 001.5 002.0  02.5 0.012147 0.011796 0.004530 hargrave 2020-02-10 13:53:05 
045    278.6 -36.0 278.6 -36.0 5.16E-06 001.2 309.6 -02.6 0.002618 0.014587 0.004988 hargrave 2020-02-10 17:33:39 
090    258.4 -05.3 258.4 -05.3 5.13E-06 001.3 273.7 -04.4 0.010026 0.009221 0.005118 hargrave 2020-02-11 10:58:29 
135    239.1  29.1 239.1  29.1 5.18E-06 001.7 234.5 -03.8 0.017014 0.004268 0.005204 hargrave 2020-02-11 13:53:30 
180    175.6  60.4 175.6  60.4 5.10E-06 001.5 182.4 -02.5 0.012738 0.011371 0.004325 hargrave 2020-02-11 19:07:21 
225    106.0  40.7 106.0  40.7 5.05E-06 001.1 136.8  00.4 0.003467 0.014217 0.004527 hargrave 2020-02-12 09:53:17 
270    078.6  04.0 078.6  04.0 5.06E-06 001.3 092.6  03.7 0.009728 0.008967 0.005075 hargrave 2020-02-13 08:41:55 
315    055.6 -32.9 055.6 -32.9 5.18E-06 001.7 049.7  04.0 0.017338 0.004369 0.004597 hargrave 2020-02-13 10:35:05 
30uT   168.3 -37.3 168.3 -37.3 4.96E-06 000.5 010.6 -79.5 0.001847 0.003518 0.002020 hargrave 2020-02-14 10:06:33 
50uT   170.9 -31.5 170.9 -31.5 8.05E-06 000.5 358.0 -85.5 0.003792 0.005204 0.003580 hargrave 2020-02-17 12:04:16 
70uT   169.5 -30.6 169.5 -30.6 1.10E-05 000.4 016.5 -86.3 0.003736 0.005972 0.003554 hargrave 2020-02-17 14:12:24 
90uT   169.0 -35.2 169.0 -35.2 1.39E-05 000.4 009.5 -81.7 0.005220 0.008863 0.004396 hargrave 2020-02-17 22:53:53 
