BD1- 3b sun compass orientation
      0  58.7  49.0   0.0   0.0   1.0
NRM    295.5  44.7 295.5  44.7 1.87E-02 000.3 250.1  65.6 8.732513 6.345665 4.025534 hargrave 2019-12-18 16:15:21 
100.00 295.6  44.4 295.6  44.4 1.81E-02 000.3 250.8  65.6 6.553137 7.773535 3.477144 hargrave 2019-12-19 09:40:54 
100.10 294.6  44.7 294.6  44.7 1.76E-02 000.2 250.0  64.9 5.389035 8.435516 13.08799 hargrave 2019-12-19 14:28:35 
200.10 291.3  42.4 291.3  42.4 1.47E-02 000.3 254.4  62.3 4.335317 6.437748 4.276531 hargrave 2019-12-20 09:43:46 
200.00 295.1  42.9 295.1  42.9 1.60E-02 000.3 254.3  65.1 4.330666 6.950407 4.617730 hargrave 2019-12-20 12:52:31 
300.00 297.2  42.2 297.2  42.2 1.52E-02 000.4 256.4  66.6 4.557001 6.716037 5.093124 hargrave 2019-12-20 16:44:30 
100.20 296.3  41.0 296.3  41.0 1.46E-02 000.3 259.3  65.7 3.524986 5.946261 5.150407 hargrave 2019-12-21 11:16:01 
300.10 290.0  42.1 290.0  42.1 1.21E-02 000.4 254.8  61.3 3.444972 5.055063 5.130667 hargrave 2019-12-21 14:32:23 
400.10 274.8  41.5 274.8  41.5 7.69E-03 000.4 250.9  50.1 1.426656 3.060367 4.620388 hargrave 2019-12-22 11:49:58 
400.00 296.0  43.2 296.0  43.2 1.18E-02 000.4 253.9  65.8 3.170446 5.121008 5.023405 hargrave 2019-12-22 14:26:18 
425.00 298.0  43.2 298.0  43.2 1.15E-02 000.3 254.3  67.3 2.774416 4.921096 4.494296 hargrave 2019-12-23 10:24:16 
300.20 270.2  38.1 270.2  38.1 5.97E-03 000.4 253.8  45.7 1.613322 2.409555 3.953882 hargrave 2019-12-23 13:28:31 
425.10 253.2  32.2 253.2  32.2 4.88E-03 000.5 252.2  30.6 0.799847 1.644705 3.738062 hargrave 2019-12-24 01:17:53 
450.10 215.0  00.2 215.0  00.2 3.87E-03 000.6 253.8 -17.5 2.233322 0.238713 3.561753 hargrave 2019-12-24 11:18:03 
450.00 290.0  41.3 290.0  41.3 7.35E-03 000.4 256.3  61.1 1.361795 3.436640 4.417361 hargrave 2019-12-25 12:02:17 
475.00 296.0  41.9 296.0  41.9 6.26E-03 000.4 257.0  65.6 1.539950 2.763189 3.208075 hargrave 2019-12-25 15:37:14 
425.20 197.3 -19.5 197.3 -19.5 3.40E-03 000.5 257.5 -43.6 1.875950 0.619471 2.238615 hargrave 2019-12-26 10:27:09 
475.10 163.2 -37.6 163.2 -37.6 1.01E-02 000.3 257.9 -78.3 4.219521 3.515226 1.168628 hargrave 2019-12-26 14:24:04 
500.10 154.9 -39.5 154.9 -39.5 1.75E-02 000.3 254.8 -85.1 6.598985 6.602622 1.649160 hargrave 2019-12-27 11:59:13 
500.00 277.3  37.2 277.3  37.2 1.80E-03 000.4 258.3  50.5 0.289936 0.725199 1.218983 hargrave 2019-12-27 15:54:35 
520.00 286.1  38.3 286.1  38.3 1.24E-03 000.4 260.6  57.4 0.392448 0.443939 0.703850 hargrave 2019-12-28 15:34:46 
475.20 150.7 -39.9 150.7 -39.9 1.76E-02 000.3 235.7 -88.1 7.521443 7.624360 1.758814 hargrave 2019-12-29 14:08:57 
520.10 149.6 -40.1 149.6 -40.1 2.44E-02 000.4 217.8 -88.9 10.69887 10.53729 3.285351 hargrave 2019-12-30 10:31:24 
530.10 148.5 -40.2 148.5 -40.2 2.53E-02 000.4 169.2 -89.1 11.62918 11.22102 4.358828 hargrave 2019-12-30 14:24:37 
530.00 206.5 -12.1 206.5 -12.1 4.94E-04 000.5 257.5 -32.0 0.199055 0.150465 0.323670 hargrave 2019-12-30 20:39:14 
540.00 255.6  32.1 255.6  32.1 3.66E-04 000.5 253.6  32.3 0.186570 0.039364 0.249072 hargrave 2020-01-01 09:44:47 
520.20 147.7 -41.0 147.7 -41.0 2.32E-02 000.4 086.7 -89.2 12.01828 11.58611 5.402111 hargrave 2020-01-01 13:13:02 
540.10 147.4 -40.8 147.4 -40.8 2.39E-02 000.4 102.2 -89.0 11.75015 11.31958 3.569886 hargrave 2020-01-01 17:08:36 
550.10 147.2 -41.5 147.2 -41.5 2.43E-02 000.4 064.0 -88.8 11.02930 10.85146 3.263730 hargrave 2020-01-02 12:39:04 
550.00 212.2  04.9 212.2  04.9 2.22E-04 000.5 248.2 -16.3 0.060589 0.085551 0.187777 hargrave 2020-01-02 17:09:10 
553.00 250.3  27.2 250.3  27.2 2.82E-04 000.4 255.4  25.8 0.064777 0.051363 0.188859 hargrave 2020-01-03 10:44:02 
540.20 148.4 -41.9 148.4 -41.9 2.40E-02 000.4 015.8 -89.1 11.32698 11.78064 5.158996 hargrave 2020-01-03 14:12:27 
553.10 148.0 -42.2 148.0 -42.2 2.52E-02 000.4 022.5 -88.7 11.44052 11.86195 4.763280 hargrave 2020-01-14 15:06:23 
556.10 146.8 -40.9 146.8 -40.9 2.55E-02 000.4 094.5 -88.5 11.90556 10.95547 5.112208 hargrave 2020-01-18 14:01:57 
556.00 205.6 -00.5 205.6 -00.5 2.62E-04 000.5 247.2 -24.7 0.113709 0.093063 0.197298 hargrave 2020-01-19 10:28:24 
559.00 233.1  24.0 233.1  24.0 2.40E-04 000.6 248.1  11.5 0.148831 0.027779 0.191637 hargrave 2020-01-19 13:54:12 
553.20 146.7 -40.3 146.7 -40.3 2.52E-02 000.4 112.6 -88.3 11.31925 10.56507 4.453330 hargrave 2020-01-20 10:25:24 
