BD1- 10b mag compass orientation (IGRF corrected)
      0 281.2  55.0   0.0   0.0   1.0
NRM    284.4  38.5 284.4  38.5 1.41E-02 000.7 124.4  18.7 4.307866 9.466068 13.74221 hargrave 2019-12-18 16:20:25 
100.00 284.7  38.3 284.7  38.3 1.39E-02 000.6 124.3  18.4 5.667278 8.251761 12.25772 hargrave 2019-12-19 09:46:00 
100.10 287.0  39.6 287.0  39.6 1.38E-02 000.6 126.4  17.5 5.422774 6.913961 11.90939 hargrave 2019-12-19 14:34:50 
200.10 287.4  37.2 287.4  37.2 1.33E-02 000.6 124.6  16.0 7.726736 6.644465 11.35606 hargrave 2019-12-20 09:48:53 
200.00 284.6  35.0 284.6  35.0 1.33E-02 000.6 121.3  16.8 6.497131 4.544613 11.59028 hargrave 2019-12-20 12:57:34 
300.00 284.9  35.8 284.9  35.8 1.29E-02 000.6 122.2  17.0 9.476671 3.180346 11.10332 hargrave 2019-12-20 16:49:34 
100.20 286.2  36.4 286.2  36.4 1.29E-02 000.6 123.3  16.4 8.662183 3.847778 11.54586 hargrave 2019-12-21 11:21:57 
300.10 285.4  32.9 285.4  32.9 1.27E-02 000.5 119.8  15.2 6.823671 2.068584 10.77351 hargrave 2019-12-21 14:38:05 
400.10 288.2  31.7 288.2  31.7 1.20E-02 000.6 120.1  12.5 7.566071 3.049728 10.33598 hargrave 2019-12-22 11:54:15 
400.00 289.5  38.0 289.5  38.0 1.20E-02 000.6 126.1  15.1 8.398703 2.931360 10.16537 hargrave 2019-12-22 14:32:17 
425.00 286.0  35.2 286.0  35.2 1.17E-02 000.6 122.2  16.0 9.012549 2.117530 10.00781 hargrave 2019-12-23 10:29:19 
300.20 290.0  36.9 290.0  36.9 1.16E-02 000.6 125.4  14.2 8.522243 2.579200 9.722138 hargrave 2019-12-23 13:32:50 
425.10 286.4  30.4 286.4  30.4 1.14E-02 000.5 118.2  13.0 6.938042 4.197852 9.898573 hargrave 2019-12-24 01:23:45 
450.10 290.3  31.7 290.3  31.7 1.09E-02 000.6 121.1  11.0 8.621469 2.831576 9.701705 hargrave 2019-12-24 11:23:11 
450.00 287.0  33.2 287.0  33.2 1.10E-02 000.5 120.8  14.2 7.509219 4.756162 9.542512 hargrave 2019-12-25 12:06:32 
475.00 285.0  33.1 285.0  33.1 1.02E-02 000.5 119.8  15.5 5.670736 3.768114 8.483703 hargrave 2019-12-25 15:41:29 
425.20 289.2  32.2 289.2  32.2 9.98E-03 000.5 121.0  12.1 5.790285 4.568529 8.874909 hargrave 2019-12-26 10:32:14 
475.10 295.1  30.7 295.1  30.7 9.50E-03 000.6 122.8  07.1 4.550457 4.577928 9.538264 hargrave 2019-12-26 14:29:07 
500.10 305.3  20.5 305.3  20.5 7.74E-03 000.6 120.6 -06.5 1.675053 3.237134 7.212484 hargrave 2019-12-27 12:03:27 
500.00 290.3  30.1 290.3  30.1 6.82E-03 000.5 119.8  10.1 3.194572 3.612282 6.101317 hargrave 2019-12-27 16:00:46 
520.00 290.8  25.7 290.8  25.7 2.15E-03 000.5 116.5  07.2 0.606062 0.673573 1.843803 hargrave 2019-12-28 15:39:50 
475.20 330.9 -04.1 330.9 -04.1 3.21E-03 000.4 120.4 -41.6 0.796069 0.958118 2.219820 hargrave 2019-12-29 14:13:11 
520.10 005.3 -32.7 005.3 -32.7 1.04E-02 000.3 113.7 -84.6 4.156900 3.560941 1.983697 hargrave 2019-12-30 10:35:38 
530.10 007.5 -34.6 007.5 -34.6 1.20E-02 000.3 096.1 -86.9 4.728758 3.749625 1.857606 hargrave 2019-12-30 14:28:52 
530.00 006.4 -33.5 006.4 -33.5 1.13E-03 000.2 109.1 -85.7 0.378961 0.322725 0.271281 hargrave 2019-12-30 20:44:16 
540.00 314.3  19.9 314.3  19.9 5.30E-04 000.4 126.1 -13.1 0.172439 0.241680 0.396680 hargrave 2020-01-01 09:49:51 
520.20 007.9 -35.0 007.9 -35.0 1.23E-02 000.3 089.8 -87.3 5.600234 4.616036 1.738213 hargrave 2020-01-01 13:17:22 
540.10 006.5 -34.2 006.5 -34.2 1.29E-02 000.3 100.6 -86.1 5.777570 5.015237 1.076041 hargrave 2020-01-01 17:12:54 
550.10 006.2 -33.4 006.2 -33.4 1.34E-02 000.3 110.2 -85.6 5.477445 4.866155 0.330424 hargrave 2020-01-02 12:43:18 
550.00 314.8  19.3 314.8  19.3 6.82E-04 000.5 125.9 -13.8 0.196713 0.184724 0.541771 hargrave 2020-01-02 17:14:16 
553.00 308.0  24.8 308.0  24.8 6.74E-04 000.5 125.5 -05.4 0.113669 0.196236 0.548808 hargrave 2020-01-03 10:49:09 
540.20 008.0 -34.6 008.0 -34.6 1.43E-02 000.3 097.0 -87.4 5.663391 5.610593 1.384469 hargrave 2020-01-03 14:16:43 
553.10 008.1 -35.0 008.1 -35.0 1.51E-02 000.3 088.4 -87.5 5.636645 5.939542 2.616954 hargrave 2020-01-14 15:10:39 
556.10 007.4 -32.6 007.4 -32.6 1.57E-02 000.3 126.3 -86.0 7.299147 6.282703 2.319639 hargrave 2020-01-18 14:06:07 
556.00 319.8  18.9 319.8  18.9 6.87E-04 000.4 129.2 -17.3 0.186059 0.246615 0.501266 hargrave 2020-01-19 10:33:24 
559.00 311.2  24.8 311.2  24.8 6.11E-04 000.5 127.5 -07.6 0.194287 0.244000 0.471187 hargrave 2020-01-19 13:58:21 
553.20 007.6 -33.7 007.6 -33.7 1.64E-02 000.3 112.3 -86.8 7.464546 6.478834 2.503633 hargrave 2020-01-20 10:29:37 
