BD1- 2b sun compass orientation
      0  82.0  47.0   0.0   0.0   1.0
NRM    291.1  48.1 291.1  48.1 2.17E-02 000.4 241.1  48.1 8.919763 6.611362 9.725181 hargrave 2019-12-18 16:13:02 
100.00 289.4  50.5 289.4  50.5 2.13E-02 000.3 237.2  47.8 6.265769 10.05556 8.423632 hargrave 2019-12-19 09:39:25 
100.10 287.5  49.3 287.5  49.3 2.07E-02 000.3 238.3  46.3 3.954220 10.77703 8.495488 hargrave 2019-12-19 14:27:05 
200.10 282.6  45.0 282.6  45.0 1.83E-02 000.4 242.3  41.6 5.691022 7.786658 9.376132 hargrave 2019-12-20 09:42:16 
200.00 287.0  46.0 287.0  46.0 1.94E-02 000.3 242.7  44.9 4.080708 7.928864 9.274176 hargrave 2019-12-20 12:51:02 
300.00 289.9  45.0 289.9  45.0 1.87E-02 000.4 245.0  46.4 7.312461 7.497960 9.426469 hargrave 2019-12-20 16:43:01 
100.20 288.4  44.1 288.4  44.1 1.82E-02 000.4 245.6  45.1 5.495827 6.404237 10.02844 hargrave 2019-12-21 11:14:31 
300.10 277.9  45.6 277.9  45.6 1.63E-02 000.4 239.7  38.9 4.298550 6.414522 9.498768 hargrave 2019-12-21 14:29:15 
400.10 263.2  40.0 263.2  40.0 1.27E-02 000.4 239.1  26.8 5.574615 4.143240 9.305777 hargrave 2019-12-22 11:48:29 
400.00 285.3  44.7 285.3  44.7 1.47E-02 000.4 243.6  43.3 3.408420 5.759398 8.615434 hargrave 2019-12-22 14:24:49 
425.00 286.4  48.5 286.4  48.5 1.37E-02 000.4 239.2  45.3 3.785210 5.515634 7.293782 hargrave 2019-12-23 10:22:47 
300.20 265.4  38.3 265.4  38.3 1.07E-02 000.5 241.8  27.2 5.403417 3.667218 7.623818 hargrave 2019-12-23 13:27:02 
425.10 251.1  23.8 251.1  23.8 9.12E-03 000.5 245.3  08.6 2.274733 3.344719 7.616717 hargrave 2019-12-24 01:15:36 
450.10 222.9 -04.5 222.9 -04.5 8.71E-03 000.6 244.3 -30.9 5.924940 0.892917 6.794963 hargrave 2019-12-24 11:14:55 
450.00 269.8  42.3 269.8  42.3 7.86E-03 000.4 240.0  32.2 1.479564 2.895740 5.243405 hargrave 2019-12-25 12:00:49 
475.00 282.0  44.0 282.0  44.0 6.11E-03 000.4 243.3  40.8 1.043175 2.392756 4.015719 hargrave 2019-12-25 15:35:45 
425.20 208.4 -16.3 208.4 -16.3 7.36E-03 000.4 240.5 -49.2 3.916551 1.409964 4.024704 hargrave 2019-12-26 10:25:40 
475.10 187.9 -34.4 187.9 -34.4 1.62E-02 000.4 240.4 -75.0 7.540199 5.897742 3.287542 hargrave 2019-12-26 14:22:35 
500.10 179.9 -39.7 179.9 -39.7 2.63E-02 000.3 243.5 -83.2 11.38015 10.55593 0.845920 hargrave 2019-12-27 11:56:05 
500.00 231.3  18.9 231.3  18.9 1.70E-03 000.5 235.2 -07.6 0.534249 0.386602 1.332146 hargrave 2019-12-27 15:53:06 
520.00 247.5  31.4 247.5  31.4 6.63E-04 000.5 237.5  11.5 0.222292 0.159686 0.508506 hargrave 2019-12-28 15:33:17 
475.20 175.5 -40.8 175.5 -40.8 2.33E-02 000.4 231.6 -86.6 11.11361 10.61075 1.515681 hargrave 2019-12-29 14:07:28 
520.10 173.6 -42.0 173.6 -42.0 3.37E-02 000.4 232.3 -88.5 15.57220 15.23451 4.699788 hargrave 2019-12-30 10:29:56 
530.10 172.5 -42.6 172.5 -42.6 3.38E-02 000.4 226.3 -89.5 16.26945 15.60857 6.469061 hargrave 2019-12-30 14:23:07 
530.00 178.7 -38.2 178.7 -38.2 9.27E-04 000.4 228.9 -83.0 0.484808 0.412563 0.223774 hargrave 2019-12-30 20:37:45 
540.00 174.6 -36.5 174.6 -36.5 4.12E-04 000.3 198.0 -83.2 0.204283 0.132190 0.103957 hargrave 2020-01-01 09:41:59 
520.20 171.5 -43.3 171.5 -43.3 3.01E-02 000.4 053.5 -89.5 15.70255 14.97810 8.068670 hargrave 2020-01-01 13:11:34 
540.10 172.1 -42.9 172.1 -42.9 2.93E-02 000.4 209.6 -89.9 15.49275 14.91032 8.927303 hargrave 2020-01-01 17:07:07 
550.10 172.0 -43.7 172.0 -43.7 2.92E-02 000.4 002.5 -89.3 13.97368 13.69047 5.999495 hargrave 2020-01-02 12:37:35 
550.00 197.1 -28.8 197.1 -28.8 4.15E-04 000.5 243.0 -65.3 0.219982 0.181810 0.230638 hargrave 2020-01-02 17:07:40 
553.00 223.2 -09.8 223.2 -09.8 2.80E-04 000.5 248.9 -34.7 0.067755 0.116442 0.208752 hargrave 2020-01-03 10:42:33 
540.20 172.5 -43.4 172.5 -43.4 2.93E-02 000.4 314.9 -89.5 14.82310 15.29880 6.929850 hargrave 2020-01-03 14:10:58 
553.10 172.8 -43.5 172.8 -43.5 3.03E-02 000.4 311.7 -89.2 14.16492 14.25141 6.968751 hargrave 2020-01-14 15:04:49 
556.10 172.5 -42.5 172.5 -42.5 3.05E-02 000.4 218.6 -89.4 14.58209 13.94463 7.345537 hargrave 2020-01-18 14:00:27 
556.00 204.3 -12.9 204.3 -12.9 3.92E-04 000.4 232.6 -49.0 0.116958 0.140412 0.192164 hargrave 2020-01-19 10:26:55 
559.00 224.2  02.6 224.2  02.6 3.00E-04 000.5 240.3 -24.6 0.103885 0.108039 0.212645 hargrave 2020-01-19 13:52:43 
553.20 171.7 -42.9 171.7 -42.9 3.03E-02 000.4 118.1 -89.7 14.16898 13.43994 7.035887 hargrave 2020-01-20 10:23:56 
