BD1- 8b mag compass orientation (IGRF corrected)
      0 103.2  60.0   0.0   0.0   1.0
NRM    298.2  51.0 298.2  51.0 1.97E-02 000.4 225.7  32.0 6.862597 5.822628 12.96354 hargrave 2019-12-18 16:16:46 
100.00 295.6  55.0 295.6  55.0 1.92E-02 000.4 220.8  31.1 6.292144 9.465758 12.30257 hargrave 2019-12-19 09:42:20 
100.10 292.3  52.4 292.3  52.4 1.86E-02 000.4 223.4  28.7 4.120480 9.291340 12.16416 hargrave 2019-12-19 14:30:05 
200.10 283.5  44.1 283.5  44.1 1.64E-02 000.4 230.1  20.6 6.861410 5.630912 11.90437 hargrave 2019-12-20 09:45:12 
200.00 290.3  47.8 290.3  47.8 1.71E-02 000.4 228.0  26.2 5.191562 5.600173 11.61200 hargrave 2019-12-20 12:53:57 
300.00 293.0  50.3 293.0  50.3 1.63E-02 000.4 225.8  28.6 7.284752 4.989721 10.96066 hargrave 2019-12-20 16:45:56 
100.20 291.2  47.0 291.2  47.0 1.59E-02 000.4 229.0  26.6 6.381783 4.482612 11.43014 hargrave 2019-12-21 11:17:27 
300.10 276.2  46.1 276.2  46.1 1.48E-02 000.5 225.9  16.7 4.801718 4.199061 11.26924 hargrave 2019-12-21 14:33:56 
400.10 257.0  34.0 257.0  34.0 1.32E-02 000.6 228.1 -02.1 8.216014 1.923993 11.55757 hargrave 2019-12-22 11:51:25 
400.00 284.1  47.8 284.1  47.8 1.37E-02 000.4 226.6  22.3 4.931476 4.226740 10.28311 hargrave 2019-12-22 14:27:50 
425.00 290.1  49.0 290.1  49.0 1.30E-02 000.5 226.7  26.5 3.513883 5.132875 9.399392 hargrave 2019-12-23 10:25:42 
300.20 256.6  36.5 256.6  36.5 1.15E-02 000.5 226.0 -00.8 5.734963 2.252938 9.574915 hargrave 2019-12-23 13:29:58 
425.10 246.4  26.8 246.4  26.8 1.18E-02 000.5 227.4 -13.7 4.385258 2.528392 9.637100 hargrave 2019-12-24 01:19:18 
450.10 235.0  11.2 235.0  11.2 1.24E-02 000.5 230.8 -32.4 6.807473 2.114951 8.946551 hargrave 2019-12-24 11:20:17 
450.00 275.8  39.6 275.8  39.6 9.80E-03 000.5 231.8  13.5 2.236811 3.762689 7.749340 hargrave 2019-12-25 12:03:43 
475.00 286.9  45.5 286.9  45.5 8.11E-03 000.5 229.6  23.3 1.485003 3.300808 6.432709 hargrave 2019-12-25 15:38:40 
425.20 230.8  09.7 230.8  09.7 9.21E-03 000.5 228.3 -36.3 4.792947 2.916089 5.810606 hargrave 2019-12-26 10:28:35 
475.10 214.3 -10.4 214.3 -10.4 1.51E-02 000.3 229.5 -62.2 6.527475 4.809165 5.065815 hargrave 2019-12-26 14:25:31 
500.10 204.9 -18.0 204.9 -18.0 2.04E-02 000.3 224.0 -74.0 8.094468 8.232987 1.845648 hargrave 2019-12-27 12:00:39 
500.00 268.2  37.7 268.2  37.7 4.12E-03 000.5 230.5  07.4 0.795147 1.868393 3.372282 hargrave 2019-12-27 15:56:01 
520.00 276.0  44.5 276.0  44.5 2.53E-03 000.5 227.4  15.8 0.582923 1.081177 2.035242 hargrave 2019-12-28 15:36:12 
475.20 199.6 -24.5 199.6 -24.5 2.01E-02 000.3 227.7 -82.1 8.593867 8.564260 0.485473 hargrave 2019-12-29 14:10:22 
520.10 197.5 -26.3 197.5 -26.3 2.64E-02 000.3 226.5 -84.7 11.30157 11.60286 2.458674 hargrave 2019-12-30 10:32:50 
530.10 196.1 -27.1 196.1 -27.1 2.75E-02 000.3 221.5 -86.2 11.80848 11.96599 3.525606 hargrave 2019-12-30 14:26:03 
530.00 242.4  20.9 242.4  20.9 1.62E-03 000.4 229.0 -20.6 0.551613 0.540961 1.086531 hargrave 2019-12-30 20:40:40 
540.00 258.7  34.8 258.7  34.8 1.08E-03 000.4 228.4 -00.6 0.284047 0.086993 0.827888 hargrave 2020-01-01 09:46:13 
520.20 194.8 -28.2 194.8 -28.2 2.61E-02 000.4 217.2 -87.7 12.79985 12.77086 5.217675 hargrave 2020-01-01 13:14:28 
540.10 194.2 -29.0 194.2 -29.0 2.73E-02 000.5 222.7 -88.7 14.87737 15.58377 4.929862 hargrave 2020-01-01 17:10:03 
550.10 193.9 -29.4 193.9 -29.4 2.85E-02 000.4 229.5 -89.2 12.84779 12.93983 3.483727 hargrave 2020-01-02 12:40:31 
550.00 238.3  14.8 238.3  14.8 9.08E-04 000.5 230.6 -27.6 0.312904 0.233578 0.683939 hargrave 2020-01-02 17:10:37 
553.00 247.7  27.4 247.7  27.4 7.80E-04 000.5 227.8 -12.5 0.150164 0.288427 0.665507 hargrave 2020-01-03 10:45:29 
540.20 194.7 -29.0 194.7 -29.0 2.83E-02 000.4 234.7 -88.4 13.12565 13.37526 5.305828 hargrave 2020-01-03 14:13:53 
553.10 194.4 -29.9 194.4 -29.9 3.04E-02 000.4 265.4 -89.0 14.10691 13.93582 4.236097 hargrave 2020-01-14 15:07:49 
556.10 193.1 -28.7 193.1 -28.7 3.12E-02 000.4 175.6 -88.7 13.86707 13.49482 5.902248 hargrave 2020-01-18 14:03:23 
556.00 225.2  12.9 225.2  12.9 8.67E-04 000.4 220.4 -37.2 0.064800 0.290730 0.514030 hargrave 2020-01-19 10:29:50 
559.00 235.0  23.4 235.0  23.4 7.35E-04 000.5 221.7 -23.2 0.105217 0.265219 0.547969 hargrave 2020-01-19 13:55:39 
553.20 193.3 -28.5 193.3 -28.5 3.13E-02 000.4 181.9 -88.5 13.83566 13.78485 5.479612 hargrave 2020-01-20 10:26:49 
