BD2- 4b mag compass orientation (IGRF corrected)
      0  64.7  70.0   0.0   0.0   1.0
NRM    287.2  25.6 287.2  25.6 2.35E-03 000.4 253.4  46.1 1.059320 0.673719 1.256531 hargrave 2019-12-18 16:33:53 
100.00 287.3  24.3 287.3  24.3 2.32E-03 000.4 255.3  46.1 0.772835 0.913237 1.240777 hargrave 2019-12-19 09:58:47 
100.10 286.5  27.1 286.5  27.1 2.30E-03 000.4 251.3  45.5 0.627598 0.979898 1.220991 hargrave 2019-12-19 14:47:09 
200.10 285.5  25.8 285.5  25.8 2.18E-03 000.4 253.0  44.5 0.519224 0.973481 1.207211 hargrave 2019-12-20 10:00:52 
200.00 286.6  26.4 286.6  26.4 2.21E-03 000.4 252.3  45.6 0.500841 0.939313 1.261077 hargrave 2019-12-20 13:09:28 
300.00 287.3  26.8 287.3  26.8 1.82E-03 000.4 251.8  46.2 0.637762 0.785870 1.074826 hargrave 2019-12-20 17:02:16 
100.20 287.3  26.0 287.3  26.0 1.81E-03 000.4 252.9  46.2 0.515701 0.788269 1.074430 hargrave 2019-12-21 11:34:19 
300.10 283.2  23.3 283.2  23.3 1.69E-03 000.4 256.2  42.2 0.497065 0.562285 1.070225 hargrave 2019-12-21 14:52:09 
400.10 256.3  22.8 256.3  22.8 8.76E-04 000.5 251.6  17.8 0.206028 0.305510 0.723237 hargrave 2019-12-22 12:06:14 
400.00 284.2  27.5 284.2  27.5 1.12E-03 000.4 250.6  43.5 0.196580 0.502784 0.689526 hargrave 2019-12-22 14:44:17 
425.00 286.6  25.3 286.6  25.3 1.02E-03 000.5 253.9  45.5 0.304234 0.469545 0.639829 hargrave 2019-12-23 10:40:25 
300.20 274.2  22.8 274.2  22.8 8.73E-04 000.5 255.4  34.0 0.115720 0.407281 0.646194 hargrave 2019-12-23 13:44:48 
425.10 245.3  17.1 245.3  17.1 7.20E-04 000.5 254.0  06.3 0.160514 0.285662 0.629944 hargrave 2019-12-24 01:34:47 
450.10 238.5  17.0 238.5  17.0 6.84E-04 000.5 252.0  00.2 0.216454 0.187244 0.610735 hargrave 2019-12-24 11:36:04 
450.00 283.5  27.0 283.5  27.0 9.03E-04 000.5 251.3  42.9 0.083200 0.413490 0.661502 hargrave 2019-12-25 12:19:13 
475.00 285.1  28.6 285.1  28.6 8.76E-04 000.5 249.1  44.3 0.143816 0.444525 0.647860 hargrave 2019-12-25 15:55:05 
425.20 235.7  14.7 235.7  14.7 6.55E-04 000.5 253.1 -03.2 0.182330 0.219852 0.517398 hargrave 2019-12-26 10:43:20 
475.10 223.9  12.0 223.9  12.0 6.34E-04 000.5 251.0 -14.8 0.159196 0.163747 0.512294 hargrave 2019-12-26 14:42:01 
500.10 218.7  03.9 218.7  03.9 6.33E-04 000.4 256.6 -22.8 0.144647 0.247750 0.478744 hargrave 2019-12-27 12:16:13 
500.00 283.5  28.0 283.5  28.0 7.54E-04 000.5 249.9  42.9 0.149647 0.356282 0.574815 hargrave 2019-12-27 16:13:40 
520.00 284.6  26.7 284.6  26.7 7.08E-04 000.5 251.8  43.8 0.258436 0.302643 0.527844 hargrave 2019-12-28 15:50:55 
475.20 210.0  03.5 210.0  03.5 5.94E-04 000.4 253.0 -30.9 0.195375 0.188448 0.367119 hargrave 2019-12-29 14:25:14 
520.10 198.9 -03.7 198.9 -03.7 6.31E-04 000.3 255.2 -44.0 0.109547 0.192890 0.281163 hargrave 2019-12-30 10:48:25 
530.10 197.8 -11.9 197.8 -11.9 6.73E-04 000.4 265.6 -47.9 0.179656 0.265588 0.304483 hargrave 2019-12-30 14:40:54 
530.00 279.6  23.5 279.6  23.5 6.18E-04 000.5 255.5  39.0 0.293871 0.159988 0.421683 hargrave 2019-12-30 20:56:59 
540.00 281.4  26.9 281.4  26.9 5.88E-04 000.5 251.2  41.0 0.263346 0.195580 0.384465 hargrave 2020-01-01 10:00:55 
520.20 186.9 -14.2 186.9 -14.2 7.63E-04 000.4 264.6 -58.7 0.287564 0.375053 0.302709 hargrave 2020-01-01 13:28:31 
540.10 178.4 -16.8 178.4 -16.8 9.95E-04 000.4 265.9 -67.3 0.353573 0.483411 0.356956 hargrave 2020-01-01 17:24:06 
550.10 171.2 -18.7 171.2 -18.7 1.20E-03 000.4 267.9 -74.4 0.527920 0.511479 0.334728 hargrave 2020-01-02 12:54:33 
550.00 274.3  25.1 274.3  25.1 4.24E-04 000.4 252.7  34.4 0.094880 0.090440 0.281075 hargrave 2020-01-02 17:25:26 
553.00 277.7  29.0 277.7  29.0 4.29E-04 000.4 248.2  37.8 0.140449 0.121650 0.276736 hargrave 2020-01-03 11:01:10 
540.20 169.6 -18.4 169.6 -18.4 1.17E-03 000.4 266.2 -75.9 0.540374 0.509392 0.283352 hargrave 2020-01-03 14:27:03 
553.10 134.0 -27.4 134.0 -27.4 1.47E-03 000.4 274.7 -79.8 0.681841 0.622901 0.270189 hargrave 2020-01-14 15:22:35 
556.10 132.6 -25.7 132.6 -25.7 1.58E-03 000.3 264.1 -80.8 0.620072 0.668027 0.257255 hargrave 2020-01-18 14:18:43 
556.00 233.5  27.7 233.5  27.7 3.28E-04 000.5 251.8  29.6 0.162029 0.086852 0.232128 hargrave 2020-01-19 10:45:59 
559.00 241.2  31.5 241.2  31.5 3.30E-04 000.5 249.5  37.0 0.169409 0.082562 0.224016 hargrave 2020-01-19 14:10:54 
553.20 132.2 -26.3 132.2 -26.3 1.58E-03 000.3 267.5 -81.3 0.611124 0.713116 0.313730 hargrave 2020-01-20 10:42:11 
559.10 161.9 -20.7 161.9 -20.7 1.72E-03 000.4 277.4 -83.2 0.721881 0.783176 0.332832 hargrave 2020-01-20 14:55:32 
562.10 160.7 -19.5 160.7 -19.5 1.69E-03 000.3 265.9 -84.3 0.680134 0.753154 0.316931 hargrave 2020-01-21 08:37:28 
562.00 274.8  25.8 274.8  25.8 2.97E-04 000.5 251.9  34.9 0.181029 0.059451 0.211463 hargrave 2020-01-21 12:23:03 
565.00 276.4  26.6 276.4  26.6 2.89E-04 000.4 251.1  36.5 0.104345 0.047089 0.188754 hargrave 2020-01-21 15:27:56 
559.20 160.5 -20.1 160.5 -20.1 1.74E-03 000.4 272.4 -84.6 0.768949 0.788263 0.313169 hargrave 2020-01-22 10:31:15 
565.10 161.3 -20.5 161.3 -20.5 1.85E-03 000.4 276.2 -83.8 0.801166 0.884214 0.389508 hargrave 2020-01-22 14:32:49 
570.10 158.0 -21.0 158.0 -21.0 1.98E-03 000.4 288.1 -86.7 0.888294 0.899822 0.414964 hargrave 2020-01-23 11:56:00 
570.00 262.4  22.5 262.4  22.5 1.94E-04 000.4 253.3  23.2 0.024188 0.004743 0.139473 hargrave 2020-01-23 15:48:17 
575.00 273.6  26.1 273.6  26.1 1.78E-04 000.4 251.4  34.0 0.062080 0.028263 0.124280 hargrave 2020-01-24 10:45:33 
565.20 157.7 -21.2 157.7 -21.2 1.95E-03 000.4 293.3 -86.9 0.911878 0.906517 0.431415 hargrave 2020-01-24 14:38:27 
575.10 156.8 -21.4 156.8 -21.4 2.03E-03 000.4 306.2 -87.5 1.008690 1.008271 0.472045 hargrave 2020-01-25 14:15:20 
580.10 156.0 -21.6 156.0 -21.6 2.10E-03 000.4 324.1 -88.0 1.007803 1.020014 0.393271 hargrave 2020-01-26 12:17:02 
580.00 269.4  26.5 269.4  26.5 1.29E-04 000.5 250.3  30.3 0.093782 0.039719 0.089594 hargrave 2020-01-26 15:48:48 
585.00 271.5  26.4 271.5  26.4 1.32E-04 000.4 250.8  32.1 0.061808 0.036050 0.086489 hargrave 2020-01-27 12:31:40 
575.20 156.6 -21.7 156.6 -21.7 2.05E-03 000.4 314.9 -87.5 0.931828 0.942826 0.361897 hargrave 2020-01-28 08:26:23 
585.10 155.7 -21.6 155.7 -21.6 2.13E-03 000.4 331.1 -88.1 0.973426 1.043963 0.471837 hargrave 2020-01-30 12:34:38 
