BD2- 2b mag compass orientation (IGRF corrected)
      0  85.7  71.0   0.0   0.0   1.0
NRM    286.1  38.2 286.1  38.2 4.39E-03 000.3 236.1  27.4 0.678575 0.946013 3.152125 hargrave 2019-12-18 16:26:16 
100.00 286.2  39.0 286.2  39.0 4.32E-03 000.3 235.2  27.5 2.097754 1.491963 3.141717 hargrave 2019-12-19 09:51:55 
100.10 284.9  32.2 284.9  32.2 4.23E-03 000.4 242.7  25.9 2.118484 1.252715 3.102335 hargrave 2019-12-19 14:40:55 
200.10 279.5  28.4 279.5  28.4 3.88E-03 000.5 246.0  20.7 2.442821 0.716209 2.936707 hargrave 2019-12-20 09:54:48 
200.00 285.1  30.5 285.1  30.5 4.02E-03 000.4 244.5  25.8 1.918706 0.824968 3.070479 hargrave 2019-12-20 13:03:26 
300.00 286.4  32.1 286.4  32.1 3.56E-03 000.5 242.9  27.2 2.523088 0.630131 2.673079 hargrave 2019-12-20 16:56:14 
100.20 285.4  26.8 285.4  26.8 3.53E-03 000.5 248.7  25.5 2.837358 0.448101 2.784024 hargrave 2019-12-21 11:28:05 
300.10 273.7  27.0 273.7  27.0 3.26E-03 000.6 246.2  15.4 1.581290 1.154527 2.556773 hargrave 2019-12-21 14:46:34 
400.10 257.5  25.5 257.5  25.5 2.63E-03 000.6 243.3  01.1 2.414935 0.629795 2.071200 hargrave 2019-12-22 12:00:09 
400.00 282.0  29.2 282.0  29.2 2.74E-03 000.5 245.5  23.0 1.673960 0.497323 2.080446 hargrave 2019-12-22 14:38:15 
425.00 284.3  31.1 284.3  31.1 2.62E-03 000.6 243.7  25.2 1.855050 0.796793 1.945256 hargrave 2019-12-23 10:35:12 
300.20 266.5  22.4 266.5  22.4 2.42E-03 000.6 248.9  07.9 1.652230 0.783098 1.803258 hargrave 2019-12-23 13:38:44 
425.10 257.8  21.0 257.8  21.0 2.37E-03 000.6 247.6 -00.2 1.235023 0.942232 1.773462 hargrave 2019-12-24 01:29:36 
450.10 253.2  17.7 253.2  17.7 2.30E-03 000.6 249.1 -05.5 1.734121 0.969402 1.620345 hargrave 2019-12-24 11:30:03 
450.00 280.5  24.1 280.5  24.1 2.37E-03 000.6 250.7  20.7 0.699757 1.184173 1.959098 hargrave 2019-12-25 12:13:13 
475.00 283.4  26.3 283.4  26.3 2.32E-03 000.6 248.9  23.7 0.688978 1.154058 1.850844 hargrave 2019-12-25 15:48:12 
425.20 254.0  18.8 254.0  18.8 2.17E-03 000.5 248.4 -04.4 1.247860 0.789674 1.358995 hargrave 2019-12-26 10:38:07 
475.10 248.2  11.3 248.2  11.3 2.20E-03 000.5 253.2 -12.4 1.327974 0.818738 1.233377 hargrave 2019-12-26 14:35:59 
500.10 242.1  11.2 242.1  11.2 2.15E-03 000.4 250.9 -18.0 0.997427 0.720383 1.047462 hargrave 2019-12-27 12:09:20 
500.00 278.9  26.7 278.9  26.7 2.05E-03 000.5 247.6  19.8 0.425683 0.825330 1.610843 hargrave 2019-12-27 16:06:42 
520.00 281.8  24.9 281.8  24.9 1.96E-03 000.5 250.0  22.1 0.229164 0.764359 1.570353 hargrave 2019-12-28 15:45:42 
475.20 239.3  11.2 239.3  11.2 1.96E-03 000.4 249.7 -20.4 1.093557 0.727858 0.912182 hargrave 2019-12-29 14:19:09 
520.10 231.7  02.0 231.7  02.0 2.03E-03 000.4 255.5 -31.1 0.694291 0.710898 0.801076 hargrave 2019-12-30 10:42:21 
530.10 228.4 -00.8 228.4 -00.8 2.09E-03 000.5 257.0 -35.2 0.941152 1.154740 1.016316 hargrave 2019-12-30 14:35:39 
530.00 274.2  17.3 274.2  17.3 1.74E-03 000.5 256.0  13.3 0.681488 0.329746 1.286010 hargrave 2019-12-30 20:51:46 
540.00 278.8  18.5 278.8  18.5 1.66E-03 000.4 256.0  17.8 0.403330 0.282316 1.186446 hargrave 2020-01-01 09:55:43 
520.20 225.1  03.3 225.1  03.3 1.94E-03 000.5 250.7 -36.6 0.976619 1.204976 0.996624 hargrave 2020-01-01 13:24:05 
540.10 218.1 -02.4 218.1 -02.4 2.11E-03 000.5 253.4 -45.3 0.969972 1.293887 0.973219 hargrave 2020-01-01 17:19:38 
550.10 210.9 -03.3 210.9 -03.3 2.23E-03 000.6 249.8 -52.2 1.246484 1.396730 1.116721 hargrave 2020-01-02 12:50:02 
550.00 266.0  17.2 266.0  17.2 1.37E-03 000.4 253.8  05.8 0.494734 0.524277 1.069640 hargrave 2020-01-02 17:20:11 
553.00 269.5  23.4 269.5  23.4 1.35E-03 000.4 248.8  10.7 0.230982 0.497572 1.035016 hargrave 2020-01-03 10:55:53 
540.20 214.4 -00.7 214.4 -00.7 1.93E-03 000.6 248.7 -47.9 1.450665 1.096497 1.045991 hargrave 2020-01-03 14:22:36 
553.10 187.9  02.3 187.9  02.3 1.99E-03 000.5 239.4 -50.5 1.143184 0.765551 1.313258 hargrave 2020-01-14 15:21:04 
556.10 184.2  00.0 184.2  00.0 2.11E-03 000.3 238.8 -54.8 0.243518 0.791481 0.899608 hargrave 2020-01-18 14:17:12 
556.00 222.5  21.8 222.5  21.8 1.23E-03 000.5 241.4 -11.7 0.549514 0.379530 0.950668 hargrave 2020-01-19 10:44:28 
559.00 231.2  26.2 231.2  26.2 1.13E-03 000.5 240.9 -02.7 0.585856 0.340200 0.929557 hargrave 2020-01-19 14:09:23 
553.20 186.9  00.8 186.9  00.8 1.85E-03 000.3 240.3 -52.2 0.163348 0.669055 0.854246 hargrave 2020-01-20 10:40:39 
559.10 200.1 -08.8 200.1 -08.8 2.37E-03 000.5 250.0 -64.3 1.011666 1.389444 0.776868 hargrave 2020-01-20 14:51:47 
562.10 203.9 -10.7 203.9 -10.7 2.40E-03 000.4 257.1 -61.5 0.902815 1.247287 0.733808 hargrave 2020-01-21 08:34:34 
562.00 260.3  15.6 260.3  15.6 1.01E-03 000.5 253.5  00.1 0.500723 0.326815 0.708419 hargrave 2020-01-21 12:20:08 
565.00 264.6  20.5 264.6  20.5 9.63E-04 000.4 250.2  05.6 0.206663 0.347618 0.685061 hargrave 2020-01-21 15:25:01 
559.20 200.0 -10.2 200.0 -10.2 2.17E-03 000.4 253.0 -64.9 0.834721 1.143070 0.531444 hargrave 2020-01-22 10:28:20 
565.10 195.9 -11.8 195.9 -11.8 2.66E-03 000.4 252.7 -69.2 1.181540 1.455629 0.790006 hargrave 2020-01-22 14:28:13 
570.10 187.7 -15.2 187.7 -15.2 3.45E-03 000.4 253.2 -77.9 1.582653 1.757987 0.642316 hargrave 2020-01-23 11:52:18 
570.00 235.2  04.3 235.2  04.3 8.44E-04 000.5 254.7 -27.1 0.316099 0.345423 0.522110 hargrave 2020-01-23 15:45:22 
575.00 265.5  19.2 265.5  19.2 5.92E-04 000.5 251.8  06.0 0.279780 0.169218 0.412171 hargrave 2020-01-24 10:42:37 
565.20 187.5 -15.1 187.5 -15.1 2.89E-03 000.4 252.8 -78.1 1.325253 1.520743 0.686888 hargrave 2020-01-24 14:34:44 
575.10 183.6 -17.0 183.6 -17.0 3.99E-03 000.4 256.7 -82.2 2.022875 2.081165 0.837526 hargrave 2020-01-25 14:11:37 
580.10 180.5 -18.6 180.5 -18.6 4.69E-03 000.4 265.7 -85.4 2.389282 2.370365 0.730382 hargrave 2020-01-26 12:13:17 
580.00 239.8  07.8 239.8  07.8 3.64E-04 000.5 253.2 -21.4 0.071850 0.166106 0.261931 hargrave 2020-01-26 15:45:53 
585.00 252.7  16.7 252.7  16.7 2.87E-04 000.5 249.9 -06.3 0.106427 0.107365 0.218081 hargrave 2020-01-27 12:28:44 
575.20 180.1 -18.8 180.1 -18.8 4.19E-03 000.4 268.0 -85.8 2.061545 2.009944 0.755206 hargrave 2020-01-28 08:22:38 
585.10 178.8 -17.5 178.8 -17.5 4.76E-03 000.4 243.1 -86.7 2.365460 2.289598 0.974534 hargrave 2020-01-30 12:30:54 
