BD2- 3b mag compass orientation (IGRF corrected)
      0  89.7  81.0   0.0   0.0   1.0
NRM    295.5  44.4 295.5  44.4 3.90E-03 000.6 225.1  24.6 2.259314 1.901681 2.862119 hargrave 2019-12-18 16:30:43 
100.00 294.5  42.6 294.5  42.6 3.83E-03 000.4 227.1  24.3 0.621653 1.731612 2.545944 hargrave 2019-12-19 09:56:23 
100.10 292.0  40.8 292.0  40.8 3.77E-03 000.4 229.4  22.7 0.729862 1.523123 2.510584 hargrave 2019-12-19 14:44:44 
200.10 284.9  36.2 284.9  36.2 3.48E-03 000.4 234.7  17.5 0.893015 1.250315 2.510523 hargrave 2019-12-20 09:58:29 
200.00 289.8  34.3 289.8  34.3 3.56E-03 000.4 236.6  21.6 0.775344 0.888221 2.604538 hargrave 2019-12-20 13:07:06 
300.00 291.2  35.3 291.2  35.3 3.20E-03 000.5 235.3  22.7 1.371249 0.902151 2.368631 hargrave 2019-12-20 16:59:54 
100.20 289.3  34.6 289.3  34.6 3.17E-03 000.5 236.2  21.2 1.455364 0.695699 2.367135 hargrave 2019-12-21 11:31:52 
300.10 280.5  33.6 280.5  33.6 3.02E-03 000.5 237.4  13.9 1.166191 0.638988 2.319355 hargrave 2019-12-21 14:49:52 
400.10 267.4  35.0 267.4  35.0 2.50E-03 000.5 235.0  03.3 1.115078 0.541679 2.027608 hargrave 2019-12-22 12:03:50 
400.00 284.5  33.3 284.5  33.3 2.62E-03 000.5 237.8  17.3 0.919217 0.805298 1.982581 hargrave 2019-12-22 14:41:54 
425.00 287.1  33.8 287.1  33.8 2.54E-03 000.5 237.3  19.5 1.150623 0.768642 1.910261 hargrave 2019-12-23 10:38:51 
300.20 273.5  30.8 273.5  30.8 2.40E-03 000.6 239.9  07.9 0.834390 1.031762 2.039494 hargrave 2019-12-23 13:42:25 
425.10 267.6  29.0 267.6  29.0 2.35E-03 000.6 241.0  02.5 0.668511 0.960061 2.092069 hargrave 2019-12-24 01:33:14 
450.10 261.9  31.6 261.9  31.6 2.30E-03 000.6 237.6 -01.8 0.971707 1.024513 2.008904 hargrave 2019-12-24 11:33:41 
450.00 281.8  34.7 281.8  34.7 2.35E-03 000.5 236.3  15.0 0.358384 1.106419 1.958932 hargrave 2019-12-25 12:16:51 
475.00 285.5  35.2 285.5  35.2 2.30E-03 000.6 235.8  18.0 0.426975 1.384864 1.991677 hargrave 2019-12-25 15:52:42 
425.20 265.3  30.6 265.3  30.6 2.20E-03 000.6 239.1  00.8 0.587294 1.217457 1.936546 hargrave 2019-12-26 10:41:46 
475.10 256.3  34.5 256.3  34.5 2.20E-03 000.5 233.7 -05.8 0.399601 1.495056 1.902434 hargrave 2019-12-26 14:39:39 
500.10 252.2  28.6 252.2  28.6 2.14E-03 000.5 238.5 -10.8 0.530706 1.742081 1.922940 hargrave 2019-12-27 12:13:01 
500.00 279.9  32.0 279.9  32.0 2.07E-03 000.6 239.1  13.4 1.178992 1.623429 2.018052 hargrave 2019-12-27 16:11:18 
520.00 282.3  29.8 282.3  29.8 1.96E-03 000.6 241.4  15.4 0.459019 1.476905 1.886157 hargrave 2019-12-28 15:48:33 
475.20 250.7  27.8 250.7  27.8 1.95E-03 000.5 238.8 -12.2 0.717237 1.393618 1.637204 hargrave 2019-12-29 14:22:51 
520.10 239.7  26.2 239.7  26.2 1.96E-03 000.4 236.9 -22.0 0.569847 1.226212 1.483640 hargrave 2019-12-30 10:46:02 
530.10 235.6  23.3 235.6  23.3 1.98E-03 000.4 238.3 -26.5 0.603019 0.764329 1.379209 hargrave 2019-12-30 14:39:20 
530.00 272.5  29.9 272.5  29.9 1.75E-03 000.6 240.7  06.9 1.028544 0.875477 1.515298 hargrave 2019-12-30 20:54:37 
540.00 277.2  31.3 277.2  31.3 1.65E-03 000.5 239.7  11.0 0.846206 0.593266 1.332966 hargrave 2020-01-01 09:59:21 
520.20 236.0  18.4 236.0  18.4 1.81E-03 000.4 243.5 -28.1 0.519341 0.593150 1.182908 hargrave 2020-01-01 13:26:57 
540.10 226.5  14.8 226.5  14.8 1.91E-03 000.3 243.3 -37.8 0.080234 0.662553 1.126737 hargrave 2020-01-01 17:22:32 
550.10 219.6  12.2 219.6  12.2 1.99E-03 000.4 242.5 -45.1 0.456037 0.559956 1.149278 hargrave 2020-01-02 12:52:59 
550.00 262.2  30.2 262.2  30.2 1.39E-03 000.5 239.1 -01.9 0.076109 0.365810 1.097384 hargrave 2020-01-02 17:23:52 
553.00 268.5  29.9 268.5  29.9 1.34E-03 000.5 240.3  03.5 0.156008 0.488179 1.035900 hargrave 2020-01-03 10:59:37 
540.20 222.4  16.0 222.4  16.0 1.74E-03 000.4 239.7 -40.9 0.640322 0.480125 1.180699 hargrave 2020-01-03 14:25:29 
553.10 210.8  03.5 210.8  03.5 2.25E-03 000.5 249.4 -56.6 1.646876 0.922088 1.022290 hargrave 2020-01-14 15:19:30 
556.10 207.2  02.9 207.2  02.9 2.40E-03 000.4 247.8 -60.2 0.873900 1.266167 0.565756 hargrave 2020-01-18 14:15:38 
556.00 261.6  19.9 261.6  19.9 1.17E-03 000.4 249.0 -04.4 0.300746 0.305168 0.827686 hargrave 2020-01-19 10:42:54 
559.00 273.1  18.3 273.1  18.3 1.12E-03 000.5 252.3  06.0 0.426042 0.156052 0.808236 hargrave 2020-01-19 14:07:50 
553.20 210.4  01.2 210.4  01.2 2.09E-03 000.3 253.1 -57.7 0.635788 0.921806 0.433045 hargrave 2020-01-20 10:39:06 
559.10 206.0  06.9 206.0  06.9 2.10E-03 000.3 239.5 -59.4 0.309527 0.793052 0.730369 hargrave 2020-01-20 14:53:16 
562.10 209.7  03.6 209.7  03.6 2.11E-03 000.3 248.4 -57.6 0.301491 0.839200 0.907365 hargrave 2020-01-21 08:36:02 
562.00 255.5  27.4 255.5  27.4 1.04E-03 000.5 240.4 -08.2 0.682127 0.214442 0.833310 hargrave 2020-01-21 12:21:37 
565.00 262.3  26.6 262.3  26.6 9.85E-04 000.5 242.6 -02.5 0.505368 0.226776 0.769889 hargrave 2020-01-21 15:26:30 
559.20 205.5  05.5 205.5  05.5 1.87E-03 000.3 241.5 -60.4 0.266112 0.762661 0.812305 hargrave 2020-01-22 10:29:49 
565.10 201.7  01.0 201.7  01.0 2.37E-03 000.3 246.6 -65.9 0.518384 1.015792 0.811922 hargrave 2020-01-22 14:31:21 
570.10 191.0 -01.1 191.0 -01.1 3.26E-03 000.3 235.5 -76.3 1.144884 1.420188 0.885954 hargrave 2020-01-23 11:53:46 
570.00 224.7  17.8 224.7  17.8 9.29E-04 000.4 238.9 -38.1 0.197099 0.318107 0.569466 hargrave 2020-01-23 15:46:51 
575.00 264.2  29.4 264.2  29.4 5.72E-04 000.5 240.1 -00.4 0.342254 0.156590 0.465203 hargrave 2020-01-24 10:44:07 
565.20 191.9 -04.2 191.9 -04.2 2.65E-03 000.3 249.2 -77.0 0.947912 1.207073 0.591640 hargrave 2020-01-24 14:36:12 
575.10 186.7 -05.2 186.7 -05.2 3.99E-03 000.4 241.7 -82.1 1.701164 1.872097 0.882661 hargrave 2020-01-25 14:13:06 
580.10 183.1 -07.2 183.1 -07.2 4.67E-03 000.4 242.3 -86.2 2.058685 2.162451 0.616757 hargrave 2020-01-26 12:15:36 
580.00 235.1  21.5 235.1  21.5 3.30E-04 000.4 239.9 -27.7 0.099050 0.106774 0.224479 hargrave 2020-01-26 15:47:22 
585.00 255.2  22.6 255.2  22.6 2.56E-04 000.5 245.1 -09.7 0.129203 0.063041 0.192526 hargrave 2020-01-27 12:30:13 
575.20 183.4 -07.7 183.4 -07.7 4.25E-03 000.4 250.2 -86.1 1.881049 1.902477 0.928399 hargrave 2020-01-28 08:24:07 
585.10 182.3 -06.5 182.3 -06.5 4.71E-03 000.4 225.1 -86.4 2.102297 2.144563 0.701509 hargrave 2020-01-30 12:33:12 
