BD5- 3b sun compass orientation
      0  24.4  57.0   0.0   0.0   1.0
NRM    285.3  42.5 285.3  42.5 2.61E-03 000.4 214.5  78.1 1.347340 1.302957 0.525195 hargrave 2019-12-18 16:38:19 
100.00 285.4  42.5 285.4  42.5 2.58E-03 000.4 214.3  78.2 1.202323 1.322293 0.111836 hargrave 2019-12-19 10:03:15 
100.10 286.4  43.3 286.4  43.3 2.54E-03 000.4 209.0  78.0 1.132655 1.292258 0.121913 hargrave 2019-12-19 14:51:44 
200.10 284.7  42.6 284.7  42.6 2.35E-03 000.4 215.7  77.8 1.057707 1.234402 0.325969 hargrave 2019-12-20 10:05:20 
200.00 284.8  42.0 284.8  42.0 2.38E-03 000.4 217.4  78.2 1.101962 1.151340 0.501368 hargrave 2019-12-20 13:13:55 
300.00 284.7  41.5 284.7  41.5 2.23E-03 000.4 219.6  78.5 1.037153 1.121341 0.596179 hargrave 2019-12-20 17:06:43 
100.20 285.2  42.1 285.2  42.1 2.22E-03 000.4 216.0  78.3 0.922298 1.068512 0.469426 hargrave 2019-12-21 11:38:50 
300.10 285.3  42.8 285.3  42.8 2.15E-03 000.4 213.5  77.9 0.919141 1.050503 0.392147 hargrave 2019-12-21 14:56:56 
400.10 284.1  42.7 284.1  42.7 1.90E-03 000.4 216.7  77.4 0.877963 0.987372 0.442097 hargrave 2019-12-22 12:10:41 
400.00 285.6  42.1 285.6  42.1 1.99E-03 000.4 214.9  78.5 0.879655 0.980112 0.507664 hargrave 2019-12-22 14:48:43 
425.00 285.0  40.7 285.0  40.7 1.97E-03 000.4 221.6  79.2 0.916173 0.999062 0.618876 hargrave 2019-12-23 10:44:50 
300.20 285.2  41.8 285.2  41.8 1.88E-03 000.4 217.0  78.5 0.841358 0.924112 0.595357 hargrave 2019-12-23 13:49:15 
425.10 285.6  42.6 285.6  42.6 1.77E-03 000.4 213.1  78.1 0.776135 0.841675 0.466013 hargrave 2019-12-24 01:39:13 
450.10 283.8  42.3 283.8  42.3 1.65E-03 000.4 218.7  77.5 0.722593 0.796259 0.537712 hargrave 2019-12-24 11:40:29 
450.00 285.2  41.2 285.2  41.2 1.79E-03 000.4 219.2  79.0 0.831783 0.882961 0.739479 hargrave 2019-12-25 12:23:38 
475.00 285.0  40.2 285.0  40.2 1.78E-03 000.4 223.6  79.6 0.797875 0.859229 0.797229 hargrave 2019-12-25 15:59:32 
425.20 285.1  42.3 285.1  42.3 1.64E-03 000.4 215.8  78.2 0.709916 0.783961 0.469045 hargrave 2019-12-26 10:47:45 
475.10 283.9  43.1 283.9  43.1 1.49E-03 000.4 216.1  76.9 0.617044 0.683096 0.483667 hargrave 2019-12-26 14:46:26 
500.10 281.3  43.8 281.3  43.8 1.32E-03 000.4 219.6  75.1 0.528618 0.601735 0.505958 hargrave 2019-12-27 12:20:40 
500.00 284.7  41.2 284.7  41.2 1.57E-03 000.4 220.5  78.7 0.657363 0.738851 0.540036 hargrave 2019-12-27 16:18:06 
520.00 283.8  41.1 283.8  41.1 1.41E-03 000.4 222.9  78.3 0.616360 0.643869 0.500955 hargrave 2019-12-28 15:55:20 
475.20 279.2  45.0 279.2  45.0 1.08E-03 000.4 219.9  73.2 0.516096 0.508490 0.446082 hargrave 2019-12-29 14:29:41 
520.10 205.4  60.0 205.4  60.0 4.31E-04 000.5 214.7  28.6 0.221151 0.110651 0.327617 hargrave 2019-12-30 10:52:51 
530.10 178.8  44.1 178.8  44.1 4.10E-04 000.5 220.7  06.9 0.218682 0.118483 0.309141 hargrave 2019-12-30 14:47:00 
530.00 279.8  44.6 279.8  44.6 1.01E-03 000.4 219.9  73.8 0.460695 0.382916 0.338625 hargrave 2019-12-30 21:01:25 
540.00 280.1  41.3 280.1  41.3 9.21E-04 000.4 229.9  76.0 0.436422 0.398453 0.261514 hargrave 2020-01-01 10:05:21 
520.20 143.1  11.4 143.1  11.4 4.69E-04 000.5 216.7 -37.8 0.255435 0.181717 0.314914 hargrave 2020-01-01 13:33:51 
540.10 125.1 -22.7 125.1 -22.7 1.16E-03 000.4 225.4 -76.1 0.587730 0.523298 0.294717 hargrave 2020-01-01 17:29:24 
550.10 120.6 -26.2 120.6 -26.2 1.72E-03 000.4 220.0 -81.3 0.830010 0.683027 0.332938 hargrave 2020-01-02 12:59:56 
550.00 280.6  45.9 280.6  45.9 4.67E-04 000.3 215.4  73.4 0.147829 0.193781 0.102804 hargrave 2020-01-02 17:29:55 
553.00 279.4  43.4 279.4  43.4 4.80E-04 000.3 224.1  74.3 0.167272 0.196876 0.093242 hargrave 2020-01-03 11:05:38 
540.20 117.4 -25.0 117.4 -25.0 1.74E-03 000.4 198.7 -81.5 0.859549 0.616740 0.375132 hargrave 2020-01-03 14:32:18 
553.10 116.5 -26.6 116.5 -26.6 2.19E-03 000.4 207.8 -85.0 1.087496 0.757031 0.598561 hargrave 2020-01-14 15:27:54 
556.10 114.8 -24.3 114.8 -24.3 2.40E-03 000.4 187.1 -83.3 1.121047 1.151316 0.342072 hargrave 2020-01-18 14:24:01 
556.00 278.3  41.1 278.3  41.1 3.67E-04 000.4 226.8  73.9 0.198730 0.161963 0.148039 hargrave 2020-01-19 10:50:26 
559.00 279.0  43.6 279.0  43.6 3.49E-04 000.4 219.0  72.7 0.206777 0.125106 0.156785 hargrave 2020-01-19 14:15:20 
553.20 116.1 -26.1 116.1 -26.1 2.73E-03 000.4 201.9 -84.8 1.303830 1.285989 0.475197 hargrave 2020-01-20 10:47:27 
559.10 115.8 -27.8 115.8 -27.8 2.97E-03 000.4 193.3 -84.7 1.461396 1.427280 0.704388 hargrave 2020-01-20 15:00:19 
562.10 115.1 -27.7 115.1 -27.7 2.97E-03 000.4 186.5 -84.7 1.476488 1.435019 0.649179 hargrave 2020-01-21 08:41:34 
562.00 275.2  43.0 275.2  43.0 3.01E-04 000.4 230.8  71.9 0.190941 0.082779 0.173019 hargrave 2020-01-21 12:27:15 
565.00 279.2  45.4 279.2  45.4 2.83E-04 000.5 219.0  73.0 0.157952 0.152415 0.131687 hargrave 2020-01-21 15:32:03 
559.20 115.5 -28.2 115.5 -28.2 3.31E-03 000.4 191.6 -85.1 1.588348 1.551317 0.525815 hargrave 2020-01-22 10:36:11 
565.10 115.7 -28.4 115.7 -28.4 3.49E-03 000.4 194.1 -85.3 1.741834 1.711328 0.662955 hargrave 2020-01-22 14:37:51 
570.10 115.5 -29.5 115.5 -29.5 3.77E-03 000.4 194.7 -86.4 1.893651 1.809654 0.774134 hargrave 2020-01-23 12:00:07 
570.00 267.8  49.9 267.8  49.9 1.50E-04 000.5 221.3  64.1 0.103775 0.070110 0.081546 hargrave 2020-01-23 15:52:23 
575.00 276.3  45.3 276.3  45.3 1.43E-04 000.6 223.4  71.4 0.110174 0.070083 0.088420 hargrave 2020-01-24 10:49:49 
565.20 114.6 -30.3 114.6 -30.3 4.10E-03 000.4 184.0 -87.3 2.062151 2.008925 0.751461 hargrave 2020-01-24 14:43:23 
575.10 114.2 -30.4 114.2 -30.4 4.32E-03 000.4 176.1 -87.4 2.265559 2.160991 0.857119 hargrave 2020-01-25 14:19:27 
580.10 114.9 -31.5 114.9 -31.5 4.66E-03 000.4 196.4 -88.4 2.405645 2.313401 0.924004 hargrave 2020-01-26 12:21:10 
580.00 267.0  55.8 267.0  55.8 7.01E-05 000.7 211.5  60.3 0.066337 0.047342 0.043522 hargrave 2020-01-26 15:52:56 
585.00 260.1  48.9 260.1  48.9 7.13E-05 000.4 227.9  60.0 0.019848 0.048959 0.031776 hargrave 2020-01-27 12:35:49 
575.20 114.3 -30.2 114.3 -30.2 5.04E-03 000.4 177.9 -87.2 2.520503 2.401377 0.904745 hargrave 2020-01-28 08:30:31 
585.10 116.1 -31.8 116.1 -31.8 5.35E-03 000.4 231.2 -88.2 2.750927 2.671580 1.166117 hargrave 2020-01-30 12:38:45 
