BD5- 2b sun compass orientation
      0  38.4  51.0   0.0   0.0   1.0
NRM    283.2  46.2 283.2  46.2 1.90E-03 000.4 240.4  70.2 0.936938 0.749660 0.660938 hargrave 2019-12-18 16:36:52 
100.00 284.4  47.7 284.4  47.7 1.87E-03 000.3 235.4  70.6 0.637844 0.832007 0.299727 hargrave 2019-12-19 10:01:47 
100.10 284.0  47.2 284.0  47.2 1.84E-03 000.3 237.3  70.5 0.569416 0.799384 0.327429 hargrave 2019-12-19 14:50:13 
200.10 283.9  46.6 283.9  46.6 1.71E-03 000.3 238.9  70.6 0.511280 0.777626 0.345065 hargrave 2019-12-20 10:03:52 
200.00 284.6  45.9 284.6  45.9 1.72E-03 000.3 240.6  71.2 0.576859 0.785203 0.432624 hargrave 2019-12-20 13:12:26 
300.00 285.3  45.3 285.3  45.3 1.64E-03 000.3 242.1  71.8 0.507408 0.765324 0.436312 hargrave 2019-12-20 17:05:14 
100.20 285.0  44.7 285.0  44.7 1.63E-03 000.3 244.3  71.7 0.415468 0.698881 0.437614 hargrave 2019-12-21 11:37:22 
300.10 285.4  46.9 285.4  46.9 1.58E-03 000.4 237.4  71.5 0.488124 0.817129 0.529217 hargrave 2019-12-21 14:55:24 
400.10 283.1  43.9 283.1  43.9 1.42E-03 000.4 247.4  70.5 0.438583 0.738759 0.455821 hargrave 2019-12-22 12:09:12 
400.00 284.9  44.7 284.9  44.7 1.48E-03 000.4 244.2  71.7 0.454634 0.761515 0.448335 hargrave 2019-12-22 14:47:15 
425.00 285.6  44.0 285.6  44.0 1.46E-03 000.4 246.1  72.3 0.428797 0.769398 0.464891 hargrave 2019-12-23 10:43:22 
300.20 284.9  45.6 284.9  45.6 1.39E-03 000.4 241.4  71.5 0.408206 0.707048 0.434850 hargrave 2019-12-23 13:47:47 
425.10 283.9  41.6 283.9  41.6 1.33E-03 000.4 254.2  71.2 0.394242 0.702422 0.554667 hargrave 2019-12-24 01:37:45 
450.10 283.5  44.4 283.5  44.4 1.26E-03 000.4 245.8  70.7 0.350564 0.607985 0.497115 hargrave 2019-12-24 11:39:01 
450.00 285.4  43.2 285.4  43.2 1.35E-03 000.4 249.0  72.2 0.412051 0.668722 0.561585 hargrave 2019-12-25 12:22:10 
475.00 286.0  42.9 286.0  42.9 1.35E-03 000.4 249.7  72.7 0.414576 0.693924 0.588929 hargrave 2019-12-25 15:58:04 
425.20 283.8  43.7 283.8  43.7 1.25E-03 000.4 247.8  71.0 0.363006 0.617212 0.556385 hargrave 2019-12-26 10:46:17 
475.10 282.4  43.4 282.4  43.4 1.16E-03 000.4 248.9  70.0 0.312916 0.573297 0.543208 hargrave 2019-12-26 14:44:59 
500.10 279.8  42.7 279.8  42.7 1.06E-03 000.4 250.9  68.2 0.311718 0.492182 0.553706 hargrave 2019-12-27 12:19:12 
500.00 285.0  41.8 285.0  41.8 1.22E-03 000.4 253.5  72.0 0.349546 0.582525 0.559738 hargrave 2019-12-27 16:16:38 
520.00 285.9  41.3 285.9  41.3 1.16E-03 000.4 255.0  72.7 0.454930 0.561144 0.542968 hargrave 2019-12-28 15:53:52 
475.20 280.4  41.8 280.4  41.8 9.68E-04 000.5 253.5  68.6 0.388138 0.529118 0.526905 hargrave 2019-12-29 14:28:13 
520.10 268.2  43.3 268.2  43.3 6.62E-04 000.6 248.6  59.7 0.369453 0.398997 0.391656 hargrave 2019-12-30 10:51:23 
530.10 263.7  41.6 263.7  41.6 5.89E-04 000.6 250.9  56.2 0.398987 0.339874 0.327850 hargrave 2019-12-30 14:45:31 
530.00 282.8  40.6 282.8  40.6 9.56E-04 000.4 257.3  70.4 0.457260 0.431740 0.395567 hargrave 2019-12-30 20:59:57 
540.00 282.9  42.7 282.9  42.7 8.36E-04 000.4 250.9  70.4 0.405684 0.359010 0.315878 hargrave 2020-01-01 10:03:54 
520.20 238.9  35.1 238.9  35.1 3.68E-04 000.5 250.8  35.8 0.217248 0.096858 0.230239 hargrave 2020-01-01 13:32:20 
540.10 160.9 -20.4 160.9 -20.4 5.24E-04 000.4 245.8 -56.5 0.127064 0.216815 0.232304 hargrave 2020-01-01 17:27:06 
550.10 145.6 -30.8 145.6 -30.8 9.07E-04 000.3 245.1 -73.7 0.359128 0.370178 0.264175 hargrave 2020-01-02 12:57:35 
550.00 279.5  42.6 279.5  42.6 4.97E-04 000.3 251.3  67.9 0.144079 0.157237 0.090002 hargrave 2020-01-02 17:28:26 
553.00 280.8  45.1 280.8  45.1 5.04E-04 000.3 244.4  68.7 0.159630 0.177070 0.083864 hargrave 2020-01-03 11:04:10 
540.20 140.6 -30.2 140.6 -30.2 9.73E-04 000.4 232.4 -76.7 0.416477 0.392269 0.235581 hargrave 2020-01-03 14:30:01 
553.10 122.6 -28.7 122.6 -28.7 1.42E-03 000.3 240.8 -81.8 0.589003 0.496152 0.178047 hargrave 2020-01-14 15:25:32 
556.10 118.9 -26.3 118.9 -26.3 1.65E-03 000.3 211.5 -82.3 0.662162 0.689217 0.396515 hargrave 2020-01-18 14:22:29 
556.00 264.8  37.5 264.8  37.5 3.87E-04 000.4 251.0  65.5 0.183813 0.152170 0.195568 hargrave 2020-01-19 10:48:54 
559.00 267.8  37.3 267.8  37.3 3.57E-04 000.4 251.3  67.9 0.168664 0.156253 0.190588 hargrave 2020-01-19 14:13:49 
553.20 119.0 -28.4 119.0 -28.4 2.05E-03 000.3 221.7 -83.9 0.788560 0.857975 0.460031 hargrave 2020-01-20 10:45:56 
559.10 132.6 -35.4 132.6 -35.4 2.32E-03 000.3 224.1 -85.1 0.983949 0.995310 0.823178 hargrave 2020-01-20 14:58:47 
562.10 131.5 -35.0 131.5 -35.0 2.35E-03 000.3 212.6 -85.3 0.987979 1.058905 0.536424 hargrave 2020-01-21 08:40:11 
562.00 278.8  44.0 278.8  44.0 3.20E-04 000.4 247.7  67.4 0.157629 0.135986 0.184561 hargrave 2020-01-21 12:25:50 
565.00 279.9  44.2 279.9  44.2 3.04E-04 000.5 247.1  68.2 0.204411 0.152724 0.126601 hargrave 2020-01-21 15:30:40 
559.20 130.3 -34.6 130.3 -34.6 2.79E-03 000.4 199.7 -85.4 1.225708 1.245718 0.602877 hargrave 2020-01-22 10:34:47 
565.10 131.2 -34.9 131.2 -34.9 2.99E-03 000.4 209.6 -85.3 1.335924 1.379238 0.742727 hargrave 2020-01-22 14:36:26 
570.10 129.7 -35.8 129.7 -35.8 3.35E-03 000.4 198.5 -86.6 1.540637 1.543028 0.870622 hargrave 2020-01-23 11:58:44 
570.00 263.7  43.3 263.7  43.3 1.55E-04 000.5 247.9  56.5 0.053411 0.093348 0.092030 hargrave 2020-01-23 15:51:01 
575.00 277.0  43.0 277.0  43.0 1.31E-04 000.4 250.2  66.1 0.065542 0.060915 0.079401 hargrave 2020-01-24 10:48:26 
565.20 128.8 -36.5 128.8 -36.5 3.82E-03 000.4 186.7 -87.5 1.800879 1.819069 0.994351 hargrave 2020-01-24 14:41:11 
575.10 128.4 -36.7 128.4 -36.7 4.09E-03 000.4 179.3 -87.7 2.030721 2.024273 1.069929 hargrave 2020-01-25 14:18:04 
580.10 128.4 -37.6 128.4 -37.6 4.54E-03 000.4 181.5 -88.6 2.215460 2.156600 1.007348 hargrave 2020-01-26 12:19:47 
580.00 279.8  43.5 279.8  43.5 6.03E-05 000.7 248.9  68.2 0.069180 0.015265 0.027749 hargrave 2020-01-26 15:51:32 
585.00 262.2  56.5 262.2  56.5 4.79E-05 000.9 224.3  55.2 0.061377 0.043808 0.032769 hargrave 2020-01-27 12:34:25 
575.20 128.2 -36.6 128.2 -36.6 5.16E-03 000.4 176.1 -87.6 2.401596 2.417730 0.936241 hargrave 2020-01-28 08:29:08 
585.10 128.8 -36.9 128.8 -36.9 5.58E-03 000.4 188.6 -87.8 2.670497 2.654415 1.158353 hargrave 2020-01-30 12:37:22 
