BD5- 4b sun compass orientation
      0  23.9  59.0   0.0   0.0   1.0
NRM    284.3  46.2 284.3  46.2 4.47E-03 000.4 203.4  73.1 2.056605 1.972184 1.469213 hargrave 2019-12-18 16:39:51 
100.00 284.5  46.5 284.5  46.5 4.44E-03 000.4 202.4  72.9 1.792490 2.213915 0.557783 hargrave 2019-12-19 10:04:46 
100.10 284.4  46.7 284.4  46.7 4.38E-03 000.4 202.3  72.7 1.710353 2.321118 0.391713 hargrave 2019-12-19 14:53:17 
200.10 285.1  47.1 285.1  47.1 4.11E-03 000.4 200.2  72.6 1.678504 2.213482 0.321081 hargrave 2019-12-20 10:06:52 
200.00 284.8  46.6 284.8  46.6 4.15E-03 000.4 201.6  72.9 1.772942 2.087177 0.487050 hargrave 2019-12-20 13:15:27 
300.00 282.9  45.2 282.9  45.2 3.99E-03 000.4 208.2  73.4 1.758484 2.128764 0.823883 hargrave 2019-12-20 17:08:14 
100.20 285.0  46.3 285.0  46.3 3.97E-03 000.4 201.8  73.2 1.627069 2.060692 0.613817 hargrave 2019-12-21 11:40:25 
300.10 284.4  46.4 284.4  46.4 3.86E-03 000.4 202.8  72.9 1.587262 1.938257 0.682889 hargrave 2019-12-21 14:58:25 
400.10 285.3  47.5 285.3  47.5 3.51E-03 000.4 199.4  72.2 1.533897 1.796998 0.528508 hargrave 2019-12-22 12:12:12 
400.00 285.8  46.5 285.8  46.5 3.64E-03 000.4 199.8  73.3 1.559197 1.853199 0.596418 hargrave 2019-12-22 14:50:14 
425.00 285.8  45.5 285.8  45.5 3.62E-03 000.4 201.2  74.2 1.584082 1.852926 0.687444 hargrave 2019-12-23 10:46:20 
300.20 286.8  46.5 286.8  46.5 3.49E-03 000.4 197.5  73.6 1.544188 1.704064 0.670665 hargrave 2019-12-23 13:50:46 
425.10 286.4  46.4 286.4  46.4 3.32E-03 000.4 198.4  73.6 1.441963 1.481043 0.682367 hargrave 2019-12-24 01:40:41 
450.10 285.3  46.7 285.3  46.7 3.15E-03 000.4 200.5  73.0 1.406365 1.392320 0.808615 hargrave 2019-12-24 11:41:59 
450.00 286.6  45.6 286.6  45.6 3.34E-03 000.4 199.1  74.3 1.524391 1.436547 0.860596 hargrave 2019-12-25 12:25:09 
475.00 285.5  44.6 285.5  44.6 3.37E-03 000.4 203.5  74.8 1.588875 1.493787 1.117836 hargrave 2019-12-25 16:01:03 
425.20 286.8  46.5 286.8  46.5 3.16E-03 000.4 197.5  73.6 1.367204 1.248756 0.886952 hargrave 2019-12-26 10:49:16 
475.10 285.2  47.1 285.2  47.1 2.95E-03 000.4 200.1  72.6 1.239434 1.094141 0.948294 hargrave 2019-12-26 14:47:57 
500.10 282.7  47.4 282.7  47.4 2.71E-03 000.4 204.5  71.5 1.199047 1.032989 1.278709 hargrave 2019-12-27 12:22:11 
500.00 285.5  45.1 285.5  45.1 3.07E-03 000.4 202.6  74.4 1.329941 1.163542 1.117758 hargrave 2019-12-27 16:19:36 
520.00 285.8  44.9 285.8  44.9 3.02E-03 000.4 202.1  74.7 1.372832 1.124960 1.123148 hargrave 2019-12-28 15:56:51 
475.20 284.1  47.2 284.1  47.2 2.63E-03 000.4 202.2  72.2 1.263732 0.929507 1.150952 hargrave 2019-12-29 14:31:12 
520.10 280.1  50.6 280.1  50.6 2.12E-03 000.4 203.6  67.9 1.038649 0.614733 1.121796 hargrave 2019-12-30 10:54:23 
530.10 277.0  51.9 277.0  51.9 1.95E-03 000.4 205.9  65.7 0.965013 0.524373 1.161132 hargrave 2019-12-30 14:48:31 
530.00 281.9  46.6 281.9  46.6 2.53E-03 000.4 207.2  71.8 1.237077 0.814416 1.190307 hargrave 2019-12-30 21:02:57 
540.00 283.2  45.7 283.2  45.7 2.10E-03 000.4 206.5  73.1 1.063474 0.765312 0.882987 hargrave 2020-01-01 10:06:52 
520.20 260.9  56.6 260.9  56.6 1.15E-03 000.4 212.1  55.6 0.501942 0.352436 0.782873 hargrave 2020-01-01 13:35:22 
540.10 131.9 -10.3 131.9 -10.3 1.46E-03 000.4 222.7 -63.4 0.670773 0.785894 0.462605 hargrave 2020-01-01 17:30:56 
550.10 121.7 -24.0 121.7 -24.0 2.96E-03 000.4 226.6 -80.2 1.540248 1.327735 0.422839 hargrave 2020-01-02 13:01:28 
550.00 274.1  52.1 274.1  52.1 8.28E-04 000.3 208.9  64.4 0.226161 0.318752 0.303829 hargrave 2020-01-02 17:31:26 
553.00 278.2  48.2 278.2  48.2 8.87E-04 000.3 210.2  69.0 0.306848 0.403857 0.229462 hargrave 2020-01-03 11:07:09 
540.20 119.3 -22.3 119.3 -22.3 2.47E-03 000.4 210.5 -80.1 1.343709 1.023259 0.568046 hargrave 2020-01-03 14:33:50 
553.10 136.7 -04.7 136.7 -04.7 3.61E-03 000.4 227.6 -85.2 1.949771 1.563783 0.844253 hargrave 2020-01-14 15:29:25 
556.10 135.5 -02.6 135.5 -02.6 3.87E-03 000.4 203.6 -84.1 1.851626 1.928046 0.295439 hargrave 2020-01-18 14:25:33 
556.00 297.7  28.7 297.7  28.7 6.00E-04 000.4 213.1  64.8 0.234971 0.161890 0.296796 hargrave 2020-01-19 10:51:58 
559.00 301.1  27.6 301.1  27.6 5.44E-04 000.4 208.7  67.4 0.212931 0.190196 0.275436 hargrave 2020-01-19 14:16:51 
553.20 135.3 -03.4 135.3 -03.4 4.20E-03 000.4 206.0 -84.9 2.027228 2.017216 0.464050 hargrave 2020-01-20 10:49:47 
559.10 116.3 -27.2 116.3 -27.2 4.57E-03 000.4 209.6 -85.6 2.294006 2.275110 0.854258 hargrave 2020-01-20 15:01:48 
562.10 116.1 -27.8 116.1 -27.8 4.53E-03 000.4 211.4 -86.3 2.164218 2.226941 0.771584 hargrave 2020-01-21 08:43:00 
562.00 271.7  49.1 271.7  49.1 4.68E-04 000.6 216.5  65.4 0.287783 0.195973 0.368655 hargrave 2020-01-21 12:28:41 
565.00 276.5  50.2 276.5  50.2 4.69E-04 000.5 209.0  66.8 0.296569 0.238421 0.261308 hargrave 2020-01-21 15:33:28 
559.20 116.7 -28.8 116.7 -28.8 4.92E-03 000.4 228.1 -86.7 2.447275 2.544521 1.004605 hargrave 2020-01-22 10:37:36 
565.10 116.1 -28.5 116.1 -28.5 5.20E-03 000.4 217.7 -86.8 2.629527 2.682312 1.039106 hargrave 2020-01-22 14:39:19 
570.10 115.6 -29.7 115.6 -29.7 5.68E-03 000.4 228.7 -88.0 2.887146 2.908683 1.170463 hargrave 2020-01-23 12:01:32 
570.00 251.9  58.9 251.9  58.9 2.04E-04 000.6 212.8  50.4 0.135086 0.099611 0.147493 hargrave 2020-01-23 15:53:50 
575.00 271.7  48.8 271.7  48.8 1.84E-04 000.7 216.9  65.5 0.137535 0.108352 0.143081 hargrave 2020-01-24 10:51:16 
565.20 115.0 -30.4 115.0 -30.4 6.08E-03 000.4 238.9 -88.9 3.152032 3.155016 1.367773 hargrave 2020-01-24 14:44:49 
575.10 114.3 -30.3 114.3 -30.3 6.47E-03 000.4 208.1 -89.2 3.415108 3.350796 1.308902 hargrave 2020-01-25 14:20:52 
580.10 114.6 -31.3 114.6 -31.3 6.96E-03 000.4 296.2 -89.3 3.642206 3.564676 1.324105 hargrave 2020-01-26 12:22:37 
580.00 238.8  68.9 238.8  68.9 6.07E-05 000.8 203.1  41.1 0.076863 0.027084 0.051666 hargrave 2020-01-26 15:54:21 
585.00 257.9  66.6 257.9  66.6 6.49E-05 000.7 200.6  48.4 0.069974 0.032856 0.044829 hargrave 2020-01-27 12:37:16 
575.20 114.5 -30.5 114.5 -30.5 7.52E-03 000.4 223.0 -89.3 3.788618 3.698549 1.125412 hargrave 2020-01-28 08:31:57 
585.10 114.3 -32.9 114.3 -32.9 8.02E-03 000.4 350.1 -88.1 4.131012 4.080869 1.479143 hargrave 2020-01-30 12:40:12 
