BD6- 1b mag compass orientation (IGRF corrected)
      0  43.1  82.0   0.0   0.0   1.0
NRM    278.2  36.8 278.2  36.8 5.65E-03 000.6 222.3  47.2 3.911377 3.866128 3.206022 hargrave 2019-12-18 16:41:21 
100.00 277.5  36.4 277.5  36.4 5.54E-03 000.4 223.4  47.0 1.700326 2.803246 2.561871 hargrave 2019-12-19 10:06:18 
100.10 278.8  38.8 278.8  38.8 5.45E-03 000.4 219.6  46.4 1.410198 2.666137 2.250295 hargrave 2019-12-19 14:54:51 
200.10 279.6  39.1 279.6  39.1 5.04E-03 000.4 218.7  46.7 1.137846 2.631620 2.075728 hargrave 2019-12-20 10:08:24 
200.00 280.5  38.0 280.5  38.0 5.08E-03 000.4 219.4  48.0 1.274390 2.110652 2.332181 hargrave 2019-12-20 13:16:58 
300.00 281.6  36.0 281.6  36.0 4.92E-03 000.4 221.1  49.9 1.364584 2.126302 2.554600 hargrave 2019-12-20 17:09:46 
100.20 284.5  39.4 284.5  39.4 4.88E-03 000.4 214.8  49.5 1.082687 2.329283 2.276783 hargrave 2019-12-21 11:42:01 
300.10 283.5  39.8 283.5  39.8 4.77E-03 000.4 215.1  48.7 1.308837 2.078992 2.384285 hargrave 2019-12-21 14:59:50 
400.10 283.0  40.9 283.0  40.9 4.32E-03 000.4 214.2  47.6 1.121424 2.077998 2.127723 hargrave 2019-12-22 12:13:44 
400.00 284.6  38.4 284.6  38.4 4.43E-03 000.4 215.8  50.2 1.157609 2.262262 2.319695 hargrave 2019-12-22 14:51:45 
425.00 285.9  36.5 285.9  36.5 4.35E-03 000.4 216.9  52.2 1.228625 1.934791 2.400966 hargrave 2019-12-23 10:47:51 
300.20 283.9  37.4 283.9  37.4 4.19E-03 000.5 217.6  50.5 1.490804 2.169321 2.647676 hargrave 2019-12-23 13:52:18 
425.10 287.8  42.2 287.8  42.2 3.98E-03 000.5 209.0  49.2 0.820371 2.790257 2.428049 hargrave 2019-12-24 01:43:00 
450.10 283.5  40.9 283.5  40.9 3.80E-03 000.5 213.9  47.9 1.009815 2.279100 2.504698 hargrave 2019-12-24 11:43:30 
450.00 289.2  40.1 289.2  40.1 3.98E-03 000.5 209.9  51.5 1.002719 2.655151 2.547379 hargrave 2019-12-25 12:26:39 
475.00 287.7  35.9 287.7  35.9 3.95E-03 000.6 216.0  53.8 1.499699 2.686039 3.202601 hargrave 2019-12-25 16:02:35 
425.20 285.2  38.3 285.2  38.3 3.70E-03 000.6 215.3  50.6 1.320852 2.753515 3.021929 hargrave 2019-12-26 10:50:48 
475.10 281.6  39.0 281.6  39.0 3.47E-03 000.7 217.5  48.0 1.897241 2.755530 2.871310 hargrave 2019-12-26 14:49:28 
500.10 280.0  41.5 280.0  41.5 3.18E-03 000.8 215.8  45.5 1.231502 3.742998 3.146122 hargrave 2019-12-27 12:23:42 
500.00 288.7  37.9 288.7  37.9 3.44E-03 000.6 212.8  52.9 0.886856 3.141969 2.667938 hargrave 2019-12-27 16:21:07 
520.00 290.7  37.5 290.7  37.5 3.31E-03 000.7 211.1  54.2 1.603977 3.068540 2.798909 hargrave 2019-12-28 15:59:11 
475.20 282.6  42.1 282.6  42.1 2.87E-03 000.8 213.3  46.6 1.738673 2.787049 2.506174 hargrave 2019-12-29 14:32:45 
520.10 274.3  48.5 274.3  48.5 2.43E-03 000.8 211.8  38.0 1.813960 2.429817 2.166951 hargrave 2019-12-30 10:55:54 
530.10 269.5  51.5 269.5  51.5 2.24E-03 000.8 211.1  33.8 1.998644 2.227613 1.940404 hargrave 2019-12-30 14:50:03 
530.00 284.0  40.1 284.0  40.1 2.69E-03 000.7 214.3  48.7 2.096268 2.153599 1.983025 hargrave 2019-12-30 21:04:28 
540.00 289.6  37.0 289.6  37.0 2.61E-03 000.7 212.9  54.0 1.951863 1.830464 1.625349 hargrave 2020-01-01 10:08:24 
520.20 257.2  51.6 257.2  51.6 1.79E-03 000.7 215.3  27.0 1.194960 1.283843 1.430599 hargrave 2020-01-01 13:36:53 
540.10 187.1  47.1 187.1  47.1 1.61E-03 000.4 215.2 -17.1 0.462915 1.072532 1.216054 hargrave 2020-01-01 17:32:28 
550.10 145.8  11.6 145.8  11.6 3.29E-03 000.3 212.9 -66.7 0.730732 1.143276 1.100537 hargrave 2020-01-02 13:03:53 
550.00 248.3  59.7 248.3  59.7 1.04E-03 000.5 209.0  19.5 0.378546 0.621764 0.704720 hargrave 2020-01-02 17:32:58 
553.00 288.0  41.4 288.0  41.4 1.15E-03 000.4 209.6  49.9 0.395494 0.602654 0.471723 hargrave 2020-01-03 11:08:40 
540.20 146.0  13.1 146.0  13.1 2.38E-03 000.3 211.3 -65.3 0.819169 0.709174 0.964378 hargrave 2020-01-03 14:35:22 
553.10 143.8  05.7 143.8  05.7 5.44E-03 000.4 217.3 -79.0 2.402485 2.342621 1.727327 hargrave 2020-01-14 15:30:53 
556.10 138.6  06.7 138.6  06.7 5.87E-03 000.3 188.7 -80.2 1.619898 2.768702 2.087036 hargrave 2020-01-18 14:27:50 
556.00 299.1  39.9 299.1  39.9 6.17E-04 000.5 201.5  49.7 0.316185 0.258703 0.385475 hargrave 2020-01-19 10:53:26 
559.00 305.3  30.3 305.3  30.3 6.16E-04 000.4 201.0  60.6 0.260171 0.184614 0.326653 hargrave 2020-01-19 14:18:18 
553.20 139.0  05.3 139.0  05.3 5.95E-03 000.3 192.7 -81.5 1.799135 2.760428 1.834952 hargrave 2020-01-20 10:51:16 
559.10 137.0 -00.7 137.0 -00.7 6.43E-03 000.3 208.3 -81.7 2.020547 2.919430 1.253386 hargrave 2020-01-20 15:03:18 
562.10 134.2 -01.1 134.2 -01.1 6.36E-03 000.3 188.7 -83.0 2.129243 2.962040 1.827025 hargrave 2020-01-21 08:44:29 
562.00 294.6  38.1 294.6  38.1 4.89E-04 000.6 206.3  55.6 0.313938 0.143359 0.359695 hargrave 2020-01-21 12:30:10 
565.00 300.2  37.0 300.2  37.0 5.14E-04 000.5 200.2  58.7 0.269862 0.182995 0.275880 hargrave 2020-01-21 15:34:57 
559.20 134.4 -01.3 134.4 -01.3 6.35E-03 000.3 190.7 -83.2 2.283842 3.136987 1.818878 hargrave 2020-01-22 10:39:05 
565.10 134.1 -01.1 134.1 -01.1 6.64E-03 000.3 188.1 -83.0 2.284423 3.208937 1.885071 hargrave 2020-01-22 14:42:28 
570.10 136.2 -02.9 136.2 -02.9 6.97E-03 000.3 211.2 -84.0 2.433547 3.337002 2.002696 hargrave 2020-01-23 12:03:01 
570.00 292.5  47.0 292.5  47.0 2.80E-04 000.5 200.7  47.2 0.145237 0.112166 0.172925 hargrave 2020-01-23 15:55:19 
575.00 303.6  37.8 303.6  37.8 2.83E-04 000.5 194.6  59.0 0.136079 0.091466 0.208148 hargrave 2020-01-24 10:52:45 
565.20 135.0 -03.4 135.0 -03.4 7.00E-03 000.3 202.2 -85.0 2.568907 3.279812 1.710756 hargrave 2020-01-24 14:46:18 
575.10 134.7 -03.3 134.7 -03.3 7.28E-03 000.3 198.6 -85.1 2.863088 3.471461 1.461612 hargrave 2020-01-25 14:22:22 
580.10 136.1 -04.0 136.1 -04.0 7.48E-03 000.3 216.9 -85.0 2.891852 3.582868 1.381029 hargrave 2020-01-26 12:24:06 
580.00 291.5  46.7 291.5  46.7 1.07E-04 000.5 201.7  47.1 0.073726 0.026051 0.062788 hargrave 2020-01-26 15:55:51 
585.00 297.8  40.4 297.8  40.4 1.11E-04 000.6 200.4  54.9 0.113402 0.032050 0.066206 hargrave 2020-01-27 12:38:47 
575.20 135.3 -03.7 135.3 -03.7 7.40E-03 000.3 207.3 -85.1 2.746677 3.420114 1.251883 hargrave 2020-01-28 08:33:27 
585.10 136.7 -05.3 136.7 -05.3 7.56E-03 000.3 233.6 -85.6 2.971323 3.425842 0.565166 hargrave 2020-01-30 12:41:41 
