BD6- 3b mag compass orientation (IGRF corrected)
      0  42.1  91.0   0.0   0.0   1.0
NRM    280.6  32.7 280.6  32.7 2.17E-03 000.4 218.4  45.1 1.003632 0.809933 1.161764 hargrave 2019-12-18 16:45:06 
100.00 281.1  32.6 281.1  32.6 2.15E-03 000.4 218.2  45.5 0.474383 1.054988 0.825903 hargrave 2019-12-19 10:09:15 
100.10 282.0  34.2 282.0  34.2 2.10E-03 000.4 215.8  44.9 0.617659 0.907316 0.809687 hargrave 2019-12-19 14:58:40 
200.10 284.9  35.0 284.9  35.0 1.95E-03 000.3 212.6  46.0 0.334869 0.818220 0.764137 hargrave 2019-12-20 10:12:13 
200.00 284.2  32.1 284.2  32.1 1.99E-03 000.3 216.1  47.6 0.514758 0.746624 0.765294 hargrave 2019-12-20 13:20:42 
300.00 283.7  28.3 283.7  28.3 1.94E-03 000.4 220.6  50.0 0.597913 0.836577 0.832102 hargrave 2019-12-20 17:14:28 
100.20 286.9  32.1 286.9  32.1 1.92E-03 000.3 213.5  49.2 0.476143 0.786646 0.728813 hargrave 2019-12-21 11:46:43 
300.10 287.5  33.9 287.5  33.9 1.85E-03 000.3 211.2  48.1 0.527228 0.564674 0.595832 hargrave 2019-12-21 15:03:26 
400.10 287.0  35.3 287.0  35.3 1.67E-03 000.3 210.4  46.8 0.273908 0.745031 0.669873 hargrave 2019-12-22 12:16:39 
400.00 288.6  31.8 288.6  31.8 1.75E-03 000.3 212.2  50.4 0.363269 0.785462 0.651818 hargrave 2019-12-22 14:55:32 
425.00 289.3  30.3 289.3  30.3 1.72E-03 000.4 212.8  51.9 0.417363 0.923998 0.756662 hargrave 2019-12-23 10:50:46 
300.20 289.6  34.0 289.6  34.0 1.63E-03 000.4 209.0  49.2 0.364414 0.877698 0.690625 hargrave 2019-12-23 13:55:14 
425.10 286.3  32.7 286.3  32.7 1.54E-03 000.5 213.5  48.4 0.405968 0.910232 0.816567 hargrave 2019-12-24 01:45:55 
450.10 286.5  34.4 286.5  34.4 1.46E-03 000.4 211.6  47.2 0.347716 0.779101 0.755424 hargrave 2019-12-24 11:46:24 
450.00 292.3  32.5 292.3  32.5 1.56E-03 000.4 207.5  51.7 0.503657 0.811375 0.764087 hargrave 2019-12-25 12:29:34 
475.00 292.0  30.3 292.0  30.3 1.54E-03 000.5 209.7  53.3 0.561940 0.801115 0.840218 hargrave 2019-12-25 16:06:19 
425.20 289.7  34.2 289.7  34.2 1.41E-03 000.5 208.7  49.0 0.451470 0.776156 0.765256 hargrave 2019-12-26 10:54:32 
475.10 288.4  36.3 288.4  36.3 1.31E-03 000.5 208.2  46.7 0.416374 0.795799 0.759876 hargrave 2019-12-26 14:52:22 
500.10 283.4  36.4 283.4  36.4 1.19E-03 000.6 212.5  44.1 0.638447 0.650800 0.843409 hargrave 2019-12-27 12:27:27 
500.00 293.3  31.5 293.3  31.5 1.32E-03 000.5 207.1  52.9 0.614612 0.697453 0.768481 hargrave 2019-12-27 16:24:51 
520.00 293.2  30.2 293.2  30.2 1.25E-03 000.5 208.4  54.0 0.610319 0.617231 0.735478 hargrave 2019-12-28 16:02:55 
475.20 284.8  40.9 284.8  40.9 9.95E-04 000.6 207.5  41.3 0.579004 0.479681 0.702405 hargrave 2019-12-29 14:36:31 
520.10 271.7  49.7 271.7  49.7 8.22E-04 000.6 208.5  28.6 0.547760 0.402716 0.658482 hargrave 2019-12-30 11:00:27 
530.10 259.9  53.1 259.9  53.1 7.47E-04 000.5 210.5  20.7 0.471914 0.182825 0.574449 hargrave 2019-12-30 14:53:48 
530.00 291.2  34.1 291.2  34.1 1.02E-03 000.5 207.3  49.8 0.610854 0.287028 0.649252 hargrave 2019-12-30 21:08:12 
540.00 292.5  29.3 292.5  29.3 9.79E-04 000.5 210.1  54.3 0.491181 0.339704 0.538570 hargrave 2020-01-01 10:12:08 
520.20 212.1  58.9 212.1  58.9 5.88E-04 000.4 210.8 -06.0 0.169836 0.088941 0.395984 hargrave 2020-01-01 13:40:38 
540.10 159.5  39.5 159.5  39.5 7.84E-04 000.4 209.6 -44.1 0.193930 0.383463 0.327766 hargrave 2020-01-01 17:36:15 
550.10 141.4  20.1 141.4  20.1 1.32E-03 000.4 204.8 -68.9 0.597694 0.600454 0.231268 hargrave 2020-01-02 13:06:49 
550.00 289.4  37.4 289.4  37.4 5.72E-04 000.4 206.4  46.2 0.183822 0.271732 0.289970 hargrave 2020-01-02 17:35:56 
553.00 297.7  31.5 297.7  31.5 6.35E-04 000.4 201.6  54.8 0.174384 0.278580 0.246927 hargrave 2020-01-03 11:11:36 
540.20 137.2  16.8 137.2  16.8 1.40E-03 000.4 197.5 -73.4 0.678635 0.558942 0.303871 hargrave 2020-01-03 14:39:07 
553.10 141.5  04.2 141.5  04.2 2.11E-03 000.4 221.7 -80.4 1.123170 0.922518 0.455556 hargrave 2020-01-14 15:33:53 
556.10 139.0  06.4 139.0  06.4 2.38E-03 000.4 202.3 -79.8 0.981445 1.193206 0.179121 hargrave 2020-01-18 14:30:49 
556.00 296.4  33.5 296.4  33.5 4.35E-04 000.5 207.6  54.9 0.236177 0.136886 0.285104 hargrave 2020-01-19 10:56:24 
559.00 298.2  32.7 298.2  32.7 3.31E-04 000.5 206.2  56.4 0.168930 0.148768 0.229505 hargrave 2020-01-19 14:21:16 
553.20 136.8  03.6 136.8  03.6 2.74E-03 000.4 194.5 -83.2 1.182815 1.337600 0.328029 hargrave 2020-01-20 10:54:14 
559.10 134.7  05.9 134.7  05.9 3.08E-03 000.4 207.6 -84.5 1.378569 1.488026 0.557792 hargrave 2020-01-20 15:07:50 
562.10 133.6  06.6 133.6  06.6 3.08E-03 000.4 194.7 -84.2 1.418487 1.520151 0.430509 hargrave 2020-01-21 08:48:51 
562.00 290.7  38.2 290.7  38.2 2.48E-04 000.7 204.5  46.1 0.203692 0.097491 0.246715 hargrave 2020-01-21 12:35:22 
565.00 289.7  35.3 289.7  35.3 2.56E-04 000.7 207.8  48.1 0.201850 0.134142 0.179405 hargrave 2020-01-21 15:40:08 
559.20 132.7  06.2 132.7  06.2 3.18E-03 000.4 186.7 -84.8 1.534703 1.602425 0.410436 hargrave 2020-01-22 10:43:28 
565.10 132.7  06.7 132.7  06.7 3.35E-03 000.4 186.2 -84.3 1.611023 1.691225 0.429574 hargrave 2020-01-22 14:46:56 
570.10 133.7  04.1 133.7  04.1 3.63E-03 000.4 206.7 -86.5 1.752023 1.801773 0.497166 hargrave 2020-01-23 12:07:23 
570.00 268.2  55.5 268.2  55.5 1.22E-04 000.6 205.3  23.2 0.083133 0.036657 0.097481 hargrave 2020-01-23 16:00:30 
575.00 297.2  32.6 297.2  32.6 1.29E-04 000.7 201.3  53.6 0.092904 0.078232 0.110309 hargrave 2020-01-24 10:57:57 
565.20 133.7  04.1 133.7  04.1 3.67E-03 000.4 207.6 -86.5 1.809385 1.829126 0.765004 hargrave 2020-01-24 14:50:42 
575.10 133.8  04.0 133.8  04.0 3.93E-03 000.4 209.6 -86.6 1.991152 2.032112 0.562683 hargrave 2020-01-25 14:26:45 
580.10 132.7  03.7 132.7  03.7 3.99E-03 000.4 192.3 -87.2 2.068296 2.115250 0.494350 hargrave 2020-01-26 12:28:33 
580.00 282.7  42.3 282.7  42.3 6.19E-05 000.9 207.9  39.2 0.099205 0.052684 0.042072 hargrave 2020-01-26 16:01:03 
585.00 293.4  43.2 293.4  43.2 6.71E-05 000.7 198.6  42.7 0.051787 0.073072 0.042319 hargrave 2020-01-27 12:44:01 
575.20 133.0  03.7 133.0  03.7 4.04E-03 000.4 197.4 -87.2 2.041286 2.087892 0.374413 hargrave 2020-01-28 08:37:52 
585.10 133.5  02.8 133.5  02.8 4.21E-03 000.4 217.8 -87.7 2.152216 2.137994 0.384228 hargrave 2020-01-30 12:47:41 
