BD6- 4b mag compass orientation (IGRF corrected)
      0  45.1  87.0   0.0   0.0   1.0
NRM    269.9  40.7 269.9  40.7 6.15E-03 000.7 220.7  34.6 5.867986 3.697456 4.230561 hargrave 2019-12-18 16:46:37 
100.00 269.7  38.7 269.7  38.7 6.03E-03 000.7 223.0  35.4 5.158807 4.088299 2.885988 hargrave 2019-12-19 10:10:46 
100.10 268.2  37.2 268.2  37.2 5.92E-03 000.6 225.3  35.1 3.961719 3.540128 2.893559 hargrave 2019-12-19 15:00:13 
200.10 272.1  39.9 272.1  39.9 5.41E-03 000.6 220.6  36.4 2.994334 3.708516 2.587941 hargrave 2019-12-20 10:13:44 
200.00 273.7  38.4 273.7  38.4 5.46E-03 000.5 221.3  38.3 2.351228 2.940267 2.621389 hargrave 2019-12-20 13:22:13 
300.00 277.3  37.8 277.3  37.8 5.26E-03 000.4 219.8  41.0 2.052843 2.520383 2.631568 hargrave 2019-12-20 17:16:03 
100.20 278.5  40.3 278.5  40.3 5.19E-03 000.4 216.5  40.1 1.882915 2.754600 2.453435 hargrave 2019-12-21 11:48:18 
300.10 275.9  39.4 275.9  39.4 5.04E-03 000.5 219.0  39.2 2.501145 3.125445 2.107541 hargrave 2019-12-21 15:04:50 
400.10 277.2  43.8 277.2  43.8 4.51E-03 000.5 213.8  37.2 1.873904 2.831516 2.266843 hargrave 2019-12-22 12:18:09 
400.00 279.4  39.6 279.4  39.6 4.65E-03 000.5 216.7  41.2 1.926636 2.727430 2.443125 hargrave 2019-12-22 14:57:02 
425.00 281.3  38.4 281.3  38.4 4.55E-03 000.5 216.6  43.1 1.904848 2.627423 2.390491 hargrave 2019-12-23 10:52:16 
300.20 279.3  41.2 279.3  41.2 4.34E-03 000.5 215.1  40.1 1.983365 2.808179 2.375144 hargrave 2019-12-23 13:56:44 
425.10 278.7  43.5 278.7  43.5 4.12E-03 000.6 213.3  38.3 1.940393 2.892463 2.686656 hargrave 2019-12-24 01:48:14 
450.10 276.6  44.8 276.6  44.8 3.91E-03 000.6 213.2  36.3 1.671330 2.434444 2.601883 hargrave 2019-12-24 11:47:54 
450.00 283.3  42.3 283.3  42.3 4.13E-03 000.6 211.4  41.5 1.982324 2.617368 2.504654 hargrave 2019-12-25 12:31:04 
475.00 282.3  38.4 282.3  38.4 4.08E-03 000.6 215.9  43.6 2.212733 2.737319 2.882375 hargrave 2019-12-25 16:07:50 
425.20 280.6  44.1 280.6  44.1 3.77E-03 000.6 211.4  38.8 1.794159 2.700210 2.531959 hargrave 2019-12-26 10:56:02 
475.10 274.9  45.3 274.9  45.3 3.51E-03 000.7 213.6  35.0 2.054760 2.771063 2.778396 hargrave 2019-12-26 14:53:53 
500.10 271.7  50.5 271.7  50.5 3.16E-03 000.8 210.4  30.1 2.347616 2.624889 2.891774 hargrave 2019-12-27 12:28:58 
500.00 281.3  40.6 281.3  40.6 3.45E-03 000.7 214.3  41.6 2.504338 2.821834 2.810472 hargrave 2019-12-27 16:26:21 
520.00 282.8  39.2 282.8  39.2 3.26E-03 000.7 214.7  43.4 2.259213 2.587276 2.539260 hargrave 2019-12-28 16:04:25 
475.20 268.7  48.6 268.7  48.6 2.72E-03 000.8 213.4  29.6 2.307989 2.092167 2.574592 hargrave 2019-12-29 14:38:02 
520.10 244.3  54.5 244.3  54.5 2.30E-03 000.7 214.3  13.5 1.572300 1.946650 2.334868 hargrave 2019-12-30 11:01:57 
530.10 221.8  51.2 221.8  51.2 2.12E-03 000.6 218.7  00.3 1.200317 1.403375 2.071254 hargrave 2019-12-30 14:55:19 
530.00 273.2  46.4 273.2  46.4 2.44E-03 000.7 213.5  33.4 1.717628 1.467039 2.086841 hargrave 2019-12-30 21:09:42 
540.00 287.6  38.6 287.6  38.6 1.87E-03 000.6 211.6  46.4 1.239860 0.969168 1.128150 hargrave 2020-01-01 10:13:39 
520.20 168.2  39.4 168.2  39.4 1.56E-03 000.5 212.3 -37.8 0.767262 0.433077 1.055444 hargrave 2020-01-01 13:42:09 
540.10 145.3  10.3 145.3  10.3 3.62E-03 000.4 217.2 -73.3 1.885544 1.672083 1.765214 hargrave 2020-01-01 17:37:46 
550.10 139.3  00.5 139.3  00.5 5.95E-03 000.4 229.8 -84.5 3.149564 2.651513 2.243516 hargrave 2020-01-02 13:08:20 
550.00 274.9  43.5 274.9  43.5 6.20E-04 000.4 215.5  36.1 0.097758 0.306167 0.366563 hargrave 2020-01-02 17:37:27 
553.00 294.8  35.2 294.8  35.2 7.65E-04 000.4 207.9  52.7 0.130416 0.452913 0.280194 hargrave 2020-01-03 11:13:08 
540.20 137.7  00.1 137.7  00.1 5.45E-03 000.4 220.0 -86.0 2.636692 2.353361 1.536339 hargrave 2020-01-03 14:40:38 
553.10 131.9  02.3 131.9  02.3 5.82E-03 000.3 172.9 -88.7 2.425489 2.375570 2.679479 hargrave 2020-01-14 15:32:21 
556.10 129.4  05.1 129.4  05.1 6.31E-03 000.4 146.4 -85.0 2.837687 3.015903 0.525146 hargrave 2020-01-18 14:29:18 
556.00 288.7  38.9 288.7  38.9 6.28E-04 000.5 205.7  44.7 0.243769 0.179698 0.447772 hargrave 2020-01-19 10:54:54 
559.00 291.6  30.5 291.6  30.5 5.60E-04 000.5 210.1  53.0 0.254932 0.162674 0.365023 hargrave 2020-01-19 14:19:45 
553.20 128.7  03.1 128.7  03.1 6.82E-03 000.4 121.8 -86.0 3.028731 3.151996 0.542942 hargrave 2020-01-20 10:52:44 
559.10 135.6 -02.0 135.6 -02.0 7.95E-03 000.4 206.5 -88.9 4.760538 3.782139 3.556232 hargrave 2020-01-20 15:09:26 
562.10 134.8 -01.8 134.8 -01.8 7.89E-03 000.4 163.7 -88.8 4.272373 3.560014 2.204288 hargrave 2020-01-21 08:50:25 
562.00 284.9  44.7 284.9  44.7 2.38E-04 000.4 208.0  40.5 0.088444 0.107314 0.127321 hargrave 2020-01-21 12:36:56 
565.00 278.2  37.3 278.2  37.3 2.41E-04 000.5 219.9  41.9 0.101598 0.122795 0.129306 hargrave 2020-01-21 15:41:41 
559.20 135.0 -00.8 135.0 -00.8 8.05E-03 000.4 178.4 -87.8 4.496286 3.838883 2.426940 hargrave 2020-01-22 10:45:03 
565.10 134.2 -01.5 134.2 -01.5 8.28E-03 000.4 149.2 -88.2 4.561130 3.872108 2.279336 hargrave 2020-01-22 14:48:31 
570.10 134.8 -02.3 134.8 -02.3 8.54E-03 000.4 154.5 -89.3 4.831905 4.028250 2.878888 hargrave 2020-01-23 12:08:57 
570.00 242.8  57.6 242.8  57.6 1.00E-04 000.5 211.5  12.0 0.072361 0.034273 0.077021 hargrave 2020-01-23 16:02:04 
575.00 285.4  41.5 285.4  41.5 1.19E-04 000.7 210.6  43.2 0.098112 0.058809 0.083026 hargrave 2020-01-24 10:59:35 
565.20 135.8 -01.8 135.8 -01.8 8.50E-03 000.4 210.5 -88.6 4.840345 4.274335 2.781194 hargrave 2020-01-24 14:52:15 
575.10 135.1 -02.0 135.1 -02.0 8.68E-03 000.4 178.6 -89.0 4.913520 4.335536 2.527882 hargrave 2020-01-25 14:28:19 
580.10 133.9 -01.7 133.9 -01.7 8.72E-03 000.4 137.8 -88.3 4.784602 4.215550 2.189126 hargrave 2020-01-26 12:30:07 
580.00 263.5  40.9 263.5  40.9 7.97E-05 000.6 223.3  30.2 0.053630 0.026456 0.064395 hargrave 2020-01-26 16:02:37 
585.00 263.4  47.5 263.4  47.5 7.76E-05 000.6 216.6  27.1 0.066049 0.045311 0.057376 hargrave 2020-01-27 12:45:35 
575.20 133.9 -02.1 133.9 -02.1 8.64E-03 000.4 129.3 -88.5 4.645059 4.138020 2.587307 hargrave 2020-01-28 08:39:26 
585.10 134.5 -02.7 134.5 -02.7 8.68E-03 000.4 118.8 -89.3 4.921307 4.414322 2.759005 hargrave 2020-01-30 12:49:15 
