BD7- 3b mag compass orientation (IGRF corrected)
      0  21.1  88.0   0.0   0.0   1.0
NRM    296.6  54.9 296.6  54.9 1.31E-02 000.6 176.0  36.9 5.356104 9.338159 10.09063 hargrave 2019-12-18 16:52:33 
100.00 298.8  54.8 298.8  54.8 1.31E-02 000.4 174.5  36.9 1.488375 7.714165 7.867024 hargrave 2019-12-19 10:16:44 
100.10 290.4  55.7 290.4  55.7 1.30E-02 000.4 180.5  36.3 1.331031 6.590336 7.449471 hargrave 2019-12-19 15:05:26 
200.10 296.1  56.7 296.1  56.7 1.24E-02 000.4 176.7  35.1 1.293181 6.488915 7.157091 hargrave 2019-12-20 10:18:55 
200.00 294.0  55.8 294.0  55.8 1.26E-02 000.3 178.0  36.1 1.066687 5.251805 7.009716 hargrave 2019-12-20 13:28:12 
300.00 297.1  54.8 297.1  54.8 1.22E-02 000.3 175.7  37.0 1.036606 4.217232 6.808921 hargrave 2019-12-20 17:22:04 
100.20 296.2  55.6 296.2  55.6 1.21E-02 000.3 176.5  36.3 1.031308 4.275654 7.048318 hargrave 2019-12-21 11:53:36 
300.10 293.9  57.3 293.9  57.3 1.17E-02 000.4 178.2  34.6 1.503158 4.373314 6.959944 hargrave 2019-12-21 15:09:44 
400.10 298.3  61.5 298.3  61.5 1.07E-02 000.4 176.1  30.2 1.221928 3.829031 6.582254 hargrave 2019-12-22 12:23:19 
400.00 296.7  57.4 296.7  57.4 1.11E-02 000.3 176.3  34.5 0.948835 4.140962 6.430800 hargrave 2019-12-22 15:02:10 
425.00 294.6  55.9 294.6  55.9 1.11E-02 000.4 177.5  36.1 1.461839 4.744156 6.219304 hargrave 2019-12-23 10:58:13 
300.20 301.5  58.3 301.5  58.3 1.06E-02 000.4 173.5  33.1 1.686274 5.196551 6.290618 hargrave 2019-12-23 14:01:54 
425.10 294.3  61.6 294.3  61.6 1.00E-02 000.4 178.2  30.3 2.057496 4.783801 6.400804 hargrave 2019-12-24 01:53:21 
450.10 303.0  63.6 303.0  63.6 9.55E-03 000.4 174.0  27.8 1.663030 2.716803 6.513641 hargrave 2019-12-24 11:53:50 
450.00 293.4  57.8 293.4  57.8 1.02E-02 000.4 178.5  34.1 2.485487 4.727114 6.140108 hargrave 2019-12-25 12:36:11 
475.00 300.3  55.5 300.3  55.5 1.00E-02 000.4 173.6  35.9 2.704801 4.671882 6.042259 hargrave 2019-12-25 16:12:59 
425.20 303.0  61.3 303.0  61.3 9.28E-03 000.5 173.5  30.0 2.155696 5.036481 6.139903 hargrave 2019-12-26 11:01:16 
475.10 305.6  67.0 305.6  67.0 8.66E-03 000.5 173.8  24.2 2.149560 4.557160 6.336581 hargrave 2019-12-26 14:59:00 
500.10 297.8  79.6 297.8  79.6 7.50E-03 000.6 178.8  12.3 2.234923 3.908741 6.199870 hargrave 2019-12-27 12:34:07 
500.00 300.1  58.6 300.1  58.6 8.41E-03 000.5 174.4  33.0 2.487527 4.372179 5.783896 hargrave 2019-12-27 16:31:28 
520.00 300.8  56.2 300.8  56.2 7.60E-03 000.5 173.4  35.3 2.611038 3.484331 5.123089 hargrave 2019-12-28 16:09:38 
475.20 299.7  75.4 299.7  75.4 6.39E-03 000.5 177.7  16.5 1.889565 2.781019 4.978802 hargrave 2019-12-29 14:43:12 
520.10 119.0  73.4 119.0  73.4 6.07E-03 000.4 182.3 -14.4 0.837594 1.875667 4.484718 hargrave 2019-12-30 11:07:05 
530.10 107.4  59.9 107.4  59.9 6.27E-03 000.4 177.9 -28.0 0.713128 2.143121 3.876318 hargrave 2019-12-30 15:00:31 
530.00 302.8  66.2 302.8  66.2 6.08E-03 000.5 174.8  25.3 2.122830 1.928060 4.871614 hargrave 2019-12-30 21:14:52 
540.00 293.1  57.6 293.1  57.6 5.14E-03 000.5 178.7  34.4 1.962727 2.387679 3.830238 hargrave 2020-01-01 10:18:47 
520.20 111.6  47.7 111.6  47.7 5.25E-03 000.4 180.4 -40.3 1.703679 1.564225 2.516023 hargrave 2020-01-01 13:47:16 
540.10 111.2  19.2 111.2  19.2 9.20E-03 000.4 180.3 -68.8 4.209397 4.018798 2.049021 hargrave 2020-01-01 17:42:58 
550.10 109.3  03.0 109.3  03.0 1.63E-02 000.4 159.6 -84.7 7.621825 6.803480 2.861373 hargrave 2020-01-02 13:13:30 
550.00 104.9  62.7 104.9  62.7 2.08E-03 000.6 176.9 -25.2 1.105558 1.216809 1.376278 hargrave 2020-01-02 17:42:38 
553.00 292.2  71.4 292.2  71.4 1.58E-03 000.4 179.6  20.6 0.657687 0.687404 1.091582 hargrave 2020-01-03 11:18:16 
540.20 110.0  02.7 110.0  02.7 1.26E-02 000.4 167.2 -85.2 6.192730 5.753243 2.899883 hargrave 2020-01-03 14:45:47 
553.10 139.5 -26.4 139.5 -26.4 2.70E-02 000.3 172.7 -88.4 10.89657 11.84002 5.741309 hargrave 2020-01-14 15:15:05 
556.10 138.5 -27.1 138.5 -27.1 1.82E-02 000.3 129.7 -88.6 7.771696 7.891791 2.786319 hargrave 2020-01-18 14:10:26 
556.00 055.0  37.5 055.0  37.5 3.72E-04 000.5 125.9  12.8 0.059223 0.143679 0.297427 hargrave 2020-01-19 10:37:42 
559.00 028.6  41.8 028.6  41.8 3.98E-04 000.5 123.6  33.3 0.091749 0.147964 0.306430 hargrave 2020-01-19 14:02:39 
553.20 138.6 -25.2 138.6 -25.2 1.73E-02 000.3 159.9 -87.0 7.278463 7.457684 1.980064 hargrave 2020-01-20 10:33:55 
559.10 110.7 -03.8 110.7 -03.8 2.20E-02 000.4 012.5 -88.2 10.45281 9.911504 5.791364 hargrave 2020-01-20 15:12:26 
562.10 109.4 -02.8 109.4 -02.8 2.17E-02 000.4 064.2 -88.2 9.882342 9.528087 3.070259 hargrave 2020-01-21 08:53:22 
562.00 104.1  18.7 104.1  18.7 2.77E-04 000.4 161.9 -68.2 0.119483 0.140227 0.050708 hargrave 2020-01-21 12:39:54 
565.00 113.2  33.8 113.2  33.8 1.87E-04 000.5 182.9 -54.1 0.114563 0.133979 0.052506 hargrave 2020-01-21 15:44:39 
559.20 109.1 -02.9 109.1 -02.9 2.16E-02 000.4 064.4 -87.8 10.29336 9.860700 3.235000 hargrave 2020-01-22 10:48:00 
565.10 109.8 -03.0 109.8 -03.0 2.22E-02 000.4 053.8 -88.4 10.43334 10.05280 3.589026 hargrave 2020-01-22 14:51:34 
570.10 110.8 -03.6 110.8 -03.6 2.23E-02 000.4 009.1 -88.3 10.34252 10.15157 3.871987 hargrave 2020-01-23 12:11:54 
570.00 115.7  14.9 115.7  14.9 1.79E-04 000.6 195.0 -72.5 0.140046 0.140370 0.036323 hargrave 2020-01-23 16:05:02 
575.00 126.4  27.9 126.4  27.9 9.24E-05 000.9 205.2 -56.7 0.139683 0.080921 0.027528 hargrave 2020-01-24 11:03:24 
565.20 110.8 -03.3 110.8 -03.3 2.22E-02 000.4 013.4 -88.6 10.63811 10.42073 4.300022 hargrave 2020-01-24 14:55:15 
575.10 110.8 -03.6 110.8 -03.6 2.22E-02 000.4 010.6 -88.4 10.87383 10.84313 4.448592 hargrave 2020-01-25 14:31:16 
580.10 109.9 -02.4 109.9 -02.4 2.23E-02 000.4 071.2 -88.7 10.80754 10.63646 3.824920 hargrave 2020-01-26 12:33:06 
580.00 125.3  22.9 125.3  22.9 1.11E-04 000.7 208.4 -61.5 0.093176 0.113495 0.029547 hargrave 2020-01-26 16:05:35 
585.00 102.4  35.7 102.4  35.7 1.04E-04 000.5 168.6 -51.4 0.053951 0.071690 0.032718 hargrave 2020-01-27 12:48:35 
575.20 110.3 -03.0 110.3 -03.0 2.21E-02 000.4 037.2 -88.7 10.29730 10.32130 3.539263 hargrave 2020-01-28 08:42:29 
585.10 109.8 -03.0 109.8 -03.0 2.26E-02 000.4 052.4 -88.3 9.742736 10.01466 3.966679 hargrave 2020-01-30 12:52:14 
